true,pred
58.0,60.49526721327055
58.0,77.59965487016387
73.0,78.44731092767825
73.0,52.90437618738912
59.0,59.8455868370915
59.0,67.3821953796404
69.0,71.55379976197611
69.0,78.01935327198947
55.0,53.77789255294033
55.0,77.72905405010818
25.0,22.697105805917488
25.0,89.42155895934246
53.0,59.91352376415199
53.0,54.45515419052515
78.0,83.84064582771822
78.0,37.02009992767228
68.0,73.25875753097682
68.0,59.165633338668954
88.0,93.23523974532594
88.0,95.99551877927576
67.0,71.5169763312598
67.0,23.587577076037462
72.0,77.75790192561914
72.0,40.884532581954204
58.0,58.902181382387994
58.0,55.41303209452002
67.0,67.6497128855438
67.0,41.876610783246974
65.0,69.73684704455712
65.0,78.80679106420081
40.0,44.29215591021779
40.0,74.72919963767481
73.0,80.65495039831484
73.0,74.54125303039996
69.0,77.81181020370622
69.0,70.66381292076272
74.0,80.76065622281186
74.0,70.75675723300174
32.0,36.23783617940842
32.0,64.1563601886682
60.0,61.1883716462234
60.0,51.862515288763916
38.0,42.80372011001964
38.0,80.7919327584168
59.0,59.76754289900765
59.0,88.46515110649398
55.0,58.62443902753904
55.0,70.30175143606044
67.0,67.36737681654819
67.0,88.25740322606254
80.0,88.5517838628947
80.0,82.89149383350679
33.0,27.748152853366037
33.0,80.57215809049615
43.0,40.078453672735634
43.0,57.37768406145568
35.0,31.1085671054754
35.0,73.64402516305023
45.0,47.768975712824954
45.0,88.17447484429147
71.0,74.05117704570426
71.0,84.03423229591897
58.0,58.44575251460634
58.0,53.85917516618355
66.0,69.35168233036637
66.0,69.9596238262967
43.0,42.976699200757935
43.0,84.15735959929094
76.0,80.88282605500399
76.0,84.10189428429129
51.0,56.51748329505432
51.0,89.73462128486489
67.0,73.34676672411263
67.0,63.73499552554273
45.0,39.27344001382977
45.0,68.80129155212154
72.0,76.76327801558057
72.0,20.43242848617666
46.0,52.69522243671122
46.0,76.66514614820068
62.0,61.575922264681935
62.0,84.06797098097178
38.0,36.395002659038994
38.0,59.45865987401277
60.0,64.69868315275761
60.0,74.51528901395005
67.0,72.70667798691994
67.0,70.48106275324017
68.0,70.78927937328825
68.0,60.50194400295459
32.0,32.5934237061619
32.0,66.77552205406408
54.0,58.01430138601063
54.0,13.407056416938588
39.0,37.57014348351902
39.0,75.48681193759325
25.0,21.346651766140212
25.0,50.36390636896715
7.0,8.596344584250176
7.0,76.41693601582881
57.0,60.88784787604362
57.0,64.43661123448243
52.0,53.93257847222162
52.0,52.70471994953385
64.0,64.85070313634282
64.0,31.283562961614166
71.0,77.7880237406967
71.0,65.13515090621871
75.0,82.32365207221983
75.0,63.88101730906715
66.0,67.93181727207673
66.0,31.804854584596512
38.0,37.639400006644166
38.0,84.41776143184148
62.0,67.31268119360738
62.0,87.22735351521476
43.0,46.48326244820828
43.0,84.3154753224685
65.0,68.84000060647566
65.0,79.82099283910759
65.0,70.74230158157047
65.0,69.29489544832961
58.0,60.24460546976627
58.0,68.06670111747104
59.0,59.78715699421633
59.0,76.46189834964525
42.0,36.72102249114397
42.0,72.00465688551645
78.0,84.33801828020825
78.0,61.55315444171799
31.0,35.098350941146066
31.0,85.01147613136612
58.0,54.75263250111237
58.0,69.00323817669596
58.0,58.29183243989968
58.0,48.43311842956683
41.0,45.97232032523169
41.0,54.33634298514761
69.0,77.85311186905807
69.0,70.21793744309633
70.0,74.61051185201939
70.0,65.50405247130118
63.0,64.73622184021212
63.0,76.98031796450181
65.0,72.91714714158502
65.0,71.33417306320104
18.0,13.746003557039217
18.0,77.26063489365873
74.0,78.4309604769897
74.0,69.23805396266977
74.0,80.8388460267492
74.0,77.37033942142153
61.0,65.67608660221583
61.0,44.69094961675364
31.0,33.373759828877155
31.0,63.07720546580856
68.0,73.87725185365241
68.0,61.42570622485289
23.0,18.31000074236846
23.0,73.59291101922787
22.0,14.600643768800467
22.0,76.32401773612196
25.0,17.95823395862726
25.0,69.07890717547428
73.0,77.22754099515299
73.0,85.41676904924344
75.0,80.8817450628585
75.0,76.57852746771539
51.0,50.04409365898192
51.0,61.75843630163314
69.0,72.8992110278163
69.0,54.92517455521306
78.0,86.13668283534366
78.0,68.79105148417591
67.0,72.20400000572232
67.0,70.40574338427024
43.0,41.915050786920744
43.0,37.83440333105301
60.0,63.58506783997268
60.0,46.891071989747104
45.0,44.92201264625248
45.0,58.80246198065754
53.0,54.14972998889675
53.0,2.8053895949664707
63.0,67.92298030457334
63.0,59.87392276853382
68.0,74.48865331499331
68.0,45.699357628440225
64.0,68.62545943490528
64.0,78.09742374168792
11.0,8.883373449346152
11.0,64.79670908076747
61.0,63.40939853069011
61.0,29.99283350672806
72.0,77.47593798952408
72.0,81.11133506359806
39.0,30.18573153405407
39.0,59.145126768731586
36.0,35.026777495014755
36.0,63.34568054418287
69.0,73.04129369660416
69.0,57.106683406631475
75.0,80.45129478759543
75.0,71.87895812847842
74.0,82.50052396142024
74.0,48.69668420844005
66.0,69.38315521261433
66.0,74.55136442218662
40.0,37.78160970291981
40.0,53.81349356054233
70.0,74.93785931011212
70.0,80.0036672024305
79.0,82.37632910347872
79.0,72.31465176036926
34.0,33.20593101467841
34.0,43.92521871284788
57.0,53.073785097911696
57.0,86.07636491657291
72.0,77.4617717661946
72.0,51.30020577392827
71.0,76.94895112777834
71.0,75.86302807855918
75.0,80.22542631029336
75.0,68.48166050542613
68.0,78.72159507146705
68.0,72.381791142493
67.0,72.9283866702238
67.0,35.2588061577361
53.0,51.710597843391895
53.0,47.89653775461784
65.0,66.07401014002994
65.0,70.36823154578002
34.0,41.53811836371409
34.0,70.67639664093025
71.0,73.96716581825586
71.0,70.36341455318626
37.0,36.894927145310305
37.0,32.569211103651526
64.0,71.392626067288
64.0,8.883373449346152
75.0,78.06058887482709
75.0,30.125829372113913
73.0,78.3280863807309
73.0,14.121554747597202
76.0,81.78099479545097
76.0,51.38213700359955
62.0,65.61492288578359
62.0,64.59510759370676
61.0,62.894404917980864
61.0,40.36816192677236
38.0,43.10260602169228
38.0,59.77740912145697
79.0,85.5673270533419
79.0,61.36536651590552
63.0,66.17620093447442
63.0,77.11060028511275
60.0,63.576996220069304
60.0,83.05234819137678
68.0,70.50288130376532
68.0,77.0238724914887
71.0,73.05271668837565
71.0,48.22805239110238
27.0,28.585072229539662
27.0,61.81113714009467
66.0,68.42090968812852
66.0,62.23065263627933
68.0,69.8753611128501
68.0,75.55531460639509
68.0,68.0979461295754
68.0,76.06212579420946
29.0,25.54821461745712
29.0,85.45478562129739
61.0,65.75013239797914
61.0,58.12152004565502
80.0,86.47855065122161
80.0,65.48160119757028
58.0,57.98791932988871
58.0,80.93942295105626
59.0,64.32182123804148
59.0,38.39276922797154
51.0,50.07843007242087
51.0,57.71187636284304
51.0,50.21752426445619
51.0,76.26935646344924
55.0,58.01043263794196
55.0,88.54693545544512
30.0,31.920518511439468
30.0,76.3454234179905
72.0,79.97393376667691
72.0,89.12479124964011
56.0,55.221591339059614
56.0,76.28863823382983
63.0,63.19597424718023
63.0,31.03488549708527
63.0,71.6017458535124
63.0,68.65509323910362
67.0,67.55188041084517
67.0,76.01176446056832
63.0,66.46868764104698
63.0,77.2638053802159
80.0,86.90024189442818
80.0,74.88649470415436
34.0,32.10953617972507
34.0,66.58056960146678
69.0,72.9804141899009
69.0,32.85968277275083
62.0,67.18148045932548
62.0,33.6546706245137
27.0,20.30065465216842
27.0,69.23790399095589
70.0,76.44846311064231
70.0,72.17758331279526
67.0,71.17392641179254
67.0,70.17344357142281
58.0,61.94361838261824
58.0,77.53933077849257
50.0,52.999938705811644
50.0,57.790484972922286
77.0,84.72313484678511
77.0,78.08592903149616
51.0,58.21044211739593
51.0,70.0361885891138
78.0,83.89282824266905
78.0,38.08945153004578
70.0,76.36082870834105
70.0,67.59873552249366
62.0,65.96357138887447
62.0,65.10048235286547
36.0,24.339390657754734
36.0,66.10038171213466
73.0,80.1504319478637
73.0,64.39498720212828
15.0,11.918406094494344
15.0,74.33442052202776
73.0,75.65488646364417
73.0,75.20246762771256
50.0,55.46073174196516
50.0,75.29479713442635
41.0,37.521524815077555
41.0,74.24858570661684
69.0,73.07102340132712
69.0,49.76424049968665
40.0,39.75040922977581
40.0,73.55119485697332
78.0,87.53053771107489
78.0,1.2189766243032523
70.0,77.5398838462524
70.0,59.258463388579344
67.0,75.46121379738958
67.0,51.97234120842268
41.0,36.21354637518601
41.0,17.138405121282176
76.0,79.71884205685632
76.0,28.149570685096364
55.0,50.40017100916202
55.0,29.853762773284245
54.0,50.67916666329114
54.0,87.38646964812307
74.0,80.09359486153363
74.0,45.8879390756486
69.0,71.10404443845869
69.0,70.68378962554772
21.0,18.443443247619314
21.0,63.620363217875195
46.0,45.10877877716234
46.0,85.58329709967069
60.0,62.889341958572516
60.0,53.16834823677715
30.0,29.07245854901703
30.0,43.952168669869195
63.0,68.76947846097863
63.0,34.571370874134175
79.0,87.23356002198398
79.0,53.738859455883926
77.0,84.17932610201541
77.0,84.90732280736097
58.0,59.34934091655657
58.0,90.29310738517495
57.0,64.46520762140847
57.0,66.44692563820519
62.0,68.23861819191927
62.0,75.49807823547866
28.0,13.485514563862239
28.0,80.49149358175777
64.0,71.2653589596382
64.0,49.08031114147019
62.0,61.16683001706389
62.0,58.33496217693522
58.0,63.26924528219388
58.0,63.034352065387
71.0,75.91097421649283
71.0,66.2703866426217
46.0,40.51704229943738
46.0,65.94109543535905
57.0,60.93551990262
57.0,57.376906379870206
65.0,68.63390702798864
65.0,69.55242815413465
55.0,52.74420721909871
55.0,74.37598880349219
70.0,74.36730410619293
70.0,72.10525966665296
71.0,75.7626991691584
71.0,80.48427436239899
66.0,69.87121153082563
66.0,30.733249893205198
50.0,48.24120834804211
50.0,46.37307517251395
47.0,49.594731324705435
47.0,58.48652941176073
60.0,61.31524103001698
60.0,51.574793184886005
33.0,36.28655147566167
33.0,76.06558989099273
60.0,66.61476529417132
60.0,59.84838185588393
69.0,75.61909619526506
69.0,8.070832027940867
58.0,57.55418407654298
58.0,64.44134029852955
73.0,79.40969830104274
73.0,43.37830148633748
68.0,74.73042857877516
68.0,85.60307974104177
45.0,42.824206870077944
45.0,82.76734178806015
62.0,63.43433292765252
62.0,57.10012915496901
61.0,65.17524869075902
61.0,59.895285046138895
31.0,26.231762838667862
31.0,80.25907187881853
59.0,62.7652715182341
59.0,68.8128372600309
58.0,62.68342675410969
58.0,53.871052577698265
56.0,63.21540251862325
56.0,75.53641868672594
58.0,57.712753658328495
58.0,73.2710291435991
58.0,56.341436880266144
58.0,63.34919069661754
76.0,82.76147269255256
76.0,29.076554449947594
50.0,48.04856094089496
50.0,35.25685764711017
66.0,71.64633295518473
66.0,65.41851187427977
65.0,65.20291187813154
65.0,82.35543675203877
69.0,73.74236825973736
69.0,19.882057127501582
60.0,62.5089105751087
60.0,57.071280157995716
63.0,69.69071775552311
63.0,15.554935762240916
61.0,66.14224387210487
61.0,87.54127815449328
54.0,54.68654754577483
54.0,64.3286556327385
66.0,65.51053813644614
66.0,81.14066875278058
44.0,47.957432700786626
44.0,63.268922692207866
69.0,76.62796411128761
69.0,83.6623673272561
68.0,74.62781318726883
68.0,54.624883757812086
75.0,81.857155720143
75.0,76.49558478898666
41.0,37.91322367091357
41.0,75.37099635736973
68.0,70.99881742828791
68.0,21.846348933719582
54.0,57.18960167838833
54.0,89.30856771035576
69.0,76.55939784433025
69.0,39.25399377675194
66.0,71.08426693759424
66.0,60.93252138978477
37.0,37.61625993425838
37.0,59.205822110452516
64.0,69.68620656966868
64.0,83.50576622605382
35.0,43.68955624406584
35.0,77.32158635525161
80.0,87.71725587048758
80.0,63.800260752641975
76.0,81.31733574547968
76.0,65.29409705523551
64.0,69.54080637174877
64.0,29.461986112942554
81.0,87.74566178999561
81.0,92.95894453742608
68.0,71.59180971860206
68.0,71.75506309032727
73.0,80.78510400616267
73.0,59.994933056962964
80.0,86.90063842284036
80.0,70.04761355862632
65.0,72.04009655433725
65.0,69.55709291153522
52.0,44.28372345795617
52.0,88.55985801448406
63.0,65.18721246411252
63.0,48.87021882150543
24.0,22.14390501068783
24.0,26.783019227984425
55.0,53.5192856633808
55.0,77.47481966056176
57.0,64.06727607286325
57.0,70.99076706232398
61.0,66.08333846515563
61.0,13.855866185803563
47.0,53.84424886006974
47.0,70.50958009733961
68.0,74.42552435849342
68.0,56.045645620425944
35.0,28.924494376405733
35.0,84.73810980682032
21.0,16.74970665334837
21.0,7.664173429501602
55.0,56.50074755446025
55.0,25.27870012586908
70.0,73.47572383580223
70.0,58.421878058068046
54.0,58.269828972136565
54.0,54.0998131004859
62.0,66.2031451136719
62.0,69.70200420497247
62.0,65.20433645632153
62.0,58.79469095374043
48.0,54.96128047435644
48.0,38.76046036784663
65.0,67.96189088696377
65.0,76.99125889451858
66.0,75.0938016287214
66.0,43.322203762679806
50.0,51.94922962770141
50.0,73.86853362548987
64.0,64.11492686856258
64.0,76.80716208186323
69.0,73.57517023094476
69.0,49.3970092320925
76.0,84.88095829117998
76.0,83.47261269476735
65.0,71.5874197602642
65.0,74.45910614522893
81.0,89.46996299418737
81.0,71.38573998099105
42.0,42.3724598312499
42.0,56.515579628553894
57.0,62.520488038787164
57.0,27.687715501535138
74.0,80.50499613497396
74.0,25.57736937453467
50.0,45.70042221489439
50.0,78.29174699255753
66.0,72.50218197311347
66.0,67.56798988286795
73.0,82.71758674087022
73.0,69.70519686310467
54.0,53.42359807331087
54.0,67.65195752178113
67.0,74.89450375146538
67.0,71.1396086023023
59.0,63.596590109526915
59.0,77.06562492670429
74.0,81.6001878120814
74.0,76.19184052530619
39.0,31.092095812639002
39.0,35.20571980543582
49.0,53.13163378623079
49.0,67.11341441533824
53.0,49.73583014241086
53.0,62.88352605523659
78.0,83.99987737674184
78.0,68.74059110601826
34.0,32.10953617972507
34.0,37.41602074907291
61.0,68.53663734459911
61.0,42.29231882210263
62.0,66.56871902557094
62.0,78.04022724407719
66.0,69.35203378112266
66.0,51.86235686136382
38.0,40.953742610913196
38.0,82.70044273404096
67.0,73.10399336741057
67.0,81.31612809625159
63.0,66.5258415689459
63.0,76.33596391159995
59.0,58.73787428910549
59.0,44.99493834733863
35.0,31.25194141262193
35.0,31.63635998478094
61.0,65.77739463804858
61.0,60.284110097485836
65.0,69.85625073987279
65.0,70.68936356046754
76.0,85.39796686466076
76.0,64.46966656079405
74.0,79.30571021417842
74.0,82.49865231878363
70.0,74.10318469644233
70.0,80.39060603678678
56.0,60.42339545633672
56.0,51.86452170871354
65.0,67.45646322109224
65.0,71.20735890646131
50.0,51.47376932489715
50.0,79.05063326786512
57.0,64.82721422623592
57.0,45.5121764879504
58.0,60.53282572938281
58.0,33.427171214862426
43.0,47.296902544599675
43.0,51.279200304124345
65.0,67.09799522242724
65.0,64.17721047491932
58.0,60.00499840752707
58.0,50.690968725306334
67.0,72.89292530131303
67.0,76.74764236532212
36.0,34.289571742354894
36.0,64.74822228735115
33.0,24.7478289712314
33.0,75.375019058384
62.0,65.90261987339
62.0,74.27680931888972
67.0,73.96363366425703
67.0,69.16635442466708
58.0,63.72114706802398
58.0,57.12959830394573
67.0,70.38014839311018
67.0,40.940003311888916
58.0,58.20204554426431
58.0,67.97324481303735
80.0,86.46618902391623
80.0,67.16268356926088
52.0,51.916480738524285
52.0,79.45752040549866
64.0,69.12991690812152
64.0,90.34136845904561
69.0,72.58912805908312
69.0,66.82988252114598
54.0,53.30976483864089
54.0,69.6184643954141
71.0,78.3387807761506
71.0,81.70288817826344
32.0,27.851116008991312
32.0,34.96406915614301
76.0,84.63322324447631
76.0,36.959184568767114
76.0,80.78078551188668
76.0,66.05284129190107
64.0,69.8508201656445
64.0,70.41746769205918
49.0,55.42331956267333
49.0,73.33110728557352
74.0,80.69574035965911
74.0,67.1668376235641
59.0,57.6707869974403
59.0,24.2574990078935
14.0,18.471442874567117
14.0,56.110376472082464
59.0,64.7567882320219
59.0,3.6381660749178764
67.0,71.01956157073482
67.0,75.95484623977171
69.0,74.34996425599138
69.0,79.16212159907968
68.0,71.50388811083445
68.0,54.55562032423069
47.0,44.89612100275963
47.0,74.11536701948057
70.0,77.82150470507696
70.0,57.67287695195529
43.0,44.21311645133113
43.0,64.38677777519763
65.0,70.84655801210442
65.0,85.43364899947585
37.0,40.11877495804288
37.0,61.603439768586725
68.0,76.31026573691207
68.0,79.73775813318719
71.0,76.98646369696274
71.0,72.10409156265536
47.0,41.712291238355476
47.0,60.36094531259806
71.0,79.53046323518777
71.0,69.45383685167565
39.0,40.01770866884499
39.0,71.33801017028281
60.0,59.00434191471942
60.0,47.99957956741963
74.0,82.68383346126797
74.0,73.62964395225117
67.0,75.00084032018447
67.0,68.7517009613859
41.0,36.260998169028255
41.0,75.1567827147814
65.0,73.91080785254246
65.0,69.11125382391958
64.0,64.69252867564614
64.0,68.38638997236978
68.0,75.60594406393142
68.0,52.3478081503593
67.0,72.47991917432944
67.0,71.6861349548683
64.0,69.33064583572406
64.0,55.10532584565715
70.0,74.40401479465697
70.0,75.10264151178052
59.0,62.93091202194114
59.0,73.9585887649011
74.0,80.08215650891441
74.0,69.3719836343937
75.0,82.46499217653252
75.0,65.42531315895172
60.0,62.60413735331667
60.0,56.673259877298506
61.0,67.59162650961116
61.0,77.62378093075552
49.0,55.01846642594808
49.0,71.5303448370758
59.0,60.36439670253719
59.0,69.67431143015983
58.0,57.305143887213205
58.0,67.37206841472101
66.0,69.68861123313155
66.0,56.57572412416744
68.0,71.24227569390735
68.0,50.29223328001842
65.0,66.86881903992202
65.0,19.292510372593256
69.0,70.76945829627573
69.0,66.87771348850907
66.0,72.7096183381206
66.0,70.33572114057341
55.0,57.71667239066579
55.0,81.9484230720617
22.0,18.486718336749163
22.0,21.412025992713154
71.0,74.94345417591148
71.0,76.43099147474192
69.0,73.23901054969093
69.0,89.90988132794541
74.0,79.11787655067263
74.0,59.259101575254306
36.0,28.675016832512767
36.0,47.39906524839381
29.0,29.419848837680092
29.0,44.07728298559459
55.0,55.173002702790825
55.0,55.91196239128385
33.0,23.679082710767716
33.0,9.753207939415518
73.0,79.8811973969319
73.0,53.548075377001965
50.0,51.86132734637221
50.0,17.154372593622213
30.0,19.46750019632026
30.0,59.60481883516138
48.0,48.28269002124637
48.0,73.48248386596651
56.0,57.11722844663757
56.0,81.30303381136497
69.0,73.82830992448504
69.0,70.97533132635397
66.0,69.95499288240813
66.0,65.96420727772608
39.0,31.94566937615724
39.0,52.27804090103746
57.0,61.49003715927046
57.0,69.13076121190716
42.0,33.21676613878378
42.0,59.4271131597834
64.0,64.39651245458941
64.0,76.24903530369147
66.0,69.02346295407426
66.0,53.88482467559413
73.0,79.1372084186491
73.0,75.5208688761279
60.0,52.58420027441815
60.0,77.9909182734786
57.0,57.98264998736414
57.0,73.79150352689368
72.0,78.16337090104923
72.0,48.85481403752124
63.0,65.31610516796974
63.0,31.574060741882022
62.0,68.05591598498921
62.0,75.90443174817955
71.0,75.75506464180421
71.0,48.8197830779402
43.0,40.258068672835634
43.0,70.83259474479655
34.0,19.767225644425935
34.0,78.03632762663358
70.0,71.81723384351164
70.0,75.50464983932551
68.0,73.43197103257529
68.0,90.34881782581164
78.0,85.86801787362668
78.0,75.47805308029268
75.0,80.00939767047197
75.0,45.5837654349757
63.0,64.69781267885526
63.0,60.79935567947115
45.0,47.408968955937496
45.0,2.107438248061783
66.0,70.27995278810891
66.0,42.02073569561952
44.0,44.550046531878024
44.0,72.18736645024251
45.0,45.686394573161465
45.0,57.79558712684815
72.0,76.61913631691073
72.0,59.94135547502606
26.0,10.318136290060352
26.0,58.147250974627525
61.0,64.66711844775301
61.0,72.32547049551101
38.0,39.646905485311834
38.0,81.26248285953227
66.0,73.78079853631908
66.0,78.43939459873462
55.0,55.76809162254847
55.0,78.56172876348012
69.0,74.12412573196622
69.0,19.319595742805916
69.0,74.03986011414582
69.0,47.22004354260429
59.0,65.14490166863061
59.0,75.26846317049069
45.0,48.39030994706053
45.0,76.41569317954827
72.0,77.6551541902353
72.0,81.44880578441956
55.0,58.546951445355035
55.0,36.41156962019818
53.0,55.20871411903562
53.0,73.06167507373607
65.0,70.50576693544951
65.0,54.24282704947683
45.0,39.36045855738399
45.0,63.97573208153659
63.0,65.49243348491507
63.0,74.42087565010036
14.0,17.098271417784474
14.0,5.918479583879673
50.0,45.522993507734725
50.0,80.89605443465013
70.0,75.5799703979539
70.0,85.1606215285434
49.0,51.627699916805
49.0,75.70117049694596
65.0,68.95745476432546
65.0,68.57519642861507
66.0,70.47398842409461
66.0,56.835943715611904
62.0,62.30007776973025
62.0,78.2809087835563
48.0,50.76195286355062
48.0,51.40839175044272
59.0,60.836514888029626
59.0,45.79451755783322
71.0,76.30004187286102
71.0,37.03878048926612
70.0,77.86275420090129
70.0,72.57716317218569
86.0,94.75537029122688
86.0,37.601306555143765
68.0,74.14405336206926
68.0,77.22285403209355
36.0,40.64521548322057
36.0,72.7939492529606
64.0,71.03055226426955
64.0,68.04437430329244
50.0,47.916029553599174
50.0,62.55774732162365
53.0,54.74022018592444
53.0,51.48757065459813
64.0,69.52489335609835
64.0,60.733955235651024
60.0,64.40480756846563
60.0,43.30170072420441
39.0,35.74439887458783
39.0,71.70007274430571
46.0,48.42870015540416
46.0,79.95318505061874
57.0,56.80091380854299
57.0,58.739328251201584
68.0,73.30671228665523
68.0,58.36650538858157
48.0,42.47450398027132
48.0,77.38388131828282
63.0,69.64767717288777
63.0,65.19025361882609
73.0,77.21059971722326
73.0,83.77990955706593
68.0,74.44774001230672
68.0,60.94544630988179
78.0,86.4023128399549
78.0,59.12753115102993
65.0,67.6170936544587
65.0,69.21437572081703
68.0,68.19713981152495
68.0,42.58031241316064
72.0,77.51384619915302
72.0,73.40732885027597
39.0,40.73355221914824
39.0,34.590129643073
74.0,80.32267626772881
74.0,60.261974778018896
68.0,75.29898075513972
68.0,53.72408514267158
31.0,31.400232566091915
31.0,78.62363113952858
55.0,55.79421358958848
55.0,45.766102270668625
19.0,17.01817205367263
19.0,68.1194532301455
61.0,62.431812465345956
61.0,70.40991368283971
18.0,12.755652305334536
18.0,63.61927579181338
19.0,0.5229625377959906
19.0,41.738270671296675
65.0,72.06901131795024
65.0,53.02057535018821
37.0,34.698394082191214
37.0,69.56332492992703
61.0,66.69736592693556
61.0,77.27893014183718
72.0,76.93158515588408
72.0,65.02200541486417
69.0,73.98785476843159
69.0,71.68283736904618
49.0,51.97960085538131
49.0,68.83853717173673
61.0,63.321081254742865
61.0,35.313123067017614
14.0,14.873404033237819
14.0,51.22878372320099
50.0,50.607828266565036
50.0,82.15533680630438
70.0,71.24623409613986
70.0,72.38373776683284
47.0,46.72498898854502
47.0,18.68638159383937
57.0,55.96046759768217
57.0,67.4862362969377
46.0,43.988161261154005
46.0,84.13992027342664
55.0,61.725792043093406
55.0,63.260141540187476
43.0,41.148259291441605
43.0,23.172130988128686
80.0,88.97524244698968
80.0,78.53610091345348
50.0,45.183079411771075
50.0,72.52861873107736
73.0,79.08339736583002
73.0,51.52875584292815
74.0,82.19637973008378
74.0,69.00950016321843
74.0,78.44310051629003
74.0,81.36105081066404
39.0,38.157058397933724
39.0,43.778334308935996
68.0,69.6883429975532
68.0,35.49503026940931
54.0,54.92018143049154
54.0,66.56011099087465
27.0,28.965810927598227
27.0,60.181248877973815
38.0,40.68168501834219
38.0,78.56439371738867
77.0,84.48070518002845
77.0,77.02391693845038
68.0,71.77950292444751
68.0,63.237752356182
53.0,54.025715542843784
53.0,52.49314075110317
65.0,66.47570209341615
65.0,60.88066508364915
45.0,54.38804861885467
45.0,74.65514628764998
78.0,87.39294199356448
78.0,61.532745202677404
73.0,75.54828325806722
73.0,81.17553560961699
60.0,64.62296384120737
60.0,74.62444757476965
66.0,70.8867799346425
66.0,70.0054611296909
81.0,89.05407682627731
81.0,48.727968210106724
48.0,40.40433853668816
48.0,80.02719950648691
64.0,67.8394543273103
64.0,34.02291747263399
67.0,70.71085251213276
67.0,52.12198182817559
59.0,62.045274618704866
59.0,63.22374311649719
76.0,83.04971920708107
76.0,74.57946592391596
71.0,76.28579118014295
71.0,51.14543201272119
30.0,24.79344916134181
30.0,56.77479850261244
29.0,26.888154743422547
29.0,86.17228731659202
15.0,8.535551468367487
15.0,30.424716004298602
75.0,82.5433040499151
75.0,84.99131327897993
31.0,22.04963706952583
31.0,28.262674363045505
53.0,56.28293484724384
53.0,74.65571340767428
76.0,78.20869428623632
76.0,77.27162326036017
66.0,68.90219931923338
66.0,55.84876578528423
67.0,69.95244700754836
67.0,9.662775784781559
44.0,49.3240976060531
44.0,85.0961176953789
59.0,60.18533135095777
59.0,41.516412217089396
67.0,73.84315395249598
67.0,63.48041495611261
59.0,61.611181513066356
59.0,49.0539351836934
66.0,68.85137760822903
66.0,77.29511929910552
22.0,9.270208421910127
22.0,86.54726377895298
44.0,46.87970172303278
44.0,29.916092673846663
63.0,63.16849174744664
63.0,54.02243110566843
72.0,74.7966646244484
72.0,50.05249826963933
62.0,61.16683001706389
62.0,27.616217442291656
75.0,79.90944781595425
75.0,68.73494494186298
66.0,67.44694366834761
66.0,61.69502935377329
53.0,61.14303907799399
53.0,69.86389371898042
60.0,55.89322749026985
60.0,82.7641831617571
58.0,58.64887174715477
58.0,45.5837654349757
52.0,52.8542508630818
52.0,70.23807850606255
69.0,74.55965216404599
69.0,85.54391005636165
61.0,60.99619608254102
61.0,68.1968896274737
46.0,41.44228442747692
46.0,66.18572288928351
72.0,75.73048866607337
72.0,56.140529092733345
68.0,69.10285715031841
68.0,72.90392825925818
63.0,69.91621600004373
63.0,49.82064547589346
67.0,71.02853235636496
67.0,73.995525054393
46.0,38.59000685543202
46.0,56.31220878189947
31.0,23.185293759325134
31.0,70.82276972897102
75.0,80.05728627021654
75.0,74.99292760739877
65.0,68.57877133268249
65.0,73.42519103613034
62.0,64.23296648912839
62.0,72.92357199109705
74.0,81.45616782742633
74.0,54.41071964534194
71.0,75.9311954478627
71.0,67.8442889405128
73.0,78.2413770787931
73.0,72.9637745545993
60.0,59.03493052002784
60.0,81.41924616963837
54.0,58.98453513677441
54.0,74.2133335115866
71.0,72.9377967762639
71.0,86.72676873594179
73.0,80.38916088458228
73.0,17.106150111218312
56.0,56.91303509247069
56.0,62.85847789072284
55.0,56.74711759624364
55.0,71.0520538625322
65.0,72.95879623537076
65.0,46.73369274013248
72.0,77.70312519341542
72.0,60.89967225485327
75.0,80.80494757891222
75.0,69.8065812067988
54.0,59.33740756260045
54.0,55.31318987134301
61.0,66.95229639957444
61.0,70.69659631213426
69.0,74.63504326360254
69.0,80.77948759239126
79.0,85.2565815588344
79.0,76.38594771686263
70.0,74.27567458580648
70.0,50.92790436484103
73.0,78.15050539674945
73.0,79.2340036948371
66.0,71.96559568808004
66.0,45.05996650795066
58.0,60.272926016017436
58.0,79.02395656427444
79.0,85.53022234461923
79.0,68.37728935514411
26.0,27.82843322821816
26.0,85.68664655659938
71.0,79.46444989638604
71.0,65.8389940862769
71.0,74.96811898419128
71.0,58.57232750217247
73.0,81.14696672419808
73.0,48.48252764764237
44.0,37.95492724987622
44.0,28.43395232056588
58.0,58.64180781535072
58.0,73.14719362806011
64.0,65.93187992265007
64.0,53.18577611013319
27.0,17.482848521921994
27.0,65.11561698714252
75.0,81.85075339556982
75.0,61.49112476773473
53.0,55.20871411903562
53.0,72.82899574375404
72.0,76.87489902160218
72.0,82.61288518908862
72.0,79.26522207121207
72.0,49.52060949356945
64.0,72.99546181975649
64.0,47.819678815575
63.0,70.92342474560098
63.0,78.13945879402928
64.0,67.85512681686606
64.0,68.36499571495744
37.0,34.110548859780295
37.0,42.57667657354364
44.0,43.77011582251248
44.0,48.65726934552231
37.0,35.80170974653436
37.0,59.22281621981148
61.0,66.68504516160783
61.0,59.100251881942484
72.0,75.28074675122167
72.0,35.12299431609745
75.0,81.61074356635697
75.0,42.298353672753535
49.0,54.497026459576034
49.0,17.291341851801178
71.0,76.64658661286813
71.0,71.94660646061595
56.0,60.7926518353637
56.0,64.46087689734765
56.0,57.24911748813088
56.0,49.83404283105705
75.0,82.4981095402718
75.0,54.05783675356906
58.0,57.49496738924603
58.0,62.567303611301554
57.0,54.58055384860762
57.0,34.85749631744392
46.0,47.662674379104715
46.0,79.76152511287529
77.0,81.32378337453315
77.0,75.65133498491286
53.0,51.48160007177523
53.0,40.44709375315364
60.0,62.00909865279601
60.0,78.03971887017798
65.0,67.47312718011142
65.0,67.04484305350758
67.0,69.16138059737887
67.0,68.92241148651527
66.0,67.83174012078217
66.0,70.91705932266228
73.0,79.74913564041492
73.0,68.9099630879715
40.0,35.6488101945306
40.0,86.5341342573679
79.0,87.17278868698395
79.0,71.3475315486341
54.0,52.86826469729834
54.0,67.33588233427298
67.0,71.60232288152883
67.0,66.93649317034476
42.0,42.04136917637146
42.0,64.69650570361688
70.0,76.74382209574327
70.0,44.639100107442744
44.0,45.47414332382874
44.0,44.7330522639914
42.0,36.90262906848727
42.0,65.40980081355161
74.0,80.98878788267064
74.0,43.165295058233255
87.0,94.8393959999076
87.0,79.63661010708796
47.0,47.256448220630205
47.0,64.99234469887944
30.0,15.88302497239107
30.0,58.28397679703863
39.0,29.15746392667478
39.0,72.93235470215484
84.0,92.02432347144196
84.0,68.88899882950182
60.0,62.17110421712903
60.0,36.849927306435234
53.0,54.93764171789178
53.0,54.54303856468317
58.0,55.80071310553791
58.0,61.849424018524815
50.0,55.16024859124252
50.0,76.22683275703577
61.0,64.79715867467951
61.0,81.35330638018087
63.0,71.38599624755216
63.0,66.76741849701807
53.0,55.128049082532016
53.0,81.08435174333022
71.0,77.00200591456576
71.0,67.58520518759428
69.0,74.14613769946573
69.0,77.26950231617923
34.0,37.81256676955178
34.0,69.57430112260636
61.0,65.2665625937043
61.0,57.7421092988057
72.0,80.08699494479873
72.0,79.46824499113171
46.0,45.19642031336821
46.0,54.73072088210046
67.0,73.77991031398346
67.0,73.2497363927169
58.0,63.13750252577728
58.0,33.607291065921345
64.0,64.96363423877051
64.0,65.89114111314268
76.0,82.05520823958881
76.0,59.73324191517105
76.0,83.50873763374591
76.0,50.56213891653499
66.0,70.73525278119246
66.0,59.19410420905626
65.0,70.9776820128186
65.0,73.18281878408447
61.0,63.021195130271735
61.0,66.2228007582815
68.0,77.14053674190859
68.0,63.11475742378104
56.0,57.979321919296865
56.0,67.66942889369096
43.0,36.44064398078507
43.0,53.47642622839436
85.0,91.71784438559143
85.0,59.198349472608925
57.0,61.23448478592712
57.0,62.37940909560865
58.0,63.343346483800815
58.0,69.48420206730265
60.0,62.42035871863277
60.0,82.03738774574504
58.0,65.01691255382207
58.0,82.06121446191037
53.0,53.02458583148632
53.0,86.27837252558732
65.0,65.13933097048715
65.0,65.09248121659596
26.0,19.16687455473948
26.0,88.33180009344983
61.0,63.20158860334794
61.0,83.18181493662178
69.0,74.26029736255839
69.0,74.31170709444427
48.0,46.81884166313557
48.0,68.80968967361974
41.0,35.61396541910125
41.0,64.97604564952945
71.0,79.97403364203558
71.0,59.2518531440802
64.0,65.36153826317388
64.0,39.295099546329084
53.0,59.27089010180856
53.0,59.3919557720497
45.0,40.652943184164485
45.0,29.695642520388617
57.0,61.13834334462257
57.0,16.21472215416287
39.0,32.299538948904
39.0,64.2474799501004
77.0,83.12769007432047
77.0,13.679158713204572
51.0,52.7349172461997
51.0,57.94869773611367
17.0,11.152702806473599
17.0,95.2345038008869
24.0,23.013414243185252
24.0,70.06621037551531
55.0,61.06185236211951
55.0,77.67485407717714
72.0,79.06941581092502
72.0,77.40951530814391
39.0,38.84545194891626
39.0,81.0634769165203
49.0,50.44495149516666
49.0,77.2148758835196
75.0,82.22269487539126
75.0,54.40561399286122
57.0,62.383103649764564
57.0,45.00949054477985
31.0,27.39036968704613
31.0,77.69903073459705
78.0,82.64003375797279
78.0,69.75509633089331
69.0,73.26016402167488
69.0,80.99756800045975
59.0,63.84180466899579
59.0,46.00781687642541
80.0,89.15969935655374
80.0,63.54064860568769
64.0,60.093345280568144
64.0,56.062441738054986
68.0,70.30729436425167
68.0,65.00757987097148
71.0,75.54583801046306
71.0,67.8911282334351
34.0,26.741962105992513
34.0,71.4861513977039
59.0,61.42990559497076
59.0,65.3014405247257
68.0,71.19812184672395
68.0,75.64531565143187
49.0,47.19104163142089
49.0,76.19664399478762
21.0,15.298031471935474
21.0,69.94328529930749
74.0,83.18502544176425
74.0,74.95115316181045
38.0,38.252320112623806
38.0,23.726425546182668
64.0,66.83698107954024
64.0,60.77366454063383
13.0,16.83495728610893
13.0,34.073557399515096
60.0,65.59762943411272
60.0,56.43024418259955
59.0,61.323507524360366
59.0,59.19650836126755
74.0,79.65843552705371
74.0,9.167026000370981
64.0,69.97713969488035
64.0,77.53902957509018
70.0,75.39667671795036
70.0,65.03801182628371
71.0,75.75347152595282
71.0,77.2013831149265
57.0,60.704583966527764
57.0,47.54779425375557
44.0,46.549303640841515
44.0,59.11483908306087
60.0,61.406316170788216
60.0,65.74157018341373
74.0,78.31871059559148
74.0,69.99077192282158
45.0,44.06621364291448
45.0,33.427171214862426
29.0,29.343903459894193
29.0,87.68945562141988
71.0,78.02369109275446
71.0,71.00590453028781
70.0,73.61206222782084
70.0,82.03442625455938
39.0,44.66636710158406
39.0,83.99850846580614
38.0,39.60086899205447
38.0,14.916823878607545
63.0,66.72481563420274
63.0,89.44821404953149
55.0,56.21502648404146
55.0,70.4948749809858
42.0,40.073194191094274
42.0,66.03819987943376
28.0,30.46076101170314
28.0,79.16538079454261
62.0,60.47093186659146
62.0,80.00818477870507
57.0,57.86621652435173
57.0,40.21873726208645
42.0,36.635047764857006
42.0,72.22100362223915
78.0,85.03904349514772
78.0,5.92694030390885
73.0,80.10527602674671
73.0,74.17060048929767
63.0,64.46915150216222
63.0,28.324131295791233
30.0,17.106150111218312
30.0,36.876018791509296
62.0,66.63173384323972
62.0,69.61007772637987
77.0,81.01811383939508
77.0,68.9995407709813
49.0,47.71505666214608
49.0,71.10536842460743
39.0,42.620821866146
39.0,65.496744353123
68.0,69.06457128689453
68.0,61.212549136927066
26.0,18.119225321073372
26.0,57.46029854410165
48.0,47.883770881817895
48.0,67.24868850699085
55.0,57.05258635205706
55.0,48.42381625211766
65.0,66.65854252515862
65.0,56.99507296485024
69.0,72.93279910888936
69.0,38.760494317982136
26.0,21.971116226916365
26.0,62.56540143604627
40.0,36.71062106134883
40.0,75.39658843285827
21.0,25.66281073340349
21.0,77.36982045867336
62.0,65.15691885368233
62.0,41.7261803360563
63.0,67.28051355331365
63.0,67.32318477318273
55.0,56.314405501525414
55.0,36.10934773510644
21.0,15.996179591007603
21.0,73.4973001726695
75.0,84.55226339390998
75.0,78.99561703361655
62.0,66.1984994926255
62.0,59.881193974065695
37.0,34.64076247174353
37.0,73.99449001904651
56.0,58.62180552702523
56.0,66.10661662385411
54.0,55.589550995396564
54.0,44.50861213312055
61.0,58.523973883633175
61.0,78.43935110933313
68.0,73.81966147855712
68.0,56.53363293648465
30.0,32.5017471740702
30.0,37.61625993425838
77.0,79.8477829400149
77.0,29.315505731243718
67.0,71.47191480750263
67.0,75.10400586035115
69.0,78.43263577919237
69.0,57.331565932879016
54.0,58.515632905573966
54.0,51.616319355152086
21.0,17.484668525613188
21.0,7.664173429501602
72.0,77.72582037294563
72.0,38.957021929145355
72.0,77.1996904010025
72.0,69.28424610816717
43.0,33.846507312467054
43.0,76.6300659713093
56.0,57.78156752856677
56.0,79.41399646413385
33.0,32.895422633547525
33.0,28.78557603017464
34.0,32.419176312531135
34.0,72.75068547059277
75.0,81.13384097318306
75.0,56.25877148157224
65.0,69.14830051982432
65.0,81.0944008719631
62.0,63.810104048136395
62.0,52.686671164245695
58.0,65.06780893393585
58.0,73.13409660948696
37.0,38.31153341170324
37.0,76.57954622378452
78.0,84.332505772594
78.0,66.35849944769222
36.0,32.87194031673454
36.0,80.0859306777134
71.0,78.08175996809092
71.0,57.65608528351618
54.0,50.5825315995458
54.0,84.43642025841496
59.0,62.18634388947555
59.0,54.183331101585736
35.0,26.119776032747552
35.0,59.58113426496476
67.0,71.76241303532544
67.0,59.217883689068856
57.0,60.40505248413734
57.0,45.980099446932684
75.0,82.45995652880634
75.0,62.40362722725979
70.0,76.99518590775523
70.0,59.66841873610929
71.0,75.25074189095875
71.0,81.04872043829988
72.0,80.01593687008614
72.0,69.84901349134293
57.0,58.52851391909263
57.0,28.661429252907624
77.0,82.1377395058899
77.0,-0.4375567967062466
66.0,71.45461790305967
66.0,76.40321179838827
54.0,52.16546705207833
54.0,58.90583356849754
64.0,67.89013727015902
64.0,54.42393765621728
65.0,71.13297921841564
65.0,66.52475630207425
67.0,70.46345474140122
67.0,70.9139708890425
57.0,57.96046402405335
57.0,60.4040019825739
74.0,81.07430825717478
74.0,65.54599719208647
76.0,83.00898977601605
76.0,51.41563183559572
72.0,78.466993244084
72.0,75.68451654976508
67.0,70.86171559482705
67.0,67.25131079200253
56.0,58.875995957247994
56.0,81.445136857254
58.0,64.9186390698182
58.0,41.80663277656521
64.0,66.09843070667
64.0,44.33513613120044
36.0,27.842135079968386
36.0,76.09920869040184
68.0,74.37691812404915
68.0,76.02322372182135
63.0,69.12271040018601
63.0,49.76065437833796
34.0,30.382559876004052
34.0,76.46129183174224
73.0,80.04706964055532
73.0,78.21504837847078
37.0,39.49018665978514
37.0,36.06821938600939
40.0,44.685904433643145
40.0,78.16454257446856
60.0,64.59172350907835
60.0,83.86372232716144
39.0,29.47206397654753
39.0,75.83837364566176
72.0,78.26322342487191
72.0,65.15062028545583
68.0,73.70165085329575
68.0,70.22951080707566
23.0,16.04352112641061
23.0,45.89821854791313
63.0,65.0734468228502
63.0,28.611570077129784
59.0,57.17281321780962
59.0,62.01741144725264
73.0,80.3366788785188
73.0,41.284320739705834
53.0,51.79770496103794
53.0,76.12964894493888
32.0,31.315508850363756
32.0,67.10178335971528
70.0,77.63902823941032
70.0,69.46976289157857
63.0,67.1771862704158
63.0,50.725423945371176
67.0,70.57315674207359
67.0,18.942044452533537
59.0,64.51872194364557
59.0,70.10594479952107
53.0,54.45053978649622
53.0,75.30548491681213
56.0,55.63829342748568
56.0,50.34805810588017
66.0,67.51495367417436
66.0,77.89916343798473
61.0,66.7483898572005
61.0,55.47228780776277
65.0,67.63475322454087
65.0,49.852329678379874
43.0,37.41790439514307
43.0,78.78037091019081
43.0,50.762365387529655
43.0,75.15343165495352
51.0,48.181597861671435
51.0,61.25882109825727
31.0,31.384043493587058
31.0,60.80626570384197
47.0,44.35109134710427
47.0,79.83652825688023
64.0,64.6011771054288
64.0,77.40630812569293
73.0,81.03778404433581
73.0,43.55018591608325
61.0,70.73619091189835
61.0,49.14143833905399
71.0,78.36881033046632
71.0,55.97613211475618
69.0,72.32041799917698
69.0,82.5574173187465
71.0,75.15015323807205
71.0,72.27070843898241
77.0,87.98467049013937
77.0,22.47780321466894
61.0,66.54974247437684
61.0,78.45869144247274
37.0,33.221519632834315
37.0,59.79031735064149
69.0,71.31337064395734
69.0,67.5258667054228
67.0,70.72358339921846
67.0,72.44508477354498
75.0,82.77783906318155
75.0,77.07844522420544
64.0,69.36075492971611
64.0,55.547653898887745
39.0,36.10083862047264
39.0,82.16761027204268
69.0,72.36736637574307
69.0,64.05029028710766
61.0,68.98297954068761
61.0,63.690039177872734
61.0,65.62939034029483
61.0,39.093674412200016
44.0,44.66080865248557
44.0,61.35519585350909
64.0,68.29477934051818
64.0,41.70824865391933
73.0,81.69869109433074
73.0,69.04091108261503
61.0,68.25781179032123
61.0,87.44975435865501
48.0,50.38425057100642
48.0,51.1439737711749
59.0,60.1777313752616
59.0,43.13643576030847
36.0,34.89397614189471
36.0,68.65013435978886
78.0,83.81534257371192
78.0,73.06596938970017
35.0,32.8538764858277
35.0,68.29121244154686
66.0,68.83322581537988
66.0,69.92068693621411
61.0,63.35702878419136
61.0,54.41415469249779
62.0,65.59097841802236
62.0,70.06055521961315
66.0,71.41551171279673
66.0,86.92769961334608
76.0,80.96494614486284
76.0,69.86411040334428
72.0,75.53615571207843
72.0,64.52735639033796
35.0,33.816593417165336
35.0,68.53114532876458
52.0,55.52100099187868
52.0,32.76813270789489
59.0,63.90365009835455
59.0,48.32057456065138
28.0,24.808099949619816
28.0,42.237612852906864
75.0,79.17937342028938
75.0,76.24669469077287
23.0,29.478779994696993
23.0,73.74552739181422
68.0,74.79427345902883
68.0,6.728711118672095
30.0,27.73399862814182
30.0,66.0237918204358
63.0,64.0489192363708
63.0,59.79987509028365
64.0,68.09865533496486
64.0,74.24862327480434
67.0,69.96172708231694
67.0,87.95340879908105
63.0,66.17645186238383
63.0,83.74846610750325
42.0,40.77505105061675
42.0,60.716834252821
73.0,79.85553106687183
73.0,64.79935616058742
71.0,78.13770972632267
71.0,86.16481714813716
52.0,57.12563530475114
52.0,46.66199877702991
77.0,82.5245038330786
77.0,67.24919810070332
70.0,74.33918715568586
70.0,66.84513376936496
53.0,52.994048090609795
53.0,70.18819166335953
67.0,71.65737341808489
67.0,62.92388295337173
54.0,53.134339344380976
54.0,78.0111521042952
51.0,54.348137878832745
51.0,79.34404361468944
70.0,74.99567554424954
70.0,75.66175795996219
71.0,77.2541758313211
71.0,51.121931113904566
50.0,56.53032056866567
50.0,55.6607374638906
79.0,84.49367580307666
79.0,34.61875282896801
66.0,67.62312270072096
66.0,63.94890633190619
50.0,48.519089182835785
50.0,82.39989686703592
42.0,46.88452104492086
42.0,29.674992794984064
20.0,23.02280286160766
20.0,84.08146365247148
68.0,70.98801297755494
68.0,28.485894448136435
66.0,70.319607325206
66.0,24.963520113924062
74.0,81.46055268315143
74.0,68.98733942738608
63.0,70.6972297209415
63.0,65.20990689783872
69.0,75.79380788004255
69.0,60.61985997452501
77.0,83.43377039052581
77.0,74.66234039627045
46.0,50.153988333804136
46.0,60.00002645804284
59.0,63.70463368317445
59.0,91.3054221890381
62.0,66.49146391809825
62.0,73.14677437498034
67.0,74.11019815290149
67.0,64.49642559623669
67.0,67.43104398782793
67.0,10.96480055967345
70.0,74.65278053022053
70.0,76.4594278971743
52.0,48.51404731775739
52.0,50.94284320560075
76.0,81.85985868139
76.0,57.05962695757057
67.0,73.0687820596001
67.0,54.083797904046435
64.0,67.21507209986771
64.0,75.97289015381415
74.0,82.27613506684048
74.0,61.397445195952116
81.0,88.51076130446182
81.0,80.60819970711219
69.0,74.6934868601436
69.0,76.57298081631131
52.0,55.854042345579046
52.0,84.84753911933223
72.0,74.51245040991131
72.0,86.366472218946
63.0,69.1625750190471
63.0,90.97965618998245
60.0,63.012589136720635
60.0,72.60621486463793
64.0,70.21808690859069
64.0,81.56270089982269
72.0,77.20476683394219
72.0,62.59744247066368
20.0,-0.4375567967062466
20.0,78.80019502593046
62.0,66.9638622268551
62.0,67.28829130571319
62.0,67.45384017692942
62.0,66.15572479894001
66.0,69.68227046927075
66.0,66.57697553021177
73.0,78.06750930804316
73.0,78.27090626770331
66.0,70.93696527660745
66.0,42.218989903743875
62.0,68.25192222685848
62.0,86.57830740514657
61.0,67.1614454007169
61.0,67.84747937765349
62.0,66.12455447392023
62.0,69.78586862974919
71.0,74.74731644502879
71.0,23.966025550195354
57.0,56.943325778482006
57.0,76.02924862891666
66.0,75.3321258921195
66.0,38.92480448284306
26.0,21.846348933719582
26.0,66.56850636140075
73.0,81.18791117955612
73.0,82.36730384448248
72.0,75.87606849628469
72.0,20.530589646024282
48.0,43.37416290269465
48.0,46.163482708981576
35.0,27.7292445671996
35.0,84.48238851955904
47.0,46.52099860391303
47.0,63.86595489957517
77.0,83.15202001764999
77.0,53.86659728802857
59.0,60.89011308575624
59.0,69.78028536022606
78.0,82.11107139909228
78.0,58.67061848288961
66.0,74.60782816319636
66.0,44.54002513590558
50.0,51.05924254839846
50.0,26.69363699794576
52.0,54.164511245598305
52.0,34.92926873428473
38.0,37.482780900893374
38.0,55.79421358958848
62.0,63.06682599623548
62.0,22.26696185924237
72.0,73.14219189501102
72.0,55.64890582195784
69.0,72.28931531893568
69.0,81.57449250902533
68.0,72.63971366148462
68.0,71.18264539737737
61.0,63.85408916633213
61.0,85.93566340094338
80.0,90.1966745324363
80.0,81.97447298963908
65.0,68.341937415725
65.0,64.42904773760932
62.0,66.9053336695319
62.0,59.5543428696804
45.0,39.65628064912363
45.0,88.23196338448946
54.0,52.71010695660857
54.0,66.9375052470046
63.0,66.95893113381027
63.0,82.30461337454932
69.0,77.155082184496
69.0,63.78250392325083
69.0,74.54984604862517
69.0,54.431928881288684
34.0,31.927925746190226
34.0,16.067685088271332
72.0,79.12606009832649
72.0,79.60706280665903
76.0,82.71357033503756
76.0,61.65835804312468
74.0,82.29673295123376
74.0,78.39672838551019
58.0,60.46663570293032
58.0,70.55895818879122
75.0,78.64920148242709
75.0,75.0565803125096
58.0,57.49509651445504
58.0,63.72424932394148
40.0,29.105659296815816
40.0,81.72800583760187
48.0,51.36340016713899
48.0,25.295872661861722
67.0,75.12769449849628
67.0,52.753217182411845
73.0,81.76843262754193
73.0,61.02300236664382
68.0,74.5434940720333
68.0,41.22034585882909
76.0,83.95723933035157
76.0,54.186965131026966
56.0,50.68965178078918
56.0,51.66794241549661
70.0,72.24840709578604
70.0,48.14819340102372
70.0,74.9423488869565
70.0,49.12631915705032
54.0,55.94035597972612
54.0,53.20719960243338
49.0,46.074769766748716
49.0,44.620224159414306
73.0,78.64459700175297
73.0,49.887032886277495
46.0,44.60727231856913
46.0,62.85778303928549
65.0,68.50008523437805
65.0,73.76307635119309
44.0,44.852473362374724
44.0,59.212767127970835
65.0,70.2917427584934
65.0,53.02352655107512
67.0,71.89328428086321
67.0,41.40271249796706
74.0,78.30993556666533
74.0,72.79160361975136
66.0,70.22369572204832
66.0,81.05919537143899
14.0,17.291341851801178
14.0,49.329617657722906
70.0,75.84779616126366
70.0,85.06544959573017
70.0,76.34529560549493
70.0,61.9528395441464
63.0,63.32854351647586
63.0,78.35885561224796
73.0,83.07171538519123
73.0,68.11079546224698
69.0,71.69195890741673
69.0,74.55272295915148
57.0,58.34713534034091
57.0,47.340603222087736
39.0,43.48584777171243
39.0,53.67680746376982
78.0,84.13015892792208
78.0,66.55964968901367
65.0,72.4888518282441
65.0,75.93747865207007
44.0,38.88864571823132
44.0,58.0832345288963
47.0,47.9629480262783
47.0,38.08554002996749
67.0,71.98701615092682
67.0,53.24370540717683
48.0,48.56791081398353
48.0,72.61229033814982
72.0,79.03467632404454
72.0,52.13730312380966
52.0,52.88375380264711
52.0,82.06762285052042
70.0,76.5477092995622
70.0,80.9804181937917
62.0,69.8903963424844
62.0,63.019410022987415
80.0,88.3945207292793
80.0,71.17199157987977
47.0,51.47010206498095
47.0,80.50355060644387
73.0,79.52914839072201
73.0,71.40939750219843
37.0,34.30619837671793
37.0,60.100324848202035
46.0,44.107123452790574
46.0,42.94673187469624
74.0,80.2583878408434
74.0,80.38917299269565
61.0,65.43525092429735
61.0,31.909325776103003
57.0,60.18127002449148
57.0,76.39057028328256
21.0,24.14250679445132
21.0,72.61853120197435
61.0,65.40833852608574
61.0,46.83576354100825
44.0,43.4424448982536
44.0,57.86732364146161
47.0,40.40286483145468
47.0,67.42616682130421
71.0,77.5574928726657
71.0,84.16756284283008
32.0,29.374622122694234
32.0,67.03310150589914
66.0,69.53518863106439
66.0,83.08754871612962
62.0,66.31814626854322
62.0,11.752073996505203
76.0,81.30614911566846
76.0,69.00896711162386
52.0,45.915906704121994
52.0,70.94748488010237
58.0,64.95206576144318
58.0,70.52151840144177
44.0,43.930910407683086
44.0,51.12630975327198
30.0,37.16580325339311
30.0,76.92364582777105
70.0,78.8127009641168
70.0,95.69429322537223
69.0,72.74661912016529
69.0,47.39885490651659
67.0,69.1707860072363
67.0,68.12491274273748
9.0,18.471710497703953
9.0,53.158385302799275
62.0,64.41542244036594
62.0,77.99362345367501
66.0,74.51655047046955
66.0,74.42299482356873
35.0,27.32873318636439
35.0,78.23556281532393
45.0,43.179993194116946
45.0,66.91056332060293
78.0,83.14496321484734
78.0,51.12706567966825
67.0,69.97834581622209
67.0,74.31633468867636
69.0,71.50116230156715
69.0,73.92980394408227
19.0,21.758335674998136
19.0,57.91114028268868
57.0,61.73644999644404
57.0,48.86292251668624
50.0,49.85274352511584
50.0,80.97583362985193
72.0,80.126254772381
72.0,34.96840723768685
73.0,77.44319666667252
73.0,65.8861887869428
66.0,69.35612696936397
66.0,14.546590433918595
52.0,48.561809648964015
52.0,72.74910450215492
36.0,32.90940525943728
36.0,46.21206531672226
59.0,63.47531220118873
59.0,62.4243724378893
49.0,49.204888427977835
49.0,69.53131455239532
74.0,78.47313416574173
74.0,52.1211560103398
71.0,75.2416098264602
71.0,28.609732377734247
44.0,43.750100954394156
44.0,78.81467187749575
48.0,52.59355144542502
48.0,86.06410097477533
55.0,57.57564965730495
55.0,62.5695851107609
68.0,74.12944641039627
68.0,36.5167726710996
55.0,59.753868624852885
55.0,63.66710462325352
71.0,77.95054630817248
71.0,31.892383192795705
51.0,60.1987653417911
51.0,52.555799688121
68.0,73.32241782824957
68.0,83.96857526588946
73.0,80.14128902304697
73.0,71.49730442076202
72.0,75.47809723697469
72.0,79.37977254732681
78.0,85.592784242385
78.0,69.03882237133269
69.0,75.92974819115028
69.0,39.62410255354399
70.0,76.03483104336311
70.0,58.87813709498414
52.0,57.58193949177746
52.0,72.36410992166338
81.0,87.72670489205177
81.0,82.18309985036893
40.0,43.561787962131916
40.0,73.314162757703
58.0,57.134654049731694
58.0,33.825329745750196
78.0,84.66100679254743
78.0,46.70525673584632
5.0,0.39923992833325883
5.0,60.44348247153533
65.0,65.51371627245805
65.0,81.30319964638727
70.0,76.14128650185336
70.0,79.973371799186
74.0,80.0453214595301
74.0,74.2259219652446
58.0,60.7376628711325
58.0,35.532385555718804
33.0,35.18307156857196
33.0,57.84574148063774
50.0,53.26741360456043
50.0,69.00098589018177
50.0,49.91593925471443
50.0,26.485474774126715
75.0,77.17351608495699
75.0,56.22746703125648
67.0,71.14394729127577
67.0,74.36486067066221
72.0,76.04358849096297
72.0,69.94612185653284
67.0,72.80095975508914
67.0,74.86957699486317
60.0,61.635630454946806
60.0,74.09209009551654
31.0,25.933914874285563
31.0,51.68672613292921
69.0,73.21567540875549
69.0,80.23641825587879
83.0,88.51736748176927
83.0,43.92991906499361
67.0,67.4618871312245
67.0,38.49007616319125
59.0,61.412465110958294
59.0,43.638107810817246
20.0,23.778176033983357
20.0,72.40867214145493
67.0,71.75737702646398
67.0,83.92943463405476
60.0,61.42664763944953
60.0,24.683817752219227
60.0,61.981699426165676
60.0,77.55102021686815
27.0,22.372538449085994
27.0,58.433964100866945
66.0,70.02007781622967
66.0,78.26303121552866
29.0,20.16046901658791
29.0,68.92007687320074
70.0,70.85458565294664
70.0,39.49153422155223
57.0,58.53196217853741
57.0,42.79696334010123
61.0,67.98448571965753
61.0,82.21351324208268
58.0,63.08256609057793
58.0,46.04504784664016
51.0,54.8684511623473
51.0,83.18332963368857
61.0,65.02314114574921
61.0,49.126760088595006
70.0,75.93876594819005
70.0,66.47183655992933
78.0,88.60865475939323
78.0,64.38998709593119
67.0,73.9540858266418
67.0,58.205785150267445
74.0,80.33220917238526
74.0,29.214061472495132
66.0,70.29700367719579
66.0,40.598000044365335
54.0,54.92018143049154
54.0,75.57267544212993
63.0,69.87296538880304
63.0,71.16071668064097
43.0,46.994157017600116
43.0,63.06283791214463
62.0,63.565292408115624
62.0,82.21374788998105
56.0,60.39991011857438
56.0,67.67096031594252
65.0,69.28162407591594
65.0,26.231762838667862
47.0,46.71403583332574
47.0,63.631136751759755
65.0,66.48494690509551
65.0,77.5521013893316
63.0,64.06040343278653
63.0,77.5622601613581
48.0,53.47711598453651
48.0,58.66261591748366
71.0,77.93389938779103
71.0,53.98638121368788
75.0,82.42968919398163
75.0,53.787863515927825
31.0,33.373759828877155
31.0,71.57073425935607
47.0,38.05303310161054
47.0,77.76795719422694
64.0,69.40072861597469
64.0,69.29148198775914
30.0,38.80719678535803
30.0,78.48969991124727
26.0,22.621772335115224
26.0,68.53963212769338
63.0,65.59217021863748
63.0,60.17513338006427
69.0,69.43943410542721
69.0,80.20725991968521
72.0,77.44017772014382
72.0,82.06761492183927
69.0,73.70123057132736
69.0,77.88578429682605
19.0,13.271076634764825
19.0,59.688902121534966
61.0,62.95058818433978
61.0,74.89613294999828
67.0,72.60084734696426
67.0,28.998547429946257
63.0,69.50440307184243
63.0,87.37328472766217
53.0,51.71951158365391
53.0,80.91149601147328
66.0,67.86940975208756
66.0,68.84682968220966
58.0,61.34764006310792
58.0,48.02936797364106
58.0,63.69346584562629
58.0,52.10258959246198
74.0,82.95910617221949
74.0,68.05323802769396
47.0,44.39745218540446
47.0,42.3132824820467
68.0,72.96602966365396
68.0,57.41971521321767
65.0,66.03724541743327
65.0,49.842051984564534
17.0,2.0486575875968924
17.0,44.44640793584006
27.0,19.62915387186996
27.0,57.526108766654716
74.0,78.87845603505622
74.0,66.37308127703466
70.0,74.1097216044327
70.0,81.45072350887142
61.0,61.30392234498345
61.0,69.12726375095082
56.0,57.47522195518138
56.0,6.544887538155024
68.0,74.65031292320572
68.0,73.01764581371089
67.0,69.79529326905498
67.0,27.781839419935295
45.0,40.8616863226743
45.0,54.97518898620052
49.0,48.372495412452736
49.0,47.14244180316649
46.0,41.11572448104164
46.0,11.708573697867848
52.0,53.41896604889388
52.0,31.74970009531046
75.0,80.35767007400125
75.0,76.64172927772927
57.0,59.60481883516138
57.0,27.714960479158947
44.0,42.23718030759693
44.0,91.12549532624791
22.0,20.126530097530065
22.0,76.67585106059488
72.0,75.79738147145895
72.0,74.75972944959403
75.0,81.74467891976997
75.0,71.4733695821896
78.0,85.93248743458929
78.0,66.74484995068087
14.0,3.8379155426557645
14.0,62.96727827202477
80.0,86.60025796696539
80.0,55.73207804468473
60.0,61.09988872087837
60.0,61.08679991893297
43.0,46.10174342976478
43.0,59.56878898096625
72.0,77.01333212417245
72.0,66.47935522046475
36.0,36.55147609795233
36.0,79.68260757610221
69.0,76.29436786086637
69.0,43.04246637875326
34.0,32.397292292820794
34.0,69.04120932594924
73.0,78.97325405725576
73.0,72.87035034133379
41.0,45.526307294756066
41.0,77.5331814606767
50.0,52.24665924222529
50.0,47.88515338839272
51.0,53.20786765676894
51.0,74.51772316071913
65.0,73.3637365110294
65.0,76.76308383739268
41.0,41.7746282185924
41.0,83.29860337844167
75.0,80.20836078678587
75.0,72.90862866900852
80.0,85.62830654606478
80.0,68.07466326332417
61.0,65.23629129956265
61.0,49.45142074995891
49.0,38.78757739419814
49.0,68.4764403267634
42.0,37.388220704785624
42.0,82.01081836435026
26.0,25.016772034632424
26.0,62.35784339833492
60.0,63.713020724457635
60.0,30.204069493880297
37.0,35.83657403717194
37.0,58.54632036555324
67.0,70.87648555150315
67.0,73.63319953856268
46.0,47.4028849530352
46.0,63.73961437776694
68.0,73.03752984224866
68.0,45.04508280360062
45.0,48.54204926879021
45.0,40.80987962324605
52.0,55.017174165754
52.0,82.75119958016774
39.0,32.921676378075176
39.0,72.01470434132597
49.0,53.78612948857625
49.0,82.44323159840002
62.0,67.09521472879862
62.0,39.352352625003505
53.0,47.95317232950657
53.0,37.62786377320583
72.0,78.0015683540392
72.0,41.56036745565274
20.0,15.176669601041397
20.0,69.63680289630537
29.0,25.54821461745712
29.0,22.344122007530302
72.0,78.23271150821239
72.0,44.63384771732569
64.0,69.18328876725542
64.0,71.09599609007438
31.0,22.947732664304795
31.0,83.7373194469892
60.0,66.16229459527108
60.0,40.267960739842636
78.0,82.56498652434641
78.0,83.22522871150517
73.0,80.32411840847362
73.0,85.74303353024538
68.0,71.40941439364514
68.0,60.44052074156542
68.0,74.15462950596901
68.0,81.11199284674632
75.0,79.53534888501389
75.0,59.34599131431486
44.0,41.56974323326284
44.0,57.03251773787338
62.0,70.36467914798891
62.0,84.43824361536633
63.0,66.14642210348285
63.0,59.7216022255289
52.0,47.658567292267946
52.0,58.09696443753336
70.0,75.2945468967111
70.0,32.702419228150575
28.0,29.067720292327294
28.0,57.17232343023761
71.0,76.13270930583002
71.0,65.58664224237003
46.0,44.29932414037313
46.0,53.63914213784733
66.0,74.93393279437527
66.0,56.771002471808515
77.0,84.09568003094228
77.0,24.41034422469727
76.0,81.96707770411086
76.0,74.09239785616916
76.0,83.05309845519298
76.0,34.64076247174353
69.0,74.4737245352577
69.0,68.56879531509264
64.0,67.29619906158291
64.0,55.36063753348719
73.0,78.66902730874784
73.0,14.546590433918595
61.0,62.99599425315739
61.0,73.76851190586052
40.0,43.36768137312407
40.0,79.48243071862277
66.0,68.71720051559657
66.0,66.57422057615514
23.0,12.520505290266101
23.0,60.80627159771666
70.0,74.16742484751632
70.0,72.96956971282594
36.0,39.66875903953945
36.0,33.20593101467841
58.0,58.89919306989037
58.0,57.13560190342338
50.0,53.597996984139286
50.0,70.74689082364915
66.0,71.18868727404191
66.0,62.477410702957286
62.0,67.26333759185547
62.0,77.2312831465585
67.0,71.6015736773951
67.0,92.87551789856496
69.0,72.7206282816004
69.0,84.2194947218727
59.0,58.47525630001991
59.0,77.45139254286386
74.0,78.87082119058113
74.0,73.41440012695244
43.0,47.51661797814813
43.0,84.44125538116623
67.0,71.59162361371006
67.0,38.477778762814864
53.0,51.98501811396625
53.0,43.41022677859826
64.0,67.96214424199388
64.0,64.40365477045782
72.0,77.7396210944504
72.0,54.990521642517365
67.0,70.50904149397672
67.0,42.61580055583528
60.0,59.00080022007586
60.0,26.127097864853965
48.0,51.912306899586895
48.0,80.83114300291231
47.0,45.45537811250426
47.0,50.47003037855757
65.0,65.7687190301088
65.0,1.7436352344745387
76.0,83.89975108883169
76.0,65.54859739100749
57.0,56.03413786621445
57.0,77.34408288243742
71.0,76.98680729003564
71.0,26.78682410226844
51.0,51.861490078710574
51.0,64.5747812263815
79.0,86.5827873646341
79.0,71.12332728114524
63.0,70.72530898259544
63.0,71.60087431924114
42.0,42.983941908588065
42.0,35.518146231193725
77.0,86.70386092556208
77.0,55.347926144305404
53.0,54.22850855891221
53.0,59.767736970192175
66.0,72.2325112039972
66.0,34.274455141981605
51.0,55.82676547265862
51.0,75.76762933907304
69.0,73.02472877271168
69.0,63.56941318009859
67.0,70.7015910871861
67.0,42.77942141074499
66.0,68.71538272327331
66.0,64.56134041938986
38.0,27.68281321111982
38.0,57.34304053665937
65.0,67.21321778847152
65.0,47.06521153582844
58.0,60.67251174468464
58.0,83.9000891725421
74.0,81.64823268341041
74.0,59.52783405395138
52.0,50.64151336228019
52.0,36.388740823821024
51.0,50.1800461551378
51.0,42.3428419165694
58.0,57.24370845471611
58.0,74.1129653413825
71.0,72.7378520584935
71.0,83.21872148151488
57.0,58.58140929121868
57.0,73.87156601167663
36.0,38.941274592965044
36.0,35.41552160348823
58.0,59.377484567052306
58.0,74.24398576262081
50.0,52.46761585399179
50.0,49.22312734006988
17.0,12.810012607221836
17.0,77.98662624814693
49.0,46.06565773211213
49.0,81.18556661988896
53.0,56.960455939853375
53.0,34.104600268571346
69.0,73.63823201931712
69.0,66.38172864934273
49.0,52.319156447004445
49.0,21.412025992713154
71.0,75.43317136567339
71.0,54.79776890917071
64.0,67.40409695996897
64.0,27.828863226230737
51.0,52.40568754947816
51.0,85.40953804301085
66.0,64.21870632418029
66.0,50.10263236276268
78.0,81.46543291242654
78.0,53.078918887451266
44.0,41.73933609602932
44.0,67.00568841157389
51.0,58.11939710763926
51.0,42.33889367610203
64.0,71.1621997631554
64.0,72.10862917008058
62.0,65.14590026150438
62.0,65.84700488873898
65.0,68.73670525549261
65.0,38.84905776638004
38.0,32.431982707877125
38.0,58.911185037256644
68.0,70.8353609996833
68.0,51.88100562244307
70.0,75.7526126243211
70.0,66.29288216331054
67.0,68.37247475793714
67.0,64.6044514731521
63.0,68.0297276128876
63.0,70.11981933227588
71.0,79.83324502850746
71.0,71.26221849871018
57.0,63.27177887359096
57.0,73.51586527826584
71.0,77.09944580038575
71.0,78.25760425009713
43.0,39.93467136220647
43.0,87.04595468002589
52.0,50.54960033860783
52.0,61.93217625434403
40.0,43.16758357145642
40.0,75.24376245775079
69.0,74.68563135457418
69.0,54.37390138139318
64.0,69.1311771542334
64.0,67.85356080531972
51.0,54.0088213532178
51.0,91.44023348240074
67.0,71.34171818689714
67.0,71.48445971935826
68.0,74.339955130801
68.0,32.16260501913945
54.0,54.43569201346946
54.0,72.88948989689254
67.0,64.79473020343272
67.0,45.177601705489565
78.0,85.17778924375114
78.0,58.58856834261218
47.0,51.80701100614402
47.0,36.10934773510644
30.0,25.93726321067828
30.0,63.439310223019675
48.0,52.62252448322522
48.0,50.8628495788202
30.0,31.134013923265684
30.0,70.96260570916007
69.0,73.3744864967523
69.0,81.13962013652235
21.0,10.596380707623155
21.0,68.39119237105092
59.0,58.16362285697528
59.0,65.2560708523423
63.0,63.25919356604152
63.0,71.43251152224218
75.0,81.51154203802577
75.0,65.89809803722966
59.0,51.59295025125749
59.0,74.56000559319301
46.0,45.766102270668625
46.0,67.69284745599731
78.0,84.21390289101271
78.0,73.46307887488967
57.0,57.7932028287276
57.0,36.9847192437428
66.0,71.04589477605589
66.0,80.01917006478925
47.0,40.77021949418173
47.0,71.49668681506779
70.0,75.6634595282058
70.0,67.09698163174329
40.0,45.74147038800197
40.0,49.47298493617234
66.0,69.85419128957426
66.0,37.65736625165465
42.0,46.68835412690805
42.0,43.16040766078595
71.0,76.17302077436699
71.0,73.29223327055234
62.0,67.0592500782804
62.0,60.69722575680669
65.0,68.94036804083203
65.0,26.63885618666069
76.0,86.24282852864695
76.0,80.01415966349242
67.0,69.69854110234422
67.0,69.75704714860296
40.0,37.95642037683393
40.0,64.58214419359871
31.0,35.49769237679607
31.0,78.36432928863343
71.0,74.2196737127963
71.0,74.61024520152029
75.0,80.4624997093469
75.0,47.658567292267946
45.0,44.123222948039086
45.0,61.6159986556039
64.0,69.02019966213084
64.0,18.766633137506233
50.0,52.1200865634828
50.0,83.38337298529626
54.0,54.30039325478123
54.0,39.106651135924665
54.0,53.86619518133142
54.0,45.526307294756066
69.0,73.69152111986733
69.0,71.69145954625498
61.0,65.01534186813217
61.0,77.67150004527065
72.0,79.66465684856666
72.0,65.08158206738699
67.0,68.96649786599
67.0,63.10492131011392
23.0,21.70556570786482
23.0,68.9743200843879
13.0,4.732263068607665
13.0,88.32944364073575
74.0,81.6054826996143
74.0,65.22872470772813
74.0,79.95568782541733
74.0,40.777755789450225
51.0,52.081091197106446
51.0,77.64687761262167
51.0,50.58169027220106
51.0,41.76470657290196
58.0,63.99145226376851
58.0,83.64520548259776
63.0,64.94127460487027
63.0,65.67305239426878
67.0,70.12995277523407
67.0,40.99042763705734
49.0,43.87817148748758
49.0,21.97809976032221
65.0,69.00309911276787
65.0,73.24485839268323
34.0,32.531056946907256
34.0,63.443361106665066
78.0,84.42685698048803
78.0,67.47813196778549
73.0,78.27067932515092
73.0,66.85704023966548
76.0,84.7310918552044
76.0,57.34501456757181
56.0,60.31922456301061
56.0,45.42060980351232
56.0,58.61065888422644
56.0,57.091070824809776
69.0,74.71140126230307
69.0,68.49857119924548
45.0,43.64828866841174
45.0,34.34775474307986
68.0,75.8094557535224
68.0,55.45896101037198
71.0,76.19972728890468
71.0,48.81867609911808
61.0,61.86129740430272
61.0,68.35003124680998
49.0,52.464286470513855
49.0,83.55460045602933
39.0,29.86462890744417
39.0,73.16420112503573
80.0,87.09224392489557
80.0,44.22312520327989
61.0,68.82309868183808
61.0,66.94754475008358
85.0,92.11468661794936
85.0,49.6235209551524
31.0,29.40024916085855
31.0,69.25351105218249
36.0,31.804854584596512
36.0,55.52211868928532
51.0,53.74083098012892
51.0,74.66093234660798
64.0,71.2423833619099
64.0,64.03872289914608
67.0,73.89799376593885
67.0,24.44282713141149
52.0,58.54397659524341
52.0,31.970631637775284
41.0,35.25095876822155
41.0,21.846348933719582
68.0,75.1165474390736
68.0,63.99047229408194
59.0,60.850506715244194
59.0,35.4459741039326
63.0,63.41681578262177
63.0,13.884541295829194
42.0,43.77675030826367
42.0,76.17766221711338
65.0,71.55107892244263
65.0,65.32778247014664
66.0,71.94139859586437
66.0,67.8737827401502
49.0,44.788672489164355
49.0,28.97268319735639
57.0,57.645514835653955
57.0,79.97750954268713
66.0,71.89257851273027
66.0,51.47364526727614
74.0,80.69338683320535
74.0,77.87883140881308
64.0,69.59942174312368
64.0,48.323231585189546
64.0,65.90683250146446
64.0,73.9759803740858
64.0,64.38269042305689
64.0,66.16577230977651
75.0,81.97741341957874
75.0,80.41056004584573
48.0,47.7252583820823
48.0,70.59775922282489
60.0,63.954721842032484
60.0,82.42068567056748
77.0,82.72519568775522
77.0,61.764374662918726
75.0,81.23097258241495
75.0,65.6425944862068
61.0,66.54631835042773
61.0,34.40459197130946
65.0,71.26005016694774
65.0,51.9943204051865
81.0,86.98052286986592
81.0,55.91891734078109
72.0,74.00298403590654
72.0,79.07062253033018
67.0,70.83589433927125
67.0,79.51545468190176
29.0,19.634361474585205
29.0,77.52635458735517
61.0,65.27729832893965
61.0,49.29976616069075
63.0,66.3692833372175
63.0,48.80324713946186
54.0,51.542924313889785
54.0,29.63284911756614
57.0,59.47769469457364
57.0,71.95093361560032
37.0,33.89181969422333
37.0,76.05412870270987
66.0,69.35752902316898
66.0,51.10342700733787
60.0,63.96746227375718
60.0,36.67342760271447
71.0,77.83820962718056
71.0,68.26502853582002
72.0,81.41272906225839
72.0,70.46111304222205
68.0,74.423439600807
68.0,44.96885263987076
64.0,66.24653055020411
64.0,30.614500039671157
53.0,58.25974590907509
53.0,30.247057145733947
71.0,74.30755853985022
71.0,81.87460318415685
41.0,40.63419336461368
41.0,56.6689975849535
74.0,79.48356587916857
74.0,77.7977439354334
74.0,80.1358816469156
74.0,75.71998155062556
39.0,39.58416155019842
39.0,73.49979724440578
67.0,68.75433192189087
67.0,68.09968655917112
72.0,81.22427903486215
72.0,60.709406734901904
77.0,82.07182882448188
77.0,79.26923296530407
52.0,52.26882522404571
52.0,60.7615490936048
54.0,54.63230710106944
54.0,45.817033200548565
23.0,12.145789908915788
23.0,48.90752680370713
53.0,56.92657568651367
53.0,78.72158058825141
30.0,29.532163197962404
30.0,94.14327755850258
27.0,27.203950600464623
27.0,70.57213200242273
81.0,88.43749520851037
81.0,73.68237885888618
32.0,31.110471182933964
32.0,79.41995478900907
67.0,70.38492118634247
67.0,78.35320313184218
64.0,68.10253138148448
64.0,72.09847239901148
65.0,69.82197467146551
65.0,46.58992488230922
73.0,75.99302039095323
73.0,80.85129479123032
72.0,77.70610969124186
72.0,58.15787846183781
79.0,86.83558409079853
79.0,72.72444878624526
63.0,63.46618796350566
63.0,54.00288831468106
64.0,69.90367387877876
64.0,84.83300610314325
66.0,67.8869882264488
66.0,90.63695599916349
60.0,63.34858093498167
60.0,15.991279292477032
45.0,47.81160767012892
45.0,63.6064759941919
68.0,74.4343414718611
68.0,79.83091563265685
39.0,39.01270374779352
39.0,35.00121742776372
48.0,49.08890437002617
48.0,33.63145451636632
52.0,55.12740467339387
52.0,73.10177940537238
72.0,78.45904674228058
72.0,63.14076384703185
59.0,67.75366331602976
59.0,58.46143252038348
62.0,65.33142263516305
62.0,49.799577600774285
65.0,67.80785182699265
65.0,79.1663359975908
72.0,74.77039439707158
72.0,40.08411630051603
43.0,49.80578736083828
43.0,76.84606481285073
51.0,54.172705177452485
51.0,7.664173429501602
56.0,59.7280581517889
56.0,23.917770515356324
49.0,48.07013256156495
49.0,34.39012492131735
53.0,54.54399532356672
53.0,30.108520333598506
66.0,68.94695065407382
66.0,82.99933844958497
65.0,71.52730479162176
65.0,70.46715340311977
22.0,26.069982879424686
22.0,28.43481068620747
74.0,81.54060619950161
74.0,61.17024742505754
70.0,75.98282046399737
70.0,70.90473229786858
39.0,31.245332876014118
39.0,73.43620246168376
83.0,89.65948387538322
83.0,83.86620797709662
63.0,63.157700040829525
63.0,21.663699924469256
61.0,70.75642555509381
61.0,73.34310529997231
63.0,66.4054470940028
63.0,67.89013727015902
64.0,65.67999183525768
64.0,46.85744629877382
73.0,78.92545589530016
73.0,63.32253205323872
72.0,78.43118343932457
72.0,26.98648989251268
75.0,80.42855570833183
75.0,35.26640238108598
67.0,75.6969168866924
67.0,75.510087813805
74.0,80.85624780604019
74.0,51.24493108367068
55.0,54.868842473217455
55.0,70.3739075503554
42.0,41.1213801591814
42.0,64.37626499349307
38.0,38.105561695299684
38.0,48.78647292135014
71.0,80.62632142529509
71.0,62.49841393016624
68.0,73.55840338475235
68.0,60.81451943677479
64.0,67.59126179430064
64.0,31.639920245228495
75.0,82.33237616100365
75.0,31.313471315621143
56.0,59.87445632970747
56.0,26.789375525415096
50.0,51.43502966137572
50.0,31.894704124846726
34.0,33.97167309922054
34.0,69.9795402256089
44.0,44.146906905825574
44.0,80.9748457578234
71.0,82.16519950339637
71.0,75.78260923497135
69.0,73.05875988508137
69.0,38.188431117010055
74.0,78.4805161664708
74.0,60.095628552099015
59.0,60.99012064387796
59.0,72.4955343146678
72.0,77.59501385857646
72.0,13.348206399975766
83.0,89.30331818392625
83.0,69.71170478905748
79.0,84.65356676151947
79.0,11.075477443441741
36.0,32.73608562681363
36.0,28.040466393180225
54.0,58.45766759463345
54.0,86.33772887481507
64.0,65.91711069984433
64.0,74.62161402587947
75.0,82.35090865487587
75.0,66.07704134968833
69.0,73.93758170569942
69.0,68.3278541442362
77.0,82.20652319912739
77.0,56.65359513963142
43.0,44.74429781631795
43.0,59.06634421886713
52.0,50.56213891653499
52.0,59.54026698814317
51.0,51.37968819966591
51.0,30.58859735751605
75.0,82.60954503280794
75.0,68.66850083974492
41.0,43.600099913734766
41.0,78.78331214143805
64.0,63.48946894490274
64.0,65.7644862433541
59.0,63.356638849237925
59.0,71.58871988426961
47.0,51.29801960179583
47.0,41.04773728232357
49.0,50.886250926854586
49.0,43.738290621136684
63.0,63.78406146020302
63.0,75.63445723945392
71.0,76.25902274581944
71.0,73.33487026498011
75.0,78.28823529755755
75.0,64.6912748137641
53.0,56.61648084949775
53.0,67.21592443794196
64.0,71.455916370875
64.0,61.02852494071959
71.0,76.91255479128995
71.0,39.689760953016616
76.0,84.63863051341923
76.0,42.83983047663395
50.0,49.07248453760286
50.0,81.83799544472225
72.0,78.06678786145767
72.0,23.02280286160766
61.0,64.16431446588143
61.0,62.05496320312466
58.0,61.50590043518906
58.0,69.18317716443659
58.0,62.781278612421545
58.0,60.47485227899551
68.0,74.72540538882879
68.0,75.7197185944355
64.0,65.25525145377588
64.0,63.41821196393494
66.0,72.83150456110371
66.0,31.03961575108832
55.0,57.34767713411486
55.0,9.615852996923195
42.0,47.32763928110961
42.0,76.21651203485982
55.0,58.15533810005968
55.0,73.26889859259813
53.0,57.556369009247305
53.0,41.78518005092383
53.0,51.88100562244307
53.0,50.856629370105395
60.0,62.8883826211333
60.0,79.15020079453063
25.0,25.184399022935054
25.0,79.66924469560234
65.0,72.35964368430513
65.0,43.56025143596071
56.0,54.463169271354104
56.0,77.61632488830145
56.0,52.95078358058271
56.0,78.06145362658725
57.0,59.32290815411636
57.0,73.80382317133217
39.0,41.008758557409806
39.0,86.74084940456117
35.0,31.022062527063497
35.0,75.02878863839254
48.0,48.402077461568524
48.0,56.23335661102362
69.0,76.96129836916248
69.0,70.90615364797787
16.0,6.463593254510329
16.0,75.1890924104053
64.0,63.03386332896662
64.0,68.3954668069278
66.0,72.30407356768393
66.0,76.9362803242347
45.0,44.49254077061323
45.0,78.53018328165729
56.0,59.983574556081805
56.0,65.48902842607629
77.0,83.57085348654971
77.0,59.62229275648798
53.0,57.1770706041612
53.0,33.57845392953692
61.0,65.50041165682808
61.0,61.57226606804949
74.0,78.85013638715918
74.0,59.24907446649473
73.0,77.94173320380611
73.0,72.79175467141363
72.0,75.06032125340136
72.0,82.40270560204573
79.0,86.4702148999562
79.0,24.913025417527933
36.0,36.68155270258063
36.0,36.149957599063896
73.0,77.97899303879768
73.0,82.70951949521793
63.0,68.41743235821457
63.0,79.08474321563494
71.0,77.77872253677248
71.0,69.24799441220466
80.0,88.21239850145275
80.0,69.97149347614908
71.0,75.06642601343793
71.0,82.98866618021952
58.0,57.15253576283095
58.0,76.80966438926623
32.0,32.999283847166396
32.0,84.33405464923874
52.0,52.867422163499725
52.0,46.368833216370945
68.0,73.40769115625216
68.0,69.94213680418801
61.0,66.63529476222794
61.0,78.77064862965278
71.0,74.80767509400869
71.0,68.18281249170042
80.0,87.76988495288572
80.0,53.0953403305835
53.0,57.74301106730758
53.0,65.02792620103662
42.0,33.78166133724113
42.0,71.51529902548384
69.0,72.95578953326276
69.0,64.62550831208051
78.0,83.69875674548757
78.0,21.063208411337712
73.0,79.51841221921637
73.0,29.675836442643742
69.0,73.30578046194466
69.0,74.12623022141844
67.0,74.04403473059199
67.0,57.371903926914456
77.0,83.08723385466209
77.0,85.66700722386435
53.0,53.408719615607026
53.0,75.9239032398761
59.0,63.57492938654332
59.0,91.73742177051031
61.0,65.08126608586667
61.0,76.36992752459525
70.0,71.60111769314534
70.0,75.80934981736294
38.0,38.27059085463878
38.0,80.2692761110157
68.0,73.84621588648793
68.0,72.54972046155444
57.0,53.17970732570973
57.0,70.88649452194778
52.0,51.70834452462378
52.0,74.2402882368927
65.0,72.18132876155641
65.0,67.83913437857012
62.0,67.48715821134414
62.0,54.19853166377453
27.0,18.074502208230285
27.0,71.69881371944939
75.0,82.35281133620538
75.0,49.12579170467427
67.0,70.32389547079862
67.0,83.79754629347201
63.0,67.45309781067289
63.0,51.380098501466534
28.0,25.93293699832236
28.0,48.85446662596718
32.0,32.34824857882205
32.0,51.90300567545893
43.0,38.59419030264689
43.0,42.64955648226612
65.0,65.33248789591056
65.0,84.36821652499447
66.0,72.3886229339513
66.0,57.36051930924867
72.0,80.15807269756573
72.0,69.57231641155846
68.0,72.23215574557054
68.0,90.20377003194767
55.0,59.6653819206291
55.0,60.62969573640652
41.0,40.36742624590124
41.0,69.39666450089675
34.0,35.726653019025036
34.0,65.22444103819066
67.0,74.37622417502882
67.0,14.86138615666465
77.0,82.61989711924559
77.0,55.955530945290604
63.0,65.68896856354223
63.0,29.490578449013015
62.0,65.72274605089547
62.0,72.83129183664471
57.0,62.25418722615484
57.0,33.916813457510955
67.0,70.93529742454001
67.0,68.1815456723744
78.0,82.99428898811647
78.0,68.02348866531628
71.0,74.7558018583452
71.0,76.5881398679283
51.0,46.946467204784824
51.0,60.30310183797201
60.0,60.729191651502504
60.0,67.43202479793007
29.0,26.321631622556367
29.0,69.10842169409659
71.0,75.89053095721135
71.0,65.7695316072037
70.0,73.28801419666195
70.0,70.00674634368636
73.0,78.51738926574467
73.0,70.45589482153503
68.0,69.78097504032024
68.0,67.5532072140839
80.0,86.03156046198461
80.0,67.17679843643992
55.0,59.07531478384254
55.0,75.95092883449075
64.0,64.58234823295953
64.0,64.97264980116381
53.0,51.15759171105748
53.0,60.69251475070246
79.0,86.45614497599541
79.0,68.38612890974855
59.0,58.74485848080104
59.0,44.56842166251897
66.0,67.53858759230434
66.0,70.06840177692277
75.0,79.14323957368282
75.0,83.16827801224707
53.0,58.66261198933654
53.0,47.5739158575588
55.0,56.68799047382589
55.0,57.501130540514396
46.0,47.244875391247945
46.0,75.0679642584227
67.0,71.85469727639418
67.0,36.30748835206941
31.0,31.58043107087059
31.0,70.58105674991094
30.0,23.266914963286524
30.0,47.78858560017517
29.0,24.471482976618006
29.0,66.21131169749657
42.0,42.80926789025551
42.0,69.38908739480786
59.0,61.78295124372005
59.0,70.33515519284362
67.0,67.88144620287306
67.0,77.52935234407056
71.0,79.71195791338982
71.0,34.13179336797333
31.0,26.23513425971612
31.0,70.66397633792099
77.0,82.65609449148604
77.0,81.98462140739173
65.0,72.3869993984884
65.0,35.84701363997743
78.0,84.94419821034114
78.0,44.66464726885113
53.0,46.904122251702745
53.0,73.56976509791264
48.0,45.95923850272942
48.0,45.44434571247234
68.0,73.82641734370469
68.0,66.84618583712961
19.0,14.315927071309602
19.0,34.98260207929002
59.0,61.489458620839
59.0,61.365409681980964
65.0,67.44184928010833
65.0,76.34041214485745
73.0,79.53284820214179
73.0,53.635807654676796
36.0,32.73608562681363
36.0,83.79770650226777
59.0,58.038643394423275
59.0,12.898598075194286
38.0,30.861228434802513
38.0,81.11691251774073
27.0,31.26430989443395
27.0,65.7134327857247
74.0,78.36025553272657
74.0,78.17072944875576
72.0,80.02500648661288
72.0,71.66051176095942
70.0,74.61028953568604
70.0,76.45001390243453
55.0,60.10481393217577
55.0,69.88225412680521
70.0,77.05042130595365
70.0,34.227302379125376
72.0,74.5941313333189
72.0,82.93392075506671
68.0,72.72581692787986
68.0,87.0684946213562
53.0,55.269460809454415
53.0,78.15482248182457
54.0,53.86301113116042
54.0,69.27478649212793
66.0,72.9114330356046
66.0,71.3637671302933
68.0,69.39677784665543
68.0,37.42132041099916
56.0,53.29265126230007
56.0,78.72601110350843
57.0,61.06294504143733
57.0,51.139727182747606
66.0,72.09561865212964
66.0,32.921676378075176
46.0,52.91035997024312
46.0,73.98868684422234
52.0,54.13942150602577
52.0,51.84096462515015
44.0,42.66024841850185
44.0,17.6566824493093
27.0,8.38910770333257
27.0,65.38150785287877
61.0,58.53712161764582
61.0,80.91861241229708
75.0,79.62956542147367
75.0,59.597958952338445
61.0,66.77931304008234
61.0,58.11476304341255
68.0,73.73891040908478
68.0,86.71676806820312
42.0,41.099658534559126
42.0,42.05721423187509
76.0,82.55516427156806
76.0,75.19487697217369
73.0,75.9997852081666
73.0,70.93617014144746
69.0,74.02974800623991
69.0,66.39227074465379
65.0,68.99581889418096
65.0,70.08029523145274
67.0,71.51518114878814
67.0,62.97150921599331
73.0,78.76416704500355
73.0,35.90079281484083
63.0,62.302475654098544
63.0,58.26212347054502
65.0,69.88584561045178
65.0,45.52002988424721
46.0,47.19932897832592
46.0,66.7374302569566
28.0,28.36243432764701
28.0,78.13400988717348
66.0,71.42601228321865
66.0,52.74046158678391
60.0,61.49189314609907
60.0,71.37071913176197
68.0,72.62947625092727
68.0,52.69162843683205
41.0,38.49007616319125
41.0,67.55237045067071
27.0,17.814703713112124
27.0,79.82734008389411
80.0,86.67348298713551
80.0,78.17421970761029
57.0,57.60069386478199
57.0,77.7450915357125
47.0,45.558679422680314
47.0,76.23315504534014
65.0,69.64505736256262
65.0,22.344122007530302
69.0,75.14336466357042
69.0,62.89450180314623
71.0,78.11212332613297
71.0,62.158144089027815
61.0,60.42831766010369
61.0,71.17249155794781
70.0,74.62364747499544
70.0,42.70451592137164
18.0,11.163763149543001
18.0,81.69740574414311
70.0,75.55434922168945
70.0,67.94259450502562
33.0,31.64367840585146
33.0,60.71899634133081
42.0,46.87798745953444
42.0,50.49680767523995
75.0,79.55923392028029
75.0,95.6246359295206
27.0,31.91909725290185
27.0,85.16962648077327
61.0,61.401986022777294
61.0,83.44571902687397
70.0,73.32833500921151
70.0,71.02883621282552
81.0,89.6714501271752
81.0,67.81045845856261
76.0,82.4164862579047
76.0,70.91271390821748
75.0,83.87078707798582
75.0,72.73931019721954
53.0,53.06820951285647
53.0,60.80428875827238
41.0,33.12153237911855
41.0,81.38356766890405
56.0,60.28924594890225
56.0,75.8759169813535
60.0,63.625312547927024
60.0,62.14933034413042
52.0,53.71727260624141
52.0,65.40475011858803
53.0,51.04723365716342
53.0,58.59737512243248
66.0,66.36803939447498
66.0,60.39750755804886
35.0,35.04937040708609
35.0,87.43604591207935
34.0,32.816529536261385
34.0,18.80046768459971
52.0,53.86535341149738
52.0,70.0420113310426
71.0,76.29343900085331
71.0,48.71746092043014
63.0,71.32609434595582
63.0,72.35546683392988
59.0,62.92516548525458
59.0,69.93359082430891
66.0,72.40635737455364
66.0,74.30761209115855
68.0,75.26019924142253
68.0,50.6875710018204
42.0,39.382159028265505
42.0,24.79344916134181
51.0,56.300810856759426
51.0,78.25031788851601
16.0,9.824282455882383
16.0,87.65385723280917
72.0,78.4319107183473
72.0,69.99224388040983
63.0,66.54215099507718
63.0,81.90378755486529
71.0,77.38692197420471
71.0,76.95109863928877
77.0,83.4760613785457
77.0,87.92859744265587
75.0,81.35132286086792
75.0,25.567508503303372
62.0,66.47507089235023
62.0,35.929018805730664
69.0,72.48372451282768
69.0,72.01838284679081
40.0,38.169927183260484
40.0,75.74598822732338
59.0,57.85084802841078
59.0,65.14231680871825
27.0,26.34309416238085
27.0,75.45796403429443
71.0,75.7902888100329
71.0,61.11954924855252
51.0,52.04203784213564
51.0,62.836459892788696
66.0,68.43119549503268
66.0,19.432492251561655
49.0,49.378214405787105
49.0,77.44848810063866
37.0,30.746639220320276
37.0,69.07843817944092
64.0,65.58928685247292
64.0,38.236813939050364
76.0,81.74886114658528
76.0,67.39118491435903
75.0,82.48834094148003
75.0,85.26058081056271
68.0,74.41773076234017
68.0,70.87141993011647
60.0,57.69168552482978
60.0,90.2591661956053
56.0,60.90425730722052
56.0,22.97680032148321
52.0,46.62379648366209
52.0,46.440968745838404
62.0,64.02291840435583
62.0,64.36652356212642
64.0,69.59083824881304
64.0,73.34112155632818
71.0,77.3611418584569
71.0,32.16822779013137
60.0,63.16867037826427
60.0,44.484989186025985
60.0,65.926395234577
60.0,40.0718080335738
60.0,64.21511596152766
60.0,31.223370482547693
75.0,83.13790677268469
75.0,81.29564096822224
69.0,77.415230422359
69.0,67.98774541365327
47.0,52.06359353573379
47.0,66.50363020946844
38.0,34.17787379397379
38.0,18.965973445638554
83.0,91.4070813155052
83.0,77.2705678707718
36.0,30.444913428329926
36.0,65.97560646288292
35.0,32.65951624957546
35.0,71.84807802662414
56.0,62.889571927331644
56.0,60.190431957941314
48.0,54.39424573138774
48.0,68.07620777498374
33.0,30.58859735751605
33.0,63.87942877975786
65.0,70.69626620646204
65.0,65.23319966618169
64.0,69.96316861476413
64.0,59.28100441247494
50.0,54.86458325793524
50.0,80.321339827082
74.0,78.15103943603668
74.0,77.14168969617077
61.0,59.979063444639735
61.0,90.04452185222942
72.0,72.67321553340355
72.0,-4.4089119928548826
80.0,86.56482200276969
80.0,26.831265828887126
59.0,60.590232495984424
59.0,73.24525546487735
62.0,63.41906545731371
62.0,86.86535054882586
62.0,65.0675233244927
62.0,60.382391211838865
55.0,63.64989755024072
55.0,46.401236762998565
36.0,37.51153398122125
36.0,85.78168057519832
46.0,47.50413221806997
46.0,76.71616766844443
59.0,65.81518766049476
59.0,36.584711386780384
72.0,77.36044387482332
72.0,68.76286440850464
49.0,49.58056954976587
49.0,76.6901492747956
64.0,67.19386524328553
64.0,35.32092011364318
54.0,58.0509786232945
54.0,86.35199334688633
66.0,71.1963175103487
66.0,36.873115020884995
72.0,75.17740061374184
72.0,31.49192135616221
57.0,61.43475141882709
57.0,22.99530239371967
69.0,76.57911253411095
69.0,74.43512750874896
71.0,77.7194415584841
71.0,79.70125686413724
64.0,68.21874183846575
64.0,66.96156464773821
69.0,75.89221423483644
69.0,52.08884445451065
69.0,74.62816634003053
69.0,84.35897031475582
71.0,77.61770887105939
71.0,69.11544990283988
44.0,45.48724887996099
44.0,67.87979376302872
34.0,31.000875866658816
34.0,55.013907287253005
69.0,70.98452442106634
69.0,66.46868764104698
53.0,53.2649510724666
53.0,78.43995867806143
52.0,58.18834828721788
52.0,40.78639588694898
58.0,61.1506774829835
58.0,74.1743832774593
75.0,85.09401196685383
75.0,53.77335269541908
71.0,78.83929337960666
71.0,92.38184233946447
79.0,84.48181246519874
79.0,53.68534884534688
67.0,75.86069528665956
67.0,59.30149267340886
59.0,56.68630953253313
59.0,79.70275613093236
38.0,28.864736418331404
38.0,61.57485350368938
78.0,86.4717032458068
78.0,28.262674363045505
42.0,43.81315727730856
42.0,78.17747550380051
75.0,80.33264312942532
75.0,55.337954321235884
73.0,77.31103766591917
73.0,58.90584311865956
48.0,54.64964910995013
48.0,57.766765717735495
50.0,42.20745391441562
50.0,80.16143560329215
5.0,0.39923992833325883
5.0,22.56278743439418
62.0,61.310285884285804
62.0,16.927270115647048
23.0,2.7523971130027007
23.0,68.65956465069127
59.0,62.705527230019015
59.0,6.078412158923072
67.0,69.52114153631254
67.0,67.57697504297403
45.0,49.45583188326793
45.0,70.96712748928866
31.0,29.424087950443266
31.0,78.4959313212176
41.0,33.124480116683685
41.0,69.7712463205504
66.0,69.96197521452882
66.0,40.67614723811403
41.0,38.251013891474884
41.0,66.77220662507011
79.0,83.7882845497503
79.0,63.58682639666807
35.0,31.235806779430504
35.0,10.156709789094236
60.0,61.14574074604445
60.0,85.66815905306589
70.0,75.09284811035621
70.0,67.66860831260692
74.0,78.3323646341795
74.0,61.17812429039998
62.0,64.6044678393884
62.0,69.2430690601393
44.0,45.567412622981806
44.0,38.91812380548896
49.0,51.15244330127314
49.0,77.42566389021283
70.0,75.79174925677631
70.0,71.72207697996123
68.0,73.3513036852645
68.0,71.62699393371986
50.0,49.34267890064558
50.0,81.11272145584797
74.0,77.44051317773113
74.0,67.8268281647243
65.0,68.77331593796839
65.0,54.648475801263544
79.0,85.97798188954198
79.0,84.43444642926312
68.0,69.59675642975549
68.0,60.59725929904897
67.0,70.63386705812161
67.0,75.2086537436532
13.0,11.256020407245671
13.0,86.56852160868891
62.0,69.81904685361366
62.0,70.80301524733687
70.0,74.5609875595
70.0,45.05233630327638
62.0,62.312310133641915
62.0,60.100909964115715
66.0,69.9782249284903
66.0,49.84759296371783
53.0,49.70495021044036
53.0,62.928260023559176
73.0,80.76095530085792
73.0,49.95714438840582
68.0,72.28948033190397
68.0,67.57653502434204
74.0,79.58909579871971
74.0,65.09277766569306
59.0,62.472002171895326
59.0,78.77568862660547
79.0,86.01043313224642
79.0,76.74538167924902
40.0,38.18777721904962
40.0,34.68137699345908
72.0,77.21206435025306
72.0,88.237738949272
67.0,70.56593108923244
67.0,80.72434553917327
66.0,66.6084747347063
66.0,78.43965248072351
68.0,68.63649750216922
68.0,79.15867332937205
58.0,58.111046563351294
58.0,74.35192915816202
75.0,79.95411616386878
75.0,41.26253121597989
73.0,80.81363226733453
73.0,44.294531419989426
69.0,76.2404180473892
69.0,81.60914521513513
60.0,64.60923836495323
60.0,52.932859982389516
59.0,66.26693870784499
59.0,73.07902771378536
65.0,69.36340269442837
65.0,82.1251920887018
63.0,64.74746236146956
63.0,92.26686994012039
67.0,68.5547114549696
67.0,85.51811002310797
53.0,45.900671278662855
53.0,68.38359673226319
76.0,84.32796998774626
76.0,74.50641490963847
48.0,48.88296299057339
48.0,47.9280770081798
53.0,53.87751854697308
53.0,81.52518610514966
81.0,87.03611835309891
81.0,67.38552275187095
71.0,75.9179097435333
71.0,83.45526507999858
47.0,38.98177965844661
47.0,49.21319531300276
51.0,51.77300063718735
51.0,84.48181246519874
64.0,69.74915789179579
64.0,80.35363738509932
60.0,64.06934731320928
60.0,74.21831153859046
27.0,17.482848521921994
27.0,80.01325063664325
67.0,72.9064451251968
67.0,22.147303254243752
70.0,73.94738641204623
70.0,51.594189981046895
45.0,42.161583290254725
45.0,81.89533393027438
44.0,37.08416055486657
44.0,70.37637250696491
50.0,50.454073401937194
50.0,44.05386729904933
56.0,61.295505647835625
56.0,72.05112645710886
42.0,40.191972211656264
42.0,71.3016803895888
43.0,39.58344996307659
43.0,57.16536780570141
58.0,64.6214323714247
58.0,73.78884131966748
55.0,53.751096172683845
55.0,71.40098182579419
64.0,66.10971164862082
64.0,70.61371264902766
61.0,67.29373423470861
61.0,41.84057486159497
45.0,49.35212470874086
45.0,73.98866797496339
71.0,75.93684484656632
71.0,70.14303064602512
61.0,67.08561757638512
61.0,71.60325160836646
60.0,59.672755687598
60.0,20.810487892051412
74.0,83.55263728205313
74.0,74.50419954401184
59.0,63.94144105769493
59.0,83.98282916108735
76.0,83.15208404017233
76.0,51.42838448046098
75.0,83.53071555107061
75.0,53.37752249502978
55.0,57.06953048490084
55.0,37.996646798412655
48.0,50.123248521552966
48.0,30.65500895289665
62.0,65.17382922415538
62.0,53.448969120181175
64.0,67.56759790227778
64.0,43.66312877700909
74.0,80.63728381184478
74.0,82.88393466781287
50.0,64.80605399992771
50.0,46.62560153192646
70.0,73.94947890109569
70.0,73.3883730948005
62.0,62.340992032321594
62.0,83.96911339227796
69.0,72.70241314469916
69.0,78.15751979411141
23.0,12.754217894814587
23.0,54.26182508981623
42.0,39.468759321241805
42.0,48.9630542378045
79.0,86.55240582903127
79.0,74.51160604002138
75.0,83.96768420158736
75.0,52.97516426703464
47.0,47.29573627452771
47.0,76.87242652430183
56.0,55.772002352517404
56.0,90.95264805711957
68.0,76.74777072935092
68.0,67.47589699475952
75.0,85.81877856199714
75.0,57.07581001637283
58.0,57.65438829513653
58.0,54.50137847223732
73.0,80.18012866953109
73.0,74.06045557725872
76.0,78.08060378030058
76.0,58.964002951390285
56.0,61.52027695824762
56.0,69.98809632485171
81.0,85.49161335684187
81.0,74.31511026813575
78.0,88.94151638005269
78.0,81.34809368021297
59.0,61.94361838261824
59.0,60.093721326277546
61.0,64.88939200774979
61.0,79.52127453072455
74.0,79.48530228596348
74.0,79.92644851907352
63.0,62.98637545606664
63.0,77.38807373628242
40.0,39.019973216096105
40.0,48.25541207699365
80.0,85.60307974104177
80.0,72.87095044665136
63.0,66.44643036300101
63.0,54.88942369434318
56.0,60.34694397991177
56.0,85.66893315725753
76.0,82.79839313203843
76.0,47.7568021491893
9.0,8.950187650167834
9.0,48.20380659257546
75.0,81.9957623531377
75.0,71.00989370850186
56.0,59.71010024754173
56.0,38.575912951407076
73.0,77.26745166087431
73.0,77.01172706009481
73.0,77.22622138685563
73.0,74.0470142305038
74.0,80.68231682288041
74.0,73.55208462464213
57.0,58.54741108212585
57.0,53.85917516618355
56.0,54.71646821505743
56.0,56.862817378870886
74.0,81.23639492786026
74.0,24.639556034282066
67.0,70.42474826754005
67.0,87.11981773387868
71.0,74.23090251235067
71.0,54.44063193207057
61.0,67.33930777988024
61.0,64.27862205369718
30.0,34.96406915614301
30.0,78.05042799769495
66.0,69.36760079148519
66.0,72.05917705050524
66.0,71.01903999115899
66.0,68.38763365647276
70.0,75.51848235380328
70.0,32.98947548732207
80.0,88.12196155220431
80.0,65.62446586819857
64.0,67.12413582049197
64.0,61.19379251262461
79.0,84.49210820769883
79.0,26.101862895116597
72.0,76.65392823721322
72.0,70.91590289662275
74.0,77.87991864152593
74.0,39.99024442298855
74.0,79.76143424424532
74.0,46.235432656075545
19.0,7.121929172418561
19.0,79.7247087555728
67.0,73.43922342415243
67.0,10.716109234265275
74.0,79.04525558230392
74.0,79.29077459517794
39.0,38.485564040030965
39.0,76.740940536952
60.0,61.8441303662791
60.0,84.94136386047325
76.0,79.86701220380377
76.0,23.78950262568668
69.0,76.05282619270076
69.0,70.15323083750638
56.0,63.106974787068566
56.0,83.31817006252129
55.0,53.52692964028387
55.0,81.37791533541935
43.0,45.03199278381038
43.0,39.704856738729234
57.0,63.36845158890662
57.0,74.5205712265672
42.0,43.58735953998729
42.0,90.16855490262077
51.0,51.638064031892384
51.0,62.500036889346916
73.0,80.17221629738572
73.0,59.623882509617886
48.0,52.58088653625134
48.0,73.04637503994644
64.0,69.02507833286018
64.0,25.93293699832236
67.0,73.80153789874623
67.0,58.38783905923498
19.0,14.208766775822028
19.0,54.86579252942062
42.0,38.08663516135465
42.0,72.20859187952516
59.0,61.36536651590552
59.0,55.25785687144071
61.0,68.57483564783638
61.0,74.1470973519057
69.0,75.14100640261313
69.0,34.39922871284989
41.0,40.67542226741904
41.0,53.72331879855011
79.0,85.72657843420302
79.0,75.36866875211507
74.0,78.32788715990358
74.0,82.89267224551764
73.0,82.8445868279399
73.0,79.98848854781102
65.0,68.70820871878925
65.0,71.24966750799916
50.0,46.13729096757328
50.0,78.51543699906887
45.0,44.47300455762053
45.0,54.03980791671455
34.0,32.88786155273698
34.0,73.7311174608007
24.0,11.195611110903826
24.0,82.98032310135903
48.0,45.98174307807062
48.0,82.03642371239562
37.0,33.666221210153594
37.0,52.599240527972825
59.0,59.58567968188862
59.0,35.183858991061584
67.0,70.49648462263991
67.0,72.14605323642604
71.0,74.40215879722012
71.0,31.64662638513505
54.0,54.62057192543779
54.0,62.450196988052426
66.0,70.42751051287138
66.0,43.9597656823226
43.0,41.579471672942134
43.0,70.65967873756506
64.0,65.82457095537188
64.0,83.04596729327483
38.0,36.3948870171543
38.0,72.50226721314573
71.0,76.1306000088108
71.0,63.27930149084568
23.0,24.78074957330267
23.0,76.41415422266675
59.0,61.79505068687871
59.0,83.57879054044162
51.0,50.94039516270004
51.0,25.27870012586908
71.0,79.52152152238881
71.0,33.232780054434045
75.0,78.90023410135427
75.0,69.89291166063015
14.0,14.466637896203565
14.0,44.19862753596482
65.0,70.39802916129787
65.0,73.30762286499015
77.0,82.76965685879566
77.0,71.29819905514108
73.0,76.2445241544691
73.0,71.23931085871584
79.0,85.15493620891397
79.0,78.4585051924173
34.0,37.62580413229239
34.0,80.05284980205232
52.0,53.13739038681234
52.0,80.1311942515818
51.0,53.33211583258793
51.0,62.55175171039974
32.0,26.1741794401662
32.0,59.29992213130856
43.0,43.60735235537902
43.0,59.84839481263742
76.0,82.74426937920066
76.0,43.42423819984964
51.0,46.97656356454621
51.0,80.42120485218055
68.0,73.11684388590618
68.0,60.376875145084284
50.0,51.88893850306766
50.0,43.402775693933336
56.0,59.10841662958387
56.0,33.044343777779204
65.0,66.2525143808142
65.0,78.77345586403106
66.0,73.56579962386195
66.0,76.22091234098161
81.0,87.26073457798884
81.0,21.131552602580143
68.0,75.30384788697057
68.0,62.140250520884365
64.0,68.74371145413994
64.0,75.72924319035667
60.0,61.10927464008557
60.0,62.437059523341304
81.0,86.49239506577732
81.0,67.11076890048128
70.0,76.51743543729106
70.0,61.74758066994974
76.0,80.86173793085817
76.0,75.66528195721901
76.0,81.51786122148633
76.0,80.70147782195141
69.0,75.73393099822601
69.0,81.10641581256812
72.0,77.92698428985676
72.0,68.83051042198315
58.0,57.19816317429252
58.0,72.61671571129239
61.0,67.06597798687721
61.0,71.92066777293525
65.0,72.27722046165889
65.0,68.13305740188571
45.0,47.39961133872907
45.0,27.95071455203555
70.0,73.258940229823
70.0,90.02006367912861
72.0,76.49455224271844
72.0,66.35605934702016
64.0,67.82401909174229
64.0,63.590113500261964
70.0,72.898195307653
70.0,78.85263788449095
25.0,17.550242391180745
25.0,59.83249332026321
73.0,76.15139938082706
73.0,59.92044342724023
69.0,76.45782502538322
69.0,80.61181842140195
61.0,65.85444170149935
61.0,54.60109175547416
68.0,72.30869983424708
68.0,59.56529103573865
65.0,71.00065136635982
65.0,69.03111353647841
75.0,81.90882571115094
75.0,79.48475187107192
72.0,78.27901066388927
72.0,79.4623728698387
74.0,79.83252938477415
74.0,66.5580519559062
57.0,61.73932531498366
57.0,53.92661245900183
78.0,83.17613839001865
78.0,82.6064338091465
73.0,75.64716986831826
73.0,66.99435650055364
74.0,79.49715735981198
74.0,80.6633132404366
45.0,46.26789131675548
45.0,23.69759419860759
36.0,30.8963352459798
36.0,79.98618208613351
50.0,41.95204000837424
50.0,65.3870794077265
40.0,39.75040922977581
40.0,72.30633186744234
74.0,81.19390130342856
74.0,64.37714764671887
51.0,53.54965117882
51.0,79.74951024603541
42.0,35.82466928341694
42.0,56.974755561108964
29.0,31.59945430080262
29.0,75.7579347182758
63.0,67.6326840962289
63.0,40.36816192677236
75.0,79.85189241393078
75.0,70.16294012670943
72.0,78.14131453972573
72.0,70.12995277523407
75.0,79.02479824039693
75.0,63.05891595138576
43.0,37.90853911156967
43.0,84.3166234918898
72.0,76.88526695345587
72.0,41.08750216340866
64.0,65.81581327654465
64.0,22.234404446217923
69.0,73.87599919037365
69.0,78.22676753721936
68.0,75.45040152049762
68.0,71.80419577300819
59.0,61.23448478592712
59.0,74.0362366781456
69.0,72.50775424096884
69.0,58.428831168560066
51.0,48.9950054044686
51.0,45.01901694204054
73.0,74.57695484450733
73.0,56.513999879143796
53.0,49.92483499053213
53.0,18.486415699275256
68.0,70.47486552991819
68.0,45.591583739024315
74.0,79.05554324063746
74.0,77.37876278841605
66.0,71.29509563309438
66.0,66.72212837510915
53.0,56.222117169187186
53.0,51.41563183559572
74.0,80.58117348745787
74.0,84.33631634214623
62.0,68.96156898663986
62.0,49.97889743463844
59.0,62.878710077921085
59.0,85.8545522137183
79.0,85.16687732941739
79.0,69.76436541149366
58.0,58.851525999829676
58.0,62.82806907565504
63.0,69.91042058078256
63.0,69.87152996044199
64.0,67.33025656889072
64.0,70.5923834356172
66.0,72.33290248762222
66.0,26.190254246876634
75.0,82.67391206160903
75.0,32.19589081731681
35.0,28.814069177583747
35.0,46.82476677355942
72.0,80.7980446632451
72.0,88.36304687984585
71.0,80.3084465262757
71.0,80.02172033051465
52.0,54.7746430234036
52.0,87.08771925731156
54.0,55.77886293920096
54.0,60.487135308443555
55.0,61.830084453265954
55.0,84.3114114977401
88.0,95.9346319308604
88.0,27.815035726885185
28.0,29.776249993606314
28.0,79.41327952791494
25.0,21.44676936466692
25.0,58.44052972525634
53.0,48.869558263568365
53.0,54.85286568469098
50.0,52.15431598049105
50.0,67.28081030480502
36.0,22.218294778167945
36.0,59.627581350406956
31.0,33.81741001549466
31.0,64.31579731994367
49.0,48.109466659463976
49.0,72.2135144283987
47.0,50.777598440889676
47.0,49.892921136505265
58.0,54.9436799200418
58.0,63.52701308470853
48.0,47.78503475999747
48.0,77.23984911144316
28.0,27.838234989535636
28.0,79.5993213079953
58.0,64.04827632225499
58.0,60.64213915936
47.0,40.981550801668504
47.0,78.93480701478313
61.0,64.11004123852439
61.0,81.60913503184054
52.0,51.483539455235075
52.0,79.72484991527847
72.0,79.34256617311706
72.0,65.30552682298782
69.0,74.54664504547719
69.0,63.97208613283391
61.0,66.32792604957291
61.0,58.570742766812714
81.0,88.4538161301968
81.0,14.967888457888535
64.0,69.65659613126013
64.0,35.84984835146952
74.0,78.9121458250778
74.0,44.45402395825556
70.0,75.41028415581195
70.0,46.057695445286754
44.0,47.71243569383671
44.0,74.11443460559144
62.0,63.97963473172598
62.0,29.413674251641623
22.0,14.327382621781055
22.0,35.990656411428176
32.0,25.95382314331738
32.0,60.02526594105723
65.0,69.43219484851227
65.0,82.8413803979609
74.0,81.45898912490708
74.0,63.14854472126211
62.0,64.92471385896101
62.0,52.14191640750016
74.0,80.39928519237912
74.0,70.03052624208249
70.0,74.89174555087459
70.0,34.39390603632222
60.0,63.35669184519793
60.0,71.82058725544061
72.0,74.8362788725766
72.0,74.8995127993008
69.0,70.36886213408945
69.0,62.83470313829099
71.0,76.14156521353448
71.0,77.8413234384198
64.0,69.1502103341669
64.0,46.81884166313557
70.0,74.48620236686651
70.0,41.56704419532292
67.0,74.71589053000059
67.0,68.24466307692234
65.0,64.92528200431451
65.0,35.456519305389406
66.0,73.21676006310344
66.0,82.28290930860067
63.0,67.5790703412103
63.0,71.02410243951653
50.0,47.53386284931514
50.0,46.24042708801511
64.0,71.83009331335461
64.0,24.370917168286553
67.0,73.11079083720284
67.0,38.485564040030965
62.0,60.82992107622675
62.0,50.461253008727795
29.0,16.134967207474574
29.0,91.41493081542285
50.0,49.711662389513094
50.0,83.45635623670574
77.0,82.31836149958474
77.0,71.06048221197841
68.0,74.21755334154489
68.0,76.18158559480798
51.0,53.32815034872607
51.0,81.54856467397332
43.0,41.505335328756644
43.0,95.78008881005616
70.0,77.16470262575922
70.0,80.58854858493783
77.0,83.81951526103603
77.0,64.2464602851831
77.0,83.30051820878418
77.0,26.783019227984425
72.0,80.03307693121747
72.0,74.17967943690161
61.0,66.85578871911446
61.0,78.89362306535503
50.0,50.825846179948485
50.0,67.20631876603926
39.0,34.22425240117843
39.0,77.17947689589533
64.0,71.63117365415218
64.0,85.46384752367544
74.0,82.17381360902039
74.0,53.522469561001685
75.0,82.6648898417746
75.0,49.43278609161928
58.0,60.09643113256601
58.0,43.22911935122971
75.0,81.48221192813924
75.0,83.12234032452415
69.0,74.6892670891225
69.0,81.22290280920538
51.0,47.596218430609724
51.0,21.486093196019795
74.0,79.2502451419063
74.0,79.93664527962522
62.0,65.9196548297877
62.0,88.23499443619664
68.0,74.18275459609254
68.0,60.44348247153533
49.0,53.61419783580766
49.0,81.87304453983194
46.0,42.79494941945376
46.0,73.56725605369883
71.0,80.38417327182441
71.0,74.28186322700157
50.0,50.56865664179759
50.0,60.170979635813524
64.0,70.45858631638794
64.0,70.2153632583167
69.0,76.02963105080488
69.0,23.626525161450502
69.0,77.93605550652217
69.0,82.77560028259472
69.0,75.77478559048836
69.0,67.6350111444221
71.0,74.13245748066356
71.0,52.798311532485684
78.0,86.84924970674103
78.0,57.92023683079634
65.0,67.59690705738518
65.0,27.09664940154056
40.0,35.929893093771966
40.0,40.201489012043
67.0,68.68326832341148
67.0,26.831265828887126
69.0,73.14161496604271
69.0,77.23066087873144
57.0,56.66046862347508
57.0,60.92853592217102
39.0,38.86111608827338
39.0,71.11711052790122
47.0,41.658239428011484
47.0,68.44853256538818
71.0,76.73699939684536
71.0,83.86177822142571
41.0,40.230100550904865
41.0,77.17158043485898
51.0,48.65726934552231
51.0,34.91344816779184
37.0,39.456743032337215
37.0,75.47013218908319
71.0,76.68374485475391
71.0,54.96345484462017
52.0,52.23282214527586
52.0,72.99460663103179
16.0,3.9691313627311615
16.0,62.620640721472455
54.0,52.06814127071749
54.0,56.66853143656499
63.0,65.31317849188076
63.0,61.02234778613621
60.0,60.62619730034089
60.0,83.93459485782171
39.0,30.424716004298602
39.0,31.048617486724993
63.0,63.480342722719456
63.0,38.671417944487644
75.0,79.83012220726528
75.0,76.97374624693583
39.0,36.81064200230054
39.0,62.928630594357
67.0,75.88551236251908
67.0,76.60012385758057
64.0,68.54934722486485
64.0,55.90002817034622
61.0,64.09332887256613
61.0,78.90649888261714
64.0,70.9784747235185
64.0,65.57313070631392
59.0,58.388440200368166
59.0,85.06955575446142
56.0,58.12570196977015
56.0,59.20803723620651
55.0,61.18700911773726
55.0,24.164893648471832
66.0,72.86731017538472
66.0,63.475136257159136
58.0,66.64339410953744
58.0,67.61624937303145
66.0,70.76855971002277
66.0,49.4968335544707
50.0,49.4696919175683
50.0,38.3116054066993
61.0,64.15065062974685
61.0,79.9890063558205
57.0,55.53761758120396
57.0,21.36528872600593
71.0,77.54994345103097
71.0,74.58277933417963
62.0,69.29601222284487
62.0,68.03154024279183
74.0,81.0688964105529
74.0,49.95858204528264
51.0,51.73792351495484
51.0,44.86396653880888
67.0,71.50951968857476
67.0,50.09755216182754
63.0,65.76680012405484
63.0,72.00925225625508
58.0,60.187742184033254
58.0,52.87443566545352
64.0,67.29269708014357
64.0,76.34028661879887
77.0,82.82466573560873
77.0,68.86447507862209
48.0,50.781682175238075
48.0,77.62734416338287
51.0,43.719626078926524
51.0,67.44321726847261
69.0,72.19588215545286
69.0,37.58725181889878
53.0,54.720811585563524
53.0,62.73948273739768
18.0,11.89272522388984
18.0,72.67427256071102
69.0,72.20652629424137
69.0,46.91481165029802
35.0,33.12312996996309
35.0,30.210619302594523
49.0,39.92692563074638
49.0,68.26065910983323
62.0,64.69041693996923
62.0,7.361306533596348
34.0,34.76757170883798
34.0,69.44270277008275
52.0,53.99969479630306
52.0,27.350650485293386
75.0,80.1280093772998
75.0,77.39013423330005
59.0,67.968358908884
59.0,70.3789741387152
63.0,64.59554648062561
63.0,72.79126200472473
62.0,67.25490518007553
62.0,77.42104303399896
82.0,87.75165899228494
82.0,31.49422930407428
56.0,50.77656161074543
56.0,84.1073438307771
50.0,43.82391108217786
50.0,69.4946370138162
34.0,22.806789706196014
34.0,72.61150471283133
52.0,57.765929302621146
52.0,33.65565732734564
25.0,16.389824310322297
25.0,59.9535092660941
28.0,14.11899756260891
28.0,34.73511939655691
63.0,67.63757028788979
63.0,32.6390559636032
66.0,68.89079872749215
66.0,53.238784806525246
15.0,9.63490132831862
15.0,73.78388749212826
67.0,69.40810717030325
67.0,67.35677058517484
71.0,73.4754550374891
71.0,81.2101099073547
67.0,73.79644423409593
67.0,54.67632889371373
43.0,45.137647913082276
43.0,21.38788320542602
75.0,81.14162852222489
75.0,74.81385125972355
52.0,52.26764913992025
52.0,50.47765982602607
80.0,86.94789126582765
80.0,78.42795020517326
59.0,61.37160068683119
59.0,79.37563682562302
23.0,23.985556283014375
23.0,24.083989472149653
38.0,31.66284011379912
38.0,80.53504972557772
52.0,47.622575635390376
52.0,73.03920061365739
53.0,54.96206818839943
53.0,68.2289993929993
33.0,32.3854645745688
33.0,76.36044810053232
73.0,78.91098651315701
73.0,68.66850083974492
74.0,79.99041661829006
74.0,62.57748164397401
59.0,65.44748632996186
59.0,60.42333616511684
52.0,59.670184773220114
52.0,47.42866551585212
57.0,56.222859091395605
57.0,81.69090634817053
69.0,72.05581896126614
69.0,68.65638522890862
71.0,79.21264521783297
71.0,71.36227092418608
49.0,46.43034095884218
49.0,79.43840614456047
50.0,49.074152386452
50.0,68.43673979976046
66.0,71.06715711108694
66.0,75.95951649956623
33.0,36.12580984467439
33.0,83.88611276788691
59.0,62.54942440041356
59.0,74.88605831225834
59.0,64.10398447418112
59.0,-1.0075276840373135
69.0,73.50141967840489
69.0,65.81680518972945
79.0,84.71269841854433
79.0,36.057678320808975
70.0,74.98730982042741
70.0,66.96703310413596
59.0,63.22185709189637
59.0,72.64433397340906
69.0,77.77200075445933
69.0,53.18600313572489
71.0,71.97648163055953
71.0,37.15946454269607
66.0,67.47331483059321
66.0,89.8362845565033
38.0,40.04951304070346
38.0,75.03675470378289
71.0,76.516896087686
71.0,84.80550617201555
58.0,64.77146589491605
58.0,50.18334586173893
47.0,47.846028473842125
47.0,65.77686307071815
65.0,69.5536688274936
65.0,38.25164373580117
64.0,69.54786162093188
64.0,68.12178488366271
59.0,60.24227123329604
59.0,51.37145700411702
67.0,74.73800756853308
67.0,76.8537503373376
64.0,68.93451232241063
64.0,84.24664767566401
53.0,54.521118171196235
53.0,83.45216304961446
69.0,74.46574708896924
69.0,84.73444311664406
53.0,55.68688678880761
53.0,79.11750698403222
68.0,71.12552559191658
68.0,42.00666259708595
62.0,68.3520507269717
62.0,77.72486038040535
57.0,60.38842160539332
57.0,67.9647083710617
17.0,13.832362713041107
17.0,62.31976806000523
69.0,74.7624399994487
69.0,88.20539827060082
67.0,70.32490070052876
67.0,60.69686744090666
39.0,34.77153961321869
39.0,65.21520905394357
13.0,6.283099385150933
13.0,76.07635476003145
70.0,75.74182724324868
70.0,56.42837393188688
78.0,85.85067117089255
78.0,46.02759358162592
50.0,44.6561103722471
50.0,66.68684700018235
76.0,81.53888150187316
76.0,40.71639267640239
79.0,86.06627198770116
79.0,64.16654227130601
62.0,62.42747634813327
62.0,61.56624427035831
54.0,57.51508889126745
54.0,45.485209737617026
42.0,36.34457429834373
42.0,68.32650460081845
67.0,69.18831404021404
67.0,39.58634218793503
67.0,71.13739691024114
67.0,86.75259405386299
77.0,82.38116282853548
77.0,79.58554287669716
62.0,62.982651369186726
62.0,29.853762773284245
70.0,74.5416623496734
70.0,70.66140475979944
71.0,77.12950192264623
71.0,52.30925744417948
72.0,77.52610059656934
72.0,81.1906799880241
79.0,86.3884065727483
79.0,58.870931709478555
79.0,86.13609140512239
79.0,69.20372583398847
47.0,44.65832863738905
47.0,83.78170228047765
74.0,79.38350571164261
74.0,82.01016774872562
52.0,55.85202604088869
52.0,67.02410602685785
75.0,79.48741737379521
75.0,81.41101731615606
63.0,62.151292321354504
63.0,66.51625293572926
31.0,24.954193951969728
31.0,64.09611929110247
49.0,48.79945148879028
49.0,46.1819041808381
67.0,66.7107520932226
67.0,43.52987729164437
61.0,60.69686744090666
61.0,80.04975490255885
57.0,63.26205692410434
57.0,83.51000234303297
45.0,41.516412217089396
45.0,66.17671650749088
76.0,83.95974051769173
76.0,81.74930235165226
73.0,78.95860290942454
73.0,61.77896099651798
75.0,81.05546270272822
75.0,51.640903859024945
66.0,71.06634352781657
66.0,38.647449144550194
49.0,52.13342308638647
49.0,79.76082144766298
75.0,80.191265963837
75.0,5.918479583879673
69.0,74.6271656704937
69.0,83.55271596063335
71.0,76.37264452094593
71.0,47.55336454207395
47.0,42.895974429169485
47.0,84.96637067512933
57.0,59.02734575483822
57.0,73.68444493054284
70.0,75.93870884870097
70.0,78.13265951370562
60.0,54.14348745367414
60.0,49.85260468000348
56.0,56.4472561728129
56.0,30.6311440133191
75.0,83.35444747575815
75.0,85.37787843272929
78.0,85.69770649304252
78.0,64.18938911633205
63.0,65.51289649231921
63.0,39.58344996307659
63.0,63.710125838457884
63.0,59.44757828147874
79.0,85.58870887383915
79.0,78.13561272438545
64.0,64.32882725791632
64.0,74.80926747282194
72.0,74.57700578995173
72.0,66.74473710743314
72.0,78.55203453767967
72.0,59.851164302684765
67.0,71.17407285875805
67.0,46.526963681766404
79.0,87.25741274911007
79.0,82.23445500122546
53.0,49.39765850795419
53.0,80.84503333515966
69.0,70.23852109297769
69.0,73.823638219646
58.0,54.81892419861566
58.0,80.53077434550244
65.0,70.65520168628751
65.0,73.6270054490206
54.0,53.76092060598825
54.0,55.37999027994175
76.0,78.89364031099097
76.0,56.604767850282826
35.0,28.57738700316503
35.0,59.96296294460353
72.0,77.11101811019302
72.0,66.3582652053372
38.0,34.85121875806993
38.0,72.9839638180361
44.0,44.69071287030397
44.0,78.17011203102612
53.0,49.60968493649921
53.0,69.99655727461794
69.0,71.98485647423394
69.0,34.757698734471774
21.0,16.72411730388319
21.0,75.55769186855946
74.0,79.45575678916344
74.0,73.77611275959237
69.0,72.88371353623046
69.0,77.43531898535286
59.0,56.66589848165694
59.0,50.899980588857034
59.0,60.54521719877948
59.0,59.48035240912765
67.0,68.28917895591877
67.0,62.02465993312023
73.0,77.2475082958644
73.0,73.89427422695468
68.0,74.21564630719456
68.0,60.6477185585897
62.0,63.340285440700995
62.0,28.622161575436678
43.0,39.47306886800828
43.0,82.0893367677408
67.0,68.09726651809598
67.0,89.79578302140192
64.0,65.78765795545047
64.0,6.283099385150933
82.0,91.03960849135291
82.0,49.10631861421086
58.0,64.56946887026237
58.0,43.34255150753518
65.0,67.43416245027004
65.0,31.075169072154495
68.0,73.17547860276852
68.0,64.69515543413263
73.0,77.46199799643006
73.0,68.79792096307085
43.0,50.13375486266534
43.0,34.603195402166534
54.0,52.0592655493715
54.0,75.11867198969367
76.0,83.51532128056095
76.0,83.66954855155649
63.0,64.05195364490311
63.0,42.11063307436166
53.0,59.0176406444146
53.0,85.33026721885778
32.0,34.39390603632222
32.0,59.34950829468022
63.0,66.94926956205552
63.0,53.62467823402278
68.0,72.15535709872455
68.0,74.96693001931772
79.0,86.37052868716887
79.0,39.19578002767139
77.0,87.53406861940147
77.0,62.19810865204403
51.0,55.24725032764485
51.0,57.41212571767045
70.0,77.68353351305308
70.0,54.58315160552405
65.0,70.09486874921095
65.0,82.41852581190011
67.0,73.0351539811212
67.0,63.27911327770289
66.0,71.36838669835038
66.0,49.32767663568069
36.0,33.83643389160039
36.0,26.456740885612817
31.0,26.783019227984425
31.0,73.59192372927839
66.0,70.72053065591297
66.0,16.26266776565086
47.0,48.06579445151368
47.0,65.85444170149935
68.0,75.57887689238936
68.0,40.973022899847024
78.0,85.40385781294833
78.0,72.59709336157164
75.0,82.26465619157949
75.0,77.31489095857745
31.0,26.363441760355897
31.0,74.98176952146025
61.0,61.18945166024457
61.0,54.345322443873386
72.0,80.38670095821908
72.0,47.63150279983233
48.0,45.585088064970535
48.0,42.276975690685106
82.0,89.65904321089005
82.0,83.65038728092844
84.0,90.13962128226524
84.0,41.92203161756572
71.0,76.7860833256915
71.0,61.451682770199
43.0,40.92453943966069
43.0,73.96336011396687
49.0,50.35385024227378
49.0,66.85198087894236
61.0,63.36250393518242
61.0,70.9681614907027
52.0,52.793857217137884
52.0,89.34018131041358
66.0,70.21327319072958
66.0,35.36459458182185
69.0,75.3377439948544
69.0,45.70599485186193
57.0,63.573917492796625
57.0,63.571944785251844
63.0,69.97709929762016
63.0,42.97205980797298
56.0,60.74860803278648
56.0,76.81609759218253
52.0,53.18872062055033
52.0,71.56156129850217
47.0,48.23054348346693
47.0,61.581815645047584
12.0,-1.0075276840373135
12.0,72.46800751669537
70.0,76.26707959075526
70.0,49.93956039433385
76.0,82.55460413028726
76.0,34.12003452326695
53.0,53.15217351332939
53.0,66.80241180450787
64.0,70.46173122602875
64.0,71.2047948358678
77.0,81.66274337255118
77.0,48.962995493181495
77.0,82.20830187476975
77.0,69.48190770749432
40.0,30.481096469087106
40.0,31.920518511439468
58.0,61.84242257209809
58.0,69.89187046595725
62.0,64.71599112656753
62.0,76.94121893521088
62.0,67.36308801103979
62.0,66.72566394825776
58.0,56.34609698489152
58.0,21.14325952326857
63.0,67.13421192855367
63.0,85.71366607777253
67.0,74.13104538713202
67.0,82.1821790908673
68.0,69.93045636261775
68.0,75.10159600776268
74.0,82.34435933396156
74.0,53.47123611041587
46.0,48.47873811789145
46.0,22.407916176753872
71.0,75.53262946532107
71.0,78.41263328346434
67.0,65.80936774948464
67.0,78.32689628535638
73.0,79.92863161028419
73.0,66.23229626584009
71.0,77.23386431875099
71.0,66.8181422751777
50.0,50.622523173224124
50.0,66.99556597617288
74.0,79.23880934250474
74.0,79.57018741121266
64.0,67.16134715638077
64.0,65.611737853129
65.0,66.95878939156108
65.0,63.69586277371019
67.0,73.82662717938206
67.0,69.94699618118574
76.0,81.84482684432675
76.0,64.82275024518907
73.0,78.26164827465243
73.0,42.67164955261592
29.0,25.16818785454285
29.0,1.8877576801650093
37.0,33.356189318793156
37.0,51.297322530165616
31.0,21.4214298308695
31.0,81.37915305652183
66.0,72.90359730887809
66.0,87.82284245257586
60.0,62.17513326701169
60.0,27.030007630941384
42.0,45.80486893892794
42.0,26.297456808348215
78.0,89.03496729734468
78.0,77.34421986529014
46.0,45.10667585004535
46.0,60.52025845830394
60.0,65.70238472850247
60.0,74.44608578471463
63.0,64.80814752891104
63.0,63.46938261061541
71.0,77.1017695787678
71.0,69.94882270289594
80.0,86.388377231567
80.0,82.23897737683797
79.0,87.64970480377508
79.0,55.034287935505915
70.0,74.1749269073295
70.0,60.66370480556628
40.0,43.17224172416189
40.0,53.15885579498598
69.0,75.40124088874626
69.0,67.04646588538054
34.0,34.72841614463567
34.0,70.97089263761535
75.0,80.45752714125132
75.0,66.95760156139693
72.0,79.37385309375782
72.0,83.91157851056835
65.0,67.5640661625763
65.0,22.344122007530302
64.0,67.52795294104101
64.0,76.3580982790254
62.0,65.31593273922755
62.0,68.9597834923357
37.0,34.500913568077124
37.0,72.79721753693673
71.0,75.32349765534013
71.0,63.75377566846123
48.0,53.205726637420014
48.0,54.126624088979725
63.0,67.05607690756182
63.0,73.45410736101911
51.0,51.502183485169496
51.0,74.18285310360989
71.0,75.5741266734816
71.0,30.244557093415494
69.0,73.67964890653298
69.0,30.382559876004052
42.0,38.725729327410875
42.0,48.23054348346693
61.0,63.2815910090801
61.0,43.5035844438417
25.0,20.630694604189898
25.0,94.45929764174002
55.0,55.793588094050506
55.0,78.99998175279813
71.0,75.12842291224689
71.0,84.38474472728564
47.0,45.323953116270616
47.0,71.8761885370917
40.0,37.3088219783815
40.0,63.756303121726035
59.0,62.62650801208571
59.0,64.44426145195342
65.0,69.07904487755377
65.0,65.9258414139523
59.0,61.62378515936524
59.0,45.61495980711834
66.0,71.76899795688774
66.0,79.18277907042727
37.0,33.06875630927965
37.0,44.50056955749022
66.0,69.32447123707965
66.0,92.92928317588087
74.0,78.66512383116452
74.0,77.16836712953938
57.0,63.28626639626407
57.0,33.60179982837275
62.0,67.05075893865887
62.0,57.38680724548868
70.0,78.0424198086468
70.0,69.05502787928305
44.0,45.220475020030506
44.0,76.22582505665264
56.0,55.64137425303005
56.0,42.41412571518396
75.0,79.70790175547353
75.0,80.93099645877777
43.0,44.32706587268308
43.0,77.1397590336116
74.0,81.47009851434768
74.0,63.77794741410156
55.0,54.61395020324528
55.0,84.4598870997736
62.0,68.37992452540374
62.0,77.49202271703149
60.0,60.1047943253418
60.0,31.36236018964604
63.0,67.0681184405766
63.0,53.92924486921538
55.0,58.313587066428056
55.0,88.49611891900258
71.0,75.1765976833783
71.0,76.07949855204606
67.0,72.93029812233578
67.0,41.284707188783955
10.0,8.070832027940867
10.0,70.61913503399921
70.0,76.76417184565258
70.0,82.6151145163978
61.0,58.29387547105182
61.0,65.17492632501597
57.0,60.99742428430977
57.0,77.71576542117168
71.0,78.2620626328345
71.0,48.32232088694195
63.0,65.34588247065386
63.0,81.28010999619772
64.0,68.58845191875298
64.0,82.33797998739396
70.0,77.43614736138795
70.0,91.34098487664329
63.0,68.47246016432416
63.0,70.24856503639683
62.0,63.25583527626759
62.0,11.745879845821776
40.0,37.577558971516055
40.0,79.25769557664466
62.0,64.77920874760412
62.0,71.51019981049956
67.0,71.37186149983529
67.0,61.731792140411756
35.0,28.9416655825695
35.0,63.74958502816986
69.0,75.61035752964153
69.0,76.3183606030139
65.0,70.91271390821748
65.0,50.405287634483955
70.0,75.9241809868085
70.0,38.157058397933724
38.0,32.947337135053544
38.0,76.93712986314745
61.0,61.29228672454025
61.0,76.4594278971743
44.0,39.75145847913046
44.0,38.49381452205159
48.0,51.08748964986455
48.0,73.42077563037975
72.0,77.39074035382328
72.0,86.61884940538624
13.0,12.383863293489242
13.0,88.2319440994462
76.0,82.2987136652244
76.0,88.61513180297885
55.0,55.60423422879194
55.0,68.49889533003903
56.0,53.90351711429116
56.0,72.73791248532041
56.0,57.3252403179722
56.0,74.67185949149064
52.0,50.692127321120836
52.0,26.602673445772894
33.0,26.616991005455475
33.0,60.75420375905395
75.0,83.93476049170977
75.0,71.65923673627447
54.0,56.548695400012775
54.0,25.765555890827216
70.0,74.82993510209582
70.0,59.92335983344179
53.0,57.21432673153771
53.0,54.81103455327121
39.0,41.4064240006187
39.0,80.40533782040632
38.0,37.482780900893374
38.0,91.18051214489003
65.0,70.84654391459526
65.0,75.77407495152704
66.0,68.37119116038178
66.0,83.516067010808
58.0,64.41209073267879
58.0,70.0712369715277
71.0,78.14350429383529
71.0,84.25409129156958
48.0,44.90086318356214
48.0,58.78373204947684
59.0,64.13069935035753
59.0,35.67920326234133
51.0,49.917305805123135
51.0,76.46919523318348
65.0,72.97190097237421
65.0,75.02243651976022
78.0,84.60339046042998
78.0,69.47825086284439
66.0,71.38038361106265
66.0,53.51161842717215
70.0,69.58483100430936
70.0,61.762107551308134
71.0,77.50704705007689
71.0,50.52691180887683
69.0,73.54139293394087
69.0,63.219902373351374
57.0,59.819984703722014
57.0,71.0483475556565
32.0,29.62963643737413
32.0,66.08055094185977
45.0,45.774743999664565
45.0,61.722258071278304
59.0,63.74032838399813
59.0,67.13359475202964
68.0,72.79784200642956
68.0,79.49776972465565
9.0,15.847979927326264
9.0,78.28045149804649
46.0,49.96555509214443
46.0,60.7397662970597
76.0,82.11084632566428
76.0,66.411617726349
35.0,35.6961572405653
35.0,43.744319065097216
67.0,70.18201103746935
67.0,52.80078643616713
22.0,15.211744773257522
22.0,29.39050732152873
67.0,72.3227431334447
67.0,39.214234062922515
64.0,70.45151701526635
64.0,79.64221664789824
33.0,25.787803364120634
33.0,27.687715501535138
56.0,59.80908090655015
56.0,23.377713397985247
65.0,69.84823523369437
65.0,54.0665116461534
46.0,40.77293874624024
46.0,37.521524815077555
74.0,80.13329131454321
74.0,74.29424198834266
75.0,83.89632269517472
75.0,14.800315053451584
73.0,76.8968706157255
73.0,46.82402888446006
62.0,66.49649533543965
62.0,70.52938809599664
73.0,81.64669069456102
73.0,65.29953517650881
45.0,43.00332998057098
45.0,62.01148546205849
33.0,26.99495409757941
33.0,61.47330854478497
19.0,15.784495139205546
19.0,56.953412941899956
60.0,59.36052054680994
60.0,74.94084838115657
64.0,70.56026192141445
64.0,34.345710815178734
42.0,40.510557988761036
42.0,79.26346716826777
50.0,51.42645724093319
50.0,66.0362601301361
52.0,51.31708561596349
52.0,87.40236087043667
63.0,68.30892189831616
63.0,73.1090931936298
68.0,74.53330511279353
68.0,61.8871217681081
22.0,19.34393084015312
22.0,77.94936639790922
72.0,78.98352997811878
72.0,49.86559354200642
65.0,70.85497317029802
65.0,31.32307430927989
71.0,78.16739751176021
71.0,37.46214320152211
66.0,66.89649060314895
66.0,73.3791403931607
58.0,59.843500783398326
58.0,87.95739687995649
65.0,70.59943648558561
65.0,29.48097674071397
78.0,85.56580151820475
78.0,76.7742644859411
38.0,41.394259861139346
38.0,45.85014460158283
49.0,47.92987009605406
49.0,76.00730037683223
68.0,73.25562265284958
68.0,59.030468209859976
34.0,27.745101193944436
34.0,48.93350403880055
76.0,87.331993568315
76.0,63.89287106623027
54.0,56.3200485490338
54.0,79.06630543812412
71.0,79.65722732399058
71.0,73.23670882548635
53.0,56.351810633733464
53.0,51.82726163102586
68.0,72.63075628363163
68.0,71.07663255816425
74.0,80.17690370317632
74.0,68.20562163353725
55.0,52.652431664445714
55.0,80.15766945895865
85.0,94.55207973538938
85.0,67.07351533777825
51.0,55.4359480183565
51.0,7.797295811463641
70.0,74.05546997263986
70.0,86.0052543320158
59.0,60.37540436027609
59.0,71.09321304091367
68.0,74.2090947359672
68.0,70.83163341862775
66.0,73.59222079743301
66.0,54.82246592224641
47.0,46.66678010372112
47.0,55.98441026982016
44.0,42.218989903743875
44.0,69.06373217460072
43.0,34.736250628167795
43.0,58.766801459751036
78.0,84.87336449437817
78.0,11.029799285342506
66.0,71.30438210351173
66.0,26.83118207480669
48.0,45.50026828274372
48.0,84.17947703030126
77.0,83.10725946520671
77.0,86.64860963688346
61.0,63.17202287397191
61.0,65.64936285118955
67.0,74.02805611867933
67.0,88.15945433528799
63.0,64.98693393664342
63.0,78.24720390561743
20.0,23.925653901134694
20.0,59.788426602578284
71.0,78.69362604734943
71.0,43.984749495052824
60.0,58.93959578205954
60.0,62.40928397170336
52.0,53.01102697646212
52.0,53.08485338650229
63.0,64.93312098434183
63.0,54.95344503083862
58.0,59.58531515230135
58.0,50.2528837210225
63.0,68.46125430478406
63.0,81.56146434917645
49.0,46.8339262367665
49.0,62.7068366435073
74.0,79.56865840944482
74.0,53.506667901907235
66.0,73.28357124131406
66.0,62.92484855811716
66.0,68.54209322394502
66.0,11.075477443441741
52.0,51.52762899865263
52.0,60.01808430124828
68.0,73.33253229192889
68.0,71.65610162612819
42.0,39.962395454388854
42.0,67.01066152503188
60.0,60.356108888484414
60.0,67.24809857512679
69.0,71.16576945409122
69.0,65.52766640916116
60.0,58.9356287186547
60.0,62.63860830352195
70.0,74.77781786273408
70.0,51.35306906987438
59.0,55.785224505796975
59.0,69.74975848337499
73.0,81.47751245801021
73.0,56.05790326975074
57.0,60.8819007921374
57.0,81.70796699981668
68.0,71.037007945511
68.0,48.67807137329538
66.0,68.75858643155453
66.0,63.24090302514492
37.0,34.75420673678951
37.0,68.50879121343672
65.0,72.42496650124781
65.0,55.28144870104751
64.0,69.35467612364027
64.0,62.547662015354945
60.0,60.28653806857159
60.0,28.90914179876205
30.0,28.59355759205539
30.0,72.3266763549139
74.0,78.7318537795345
74.0,58.3698990655156
54.0,56.05342897694618
54.0,62.66867461038345
78.0,84.70738330708366
78.0,41.62615410232189
57.0,57.665852571233074
57.0,64.54561820399107
57.0,63.74455495258428
57.0,61.62622755714153
72.0,74.4895524105475
72.0,89.21386832399867
62.0,62.186848849679336
62.0,90.9694496591041
53.0,58.67036261192226
53.0,58.167478156886204
53.0,56.4046582022757
53.0,70.81157849015898
77.0,83.98608360703747
77.0,64.57091108020705
44.0,42.250171875227636
44.0,89.30100333082015
28.0,19.292510372593256
28.0,14.69850457106827
70.0,74.2726778703493
70.0,69.32943111799028
75.0,79.96338367828128
75.0,63.364711533421996
72.0,81.1143580978507
72.0,63.58022783925941
70.0,75.45548884111776
70.0,33.186187682976254
65.0,70.06915823001742
65.0,42.65269822717357
71.0,77.99301198035505
71.0,60.024574769190394
69.0,74.88274716381454
69.0,74.07742164025711
67.0,70.54591470623149
67.0,55.29711192995313
75.0,80.4755411090631
75.0,70.36908702350865
76.0,79.96758109141041
76.0,68.93460316778607
49.0,56.63808061281543
49.0,46.957188948001374
53.0,59.869207847950065
53.0,66.95510396132124
79.0,88.52073900211582
79.0,63.15085731992093
57.0,62.28281171538464
57.0,45.49130130201894
50.0,53.45118712076027
50.0,77.63589894642291
64.0,64.25244654325076
64.0,64.33740160419893
47.0,51.31866524539447
47.0,84.17583643238328
76.0,83.35503482010324
76.0,8.102769118357173
64.0,68.18953320273596
64.0,71.39703921637317
46.0,50.48571423990353
46.0,29.82173863145556
50.0,47.699676397548956
50.0,74.41920952562765
41.0,42.30046260687283
41.0,40.288522157942225
56.0,59.80494497410399
56.0,53.19426039904005
52.0,53.785004523692066
52.0,14.661744437520383
24.0,12.034351221526833
24.0,55.284897850290406
74.0,79.21533812810276
74.0,42.386121660174126
70.0,75.91422937790787
70.0,72.42512369807355
78.0,83.39982176153063
78.0,61.64792829201326
60.0,60.81730333598159
60.0,45.82710342539201
80.0,89.14827115328313
80.0,57.213699217928934
67.0,71.65610162612819
67.0,63.57587467056891
68.0,72.73327126745744
68.0,80.10729711146456
60.0,59.537098497143745
60.0,71.29269563784936
62.0,66.44588785968841
62.0,73.23637928059935
68.0,75.91857197332627
68.0,66.28720068476724
35.0,38.96358806601501
35.0,28.23292651744066
64.0,67.37964964010098
64.0,79.06551684102209
76.0,84.46800800755284
76.0,81.42085071116816
41.0,42.95794372547192
41.0,45.31896532063399
74.0,78.65678693452725
74.0,31.092095812639002
61.0,60.673233774688356
61.0,73.67483838675082
65.0,72.49509447866348
65.0,55.49126729549948
65.0,70.2632576741454
65.0,62.23609862825117
37.0,34.096961395579854
37.0,23.83367778935326
57.0,58.14363715630736
57.0,66.94348990413363
29.0,16.134967207474574
29.0,81.5266414668094
61.0,59.97684753910056
61.0,73.08852359384582
65.0,72.27152911795088
65.0,24.32615002154921
63.0,67.59486976181472
63.0,50.0362851241519
65.0,70.75712515788166
65.0,55.706062932844475
67.0,71.25854841787253
67.0,32.34626645885288
41.0,38.96705120746719
41.0,79.53718342131668
35.0,31.998883464992957
35.0,66.61822330368466
37.0,28.0927328649081
37.0,45.658081991783604
63.0,68.88600388894463
63.0,79.02686877814597
57.0,59.494948320420804
57.0,72.19613957129934
50.0,47.6817560033295
50.0,84.57259058057491
50.0,44.72277795491607
50.0,73.00705664095017
68.0,73.36760422717435
68.0,73.84148311603781
52.0,55.73750859464508
52.0,64.95468427163308
72.0,76.76231761010399
72.0,64.17359005858293
68.0,72.25074880691108
68.0,48.046213618388094
69.0,72.44456676272358
69.0,75.92116614876966
44.0,43.7704422095872
44.0,78.70254176018744
67.0,73.4015357675475
67.0,46.23451311025997
44.0,51.24555840724946
44.0,59.77359717234742
59.0,61.570250897828146
59.0,76.35266569331071
68.0,72.39452153026718
68.0,5.228196213897434
67.0,73.99667238881489
67.0,79.01561464815455
72.0,77.55713181206215
72.0,79.00164591314552
78.0,86.13779768520038
78.0,81.9408453396614
68.0,72.80323793784339
68.0,49.37840138191774
69.0,73.41524828996182
69.0,32.575439989903316
28.0,20.129766292277736
28.0,55.71092304659226
67.0,71.61313060022349
67.0,55.337954321235884
71.0,77.87121060154294
71.0,66.56592810743928
42.0,46.68835412690805
42.0,68.02635686098137
37.0,30.746639220320276
37.0,2.2432964829520188
51.0,56.32773562201373
51.0,63.95386137755139
57.0,59.86053886244241
57.0,48.04216976318901
49.0,47.56254016013031
49.0,25.501879880458716
61.0,68.28010473226146
61.0,60.892226774834796
75.0,78.79407421344769
75.0,40.76712016199116
52.0,51.505762620424264
52.0,59.865094879683
63.0,68.33112300720524
63.0,50.53403953970354
50.0,50.13025216328748
50.0,44.764033858605046
57.0,63.09851446225002
57.0,40.68978747375007
61.0,66.0857846707973
61.0,86.95745369856002
65.0,67.3382945086488
65.0,70.71042965851603
69.0,76.05275300525784
69.0,71.25047743434749
76.0,81.21498754081358
76.0,64.84638795537865
52.0,47.07851534031113
52.0,77.94950883206792
81.0,87.35689789076281
81.0,13.737230402461876
59.0,58.60143387053978
59.0,84.54049089079365
52.0,46.338834454440644
52.0,87.19718163729976
56.0,56.86739416340015
56.0,41.54397093346108
47.0,50.53403953970354
47.0,76.89236638211702
26.0,19.13623901955782
26.0,69.13989207861033
34.0,26.38349869730041
34.0,78.2815089953848
61.0,64.14263833994994
61.0,61.413294892684235
5.0,0.39923992833325883
5.0,80.86815271457459
60.0,61.909713600527425
60.0,50.688426438668614
43.0,42.852079900529986
43.0,73.74946266541775
68.0,73.00126171537897
68.0,52.75991959591198
71.0,75.77027508066266
71.0,73.11890029461921
71.0,76.58010099063813
71.0,57.68230050498306
68.0,72.35166024823599
68.0,33.28234454681814
63.0,68.83421346676147
63.0,39.4158969996343
54.0,53.70268666009804
54.0,46.876009887667124
70.0,75.15342743727842
70.0,30.467032476047677
69.0,69.37051209536031
69.0,66.17346384093918
47.0,40.01179473165587
47.0,76.61039229465405
50.0,54.85315389436761
50.0,79.00868265559956
66.0,67.5553339487135
66.0,71.40649926928859
58.0,58.42582072215521
58.0,20.33290500281521
59.0,60.733955235651024
59.0,29.75695367083472
61.0,65.74502647904308
61.0,33.70008141914536
74.0,78.35509578250816
74.0,53.47944135665455
72.0,80.91354633449112
72.0,72.18669624589461
69.0,72.75141525073292
69.0,64.34818902036994
65.0,68.83667123696313
65.0,40.28642885769102
72.0,76.88484825515638
72.0,50.65843129779705
72.0,79.30984860281865
72.0,32.98947548732207
56.0,57.242559993961606
56.0,41.76470657290196
39.0,34.94061798248924
39.0,71.06934456548936
76.0,81.47183757409829
76.0,64.45206730211027
75.0,84.1668978146771
75.0,68.69107268330572
53.0,53.27786168685702
53.0,31.29773141412022
68.0,71.6940879727373
68.0,43.05631342389023
70.0,74.72730594090552
70.0,71.63810849062077
28.0,24.42564118904113
28.0,64.15380195102125
49.0,53.48021730718369
49.0,80.26265032252275
49.0,49.378312793619216
49.0,69.82977464572264
63.0,63.42513651845849
63.0,82.72768433435107
55.0,56.63176478555988
55.0,49.80030399477505
72.0,81.90881338361135
72.0,83.96757188048485
71.0,76.01396456017903
71.0,67.30156768089586
75.0,82.48211486301932
75.0,41.40271249796706
49.0,48.68541967561521
49.0,76.88471430708898
65.0,68.82931096399437
65.0,67.75262277069089
67.0,73.63527704181655
67.0,79.9522320912352
23.0,24.182797768348678
23.0,76.1567546903612
70.0,76.99838790212118
70.0,83.25128917494976
71.0,75.12442106878586
71.0,76.89754292864666
63.0,67.56108571029694
63.0,61.88910998876378
55.0,56.946479003000036
55.0,88.22728358598704
17.0,18.975527769458267
17.0,58.62736680689392
67.0,72.15693270519938
67.0,83.89269796839926
58.0,59.144477518788676
58.0,61.82431264712085
60.0,65.14253048631599
60.0,80.50012965766939
69.0,76.94993840468578
69.0,73.28613120631235
75.0,78.31715773744014
75.0,88.11751466262518
75.0,83.33240247995491
75.0,53.88056733243576
73.0,76.6229500180454
73.0,81.31910613653474
48.0,54.02931446079799
48.0,84.25601034776412
73.0,79.7059618116374
73.0,69.44924363327033
25.0,20.76018348739791
25.0,71.27725908652371
71.0,81.22060665347584
71.0,88.99940174796961
58.0,58.56071083827334
58.0,13.855866185803563
66.0,72.59686491226864
66.0,78.83197872719836
71.0,76.79466018975154
71.0,30.288694530069108
63.0,62.5342296877314
63.0,70.85545899688657
61.0,64.48683380128273
61.0,38.479010835917336
66.0,69.17661983362115
66.0,55.81167046774084
67.0,74.1927227991859
67.0,72.41374059547422
34.0,24.302439788560264
34.0,38.67748464625214
78.0,86.30390230440355
78.0,83.56855705342406
81.0,88.54729622429528
81.0,28.95663186308451
49.0,46.9479448659543
49.0,65.08967239433582
22.0,20.85157933372801
22.0,37.227214187160826
45.0,45.946836390978035
45.0,78.10684265549247
46.0,40.884532581954204
46.0,78.09034455404759
63.0,69.43687797985666
63.0,39.7545677108306
46.0,47.095548526086304
46.0,42.20581637113554
77.0,81.56819395402744
77.0,82.4147735791642
44.0,39.68385584477335
44.0,54.56954551890561
27.0,23.52122329826517
27.0,76.7130139660261
23.0,29.478779994696993
23.0,78.76686455625406
56.0,54.34891517797081
56.0,71.7993475905302
69.0,75.74375363680531
69.0,69.13293775646093
67.0,73.58858101322846
67.0,74.86607646542143
67.0,71.3143617913467
67.0,76.94602183327811
60.0,65.84207114499475
60.0,25.755463135859657
71.0,76.29400295017064
71.0,69.44687576461797
62.0,65.0734468228502
62.0,66.56970791594307
67.0,72.84370311139776
67.0,39.05696100660583
72.0,75.32489874820186
72.0,67.25119114887764
58.0,62.64688416442442
58.0,68.99048981948346
62.0,61.76294140079051
62.0,75.88100938380728
41.0,38.64668260228757
41.0,75.28064097581228
61.0,62.77359040130273
61.0,89.77493654254533
66.0,71.01450690961565
66.0,40.4905383989485
74.0,83.70109439809329
74.0,69.76203038718234
63.0,62.302475654098544
63.0,70.72853668610458
61.0,68.32447128793319
61.0,38.647449144550194
67.0,71.39690850571833
67.0,75.3062984776887
78.0,85.84514047882766
78.0,42.00484715903309
59.0,63.38407623774992
59.0,50.09531605600267
76.0,81.43351758015535
76.0,70.22782407973642
75.0,80.64011343263553
75.0,75.68477230466664
41.0,39.319476358481495
41.0,8.443785722896848
60.0,62.78705948851393
60.0,57.61929869137174
49.0,48.857482266981094
49.0,52.057800584289396
71.0,78.2434258991754
71.0,90.50175366064724
65.0,68.02245958857998
65.0,25.22504500908991
65.0,68.88472810175244
65.0,78.46242153746368
69.0,73.78671364613024
69.0,77.35512614518802
61.0,63.720503668770505
61.0,23.903959960276666
56.0,55.69865436199564
56.0,73.72475049899157
76.0,82.15255175880816
76.0,47.95057874062371
70.0,76.91897403346269
70.0,67.2756864211301
47.0,39.5504979773699
47.0,31.91727422995183
74.0,79.60744225054526
74.0,66.34237445236744
71.0,74.45910614522893
71.0,76.45202118170232
57.0,59.096973990063475
57.0,62.193248694420106
60.0,61.2937272754927
60.0,40.19658568158468
72.0,77.58413855738684
72.0,69.64348010992575
65.0,70.53967782096868
65.0,56.085585665686665
67.0,72.94261400828293
67.0,83.93409246283687
58.0,61.55138756728934
58.0,6.283099385150933
55.0,57.28284617398725
55.0,37.715030454138514
66.0,67.41127220061873
66.0,46.2204117733138
75.0,82.71738776375253
75.0,58.144785997098154
83.0,88.37735522394036
83.0,52.241599214986536
59.0,64.85736261578529
59.0,60.59624735629069
57.0,57.51215414014757
57.0,44.23661446464973
65.0,68.98938548649147
65.0,72.56975421185388
73.0,75.9300283633358
73.0,82.08414413908565
74.0,79.73752771923438
74.0,76.47889311831563
66.0,71.18420387177162
66.0,21.158140053093973
67.0,71.41050721528183
67.0,82.23668949884171
65.0,69.81566369501206
65.0,73.04129369660416
62.0,68.67633626442989
62.0,42.80926789025551
69.0,73.53791111648172
69.0,67.95078922784427
62.0,64.03506402337376
62.0,68.49160308102262
55.0,59.4992304269573
55.0,80.28483923382595
68.0,73.46274998582783
68.0,57.05700631261891
56.0,62.699079636040494
56.0,65.12680693782448
61.0,61.93820604351248
61.0,29.79944932049324
75.0,81.98821056342086
75.0,52.68660468841637
68.0,68.02435162018361
68.0,74.29549132239617
64.0,64.08247847679473
64.0,53.35841744683489
36.0,31.36236018964604
36.0,83.42316981255499
64.0,65.46437961060457
64.0,68.2664177413443
69.0,78.36645178372265
69.0,44.05000095112365
56.0,58.69030724297659
56.0,48.62204311629097
65.0,70.98226828981365
65.0,76.43829978132175
85.0,91.76337773397597
85.0,64.97241297832073
58.0,57.10402486963022
58.0,78.70128261043499
67.0,72.33482910426727
67.0,49.49702813399227
73.0,79.03448140324923
73.0,78.98577344329442
37.0,35.09036436916978
37.0,67.68839185033244
44.0,44.81948509562443
44.0,84.77845275216265
71.0,75.4303098519087
71.0,58.800031842799285
74.0,79.48351616058847
74.0,74.7949159461757
76.0,80.8706532727594
76.0,18.332179010051107
49.0,56.68160386488876
49.0,70.32453333301572
39.0,40.10310571280769
39.0,75.38486197079146
60.0,66.1184187200189
60.0,61.319048896859556
49.0,55.471844002435944
49.0,23.24790322737374
50.0,50.74131825265272
50.0,45.08545549157776
63.0,64.6832231505087
63.0,56.897766564582014
53.0,57.93916238841979
53.0,69.40078094276345
53.0,53.23350126646824
53.0,62.12414146002726
52.0,52.7787115887337
52.0,77.33035969880103
71.0,72.29897434492233
71.0,76.61756608441738
11.0,7.664173429501602
11.0,63.78406146020302
51.0,48.806448173282035
51.0,67.64111040928049
32.0,24.965400344186037
32.0,71.69429335625148
27.0,28.98671329123448
27.0,75.6960483025008
17.0,3.8379155426557645
17.0,75.73303404532624
40.0,37.22668938990165
40.0,49.60120904660437
63.0,70.09813770333028
63.0,75.54127183130373
60.0,61.666704336664736
60.0,79.83840656368699
57.0,59.62634211866356
57.0,61.599031757848024
73.0,80.69277851706613
73.0,75.50024499666398
78.0,82.83215131007188
78.0,17.59743053479957
70.0,73.21653613651728
70.0,71.13915721412712
62.0,69.70164547041776
62.0,80.55610174026077
46.0,43.42423819984964
46.0,80.99170995292724
55.0,57.1816880017106
55.0,71.44882666271894
70.0,74.4004265453172
70.0,89.26622984219881
54.0,58.651178724163174
54.0,76.98537287678613
53.0,51.54339272489108
53.0,62.883636131489084
41.0,43.606508921461455
41.0,67.15993513219047
81.0,89.66950878485972
81.0,71.15675616632171
41.0,36.91688330895562
41.0,72.62444647624613
64.0,66.33853291788665
64.0,44.64075263109845
73.0,77.6332940286585
73.0,63.708429522309814
70.0,74.80646171793734
70.0,20.030772765178426
65.0,66.25108934699944
65.0,76.94194659294186
45.0,41.17522048698265
45.0,67.39665818268935
22.0,14.093429416570132
22.0,69.75377775135644
18.0,15.357933295127395
18.0,76.17278311819297
78.0,85.35238788916945
78.0,76.47915869003543
58.0,63.42715068317949
58.0,50.975577385372276
62.0,60.44755637119124
62.0,71.55066756052145
39.0,38.133797901969444
39.0,45.04112196005053
70.0,75.07541518987824
70.0,8.523044069601042
61.0,62.61609458576174
61.0,79.01523087688685
22.0,9.270208421910127
22.0,65.43514762581282
68.0,72.1493433822294
68.0,84.32099652398387
71.0,74.26262596438283
71.0,82.05365622904128
24.0,8.953365175326326
24.0,79.3326387448638
70.0,77.13133603100408
70.0,84.02922991734852
74.0,80.50068246778545
74.0,61.977420857873426
73.0,78.73256540060282
73.0,39.904319357268264
66.0,72.81966996165073
66.0,52.30925744417948
70.0,73.49116757994841
70.0,11.039957686118498
30.0,27.537310380313613
30.0,72.82446758683915
59.0,60.43536454070909
59.0,63.33842936688683
14.0,7.597754926543814
14.0,33.97042510768762
77.0,83.35933967428292
77.0,71.55066010819718
68.0,69.51539332578227
68.0,66.43730992484274
62.0,65.73092698988211
62.0,69.49228335336642
61.0,62.27718360110299
61.0,28.880135568165542
69.0,74.51579445670785
69.0,2.0139813547912127
39.0,36.071479946999546
39.0,24.791357475584675
71.0,74.23324073842349
71.0,80.47102499663384
73.0,77.09388656782573
73.0,66.29301599011222
65.0,69.69053505316947
65.0,67.581057087094
66.0,71.01298311963325
66.0,68.10630518992366
67.0,66.86943898091516
67.0,62.77568875016715
68.0,70.11414673098074
68.0,33.54981772198414
65.0,68.02937414842205
65.0,86.33267437971932
51.0,49.610243349638495
51.0,34.85141958029675
71.0,76.83052151476642
71.0,42.65668157866418
67.0,72.83128367499882
67.0,57.25753995722408
25.0,13.679158713204572
25.0,84.94088161542646
59.0,65.3694032750505
59.0,58.33986199704384
51.0,50.76743143856049
51.0,63.44278223456274
64.0,66.31969757789835
64.0,70.9948942777142
75.0,80.64338471505937
75.0,79.3447815742989
50.0,45.64902618824283
50.0,68.49765558881279
53.0,52.46261877429288
53.0,63.112165425933654
70.0,76.19688986929555
70.0,73.37348279430324
52.0,49.83963183354706
52.0,58.432084639383845
46.0,45.67416351093175
46.0,70.59947958164014
59.0,61.1274090540914
59.0,78.45110297111341
70.0,72.31973639255591
70.0,52.032698069599405
81.0,89.29863970177115
81.0,63.33904603229928
63.0,66.70950052014405
63.0,2.953031282666018
60.0,65.30999614325191
60.0,42.942571856680104
55.0,55.734891610278
55.0,80.82979713157079
62.0,67.85502002019683
62.0,35.0532063843055
65.0,69.55777394980885
65.0,81.48505027851576
59.0,61.39533882858865
59.0,75.466224231296
37.0,28.331705893105948
37.0,68.73825642395389
64.0,66.5297674120377
64.0,79.92266509795053
70.0,79.61122810702591
70.0,80.90001143540087
55.0,52.45680240555066
55.0,25.171930979301408
64.0,70.58652558582452
64.0,56.324230727998554
28.0,28.640936096483927
28.0,66.34547344971139
49.0,44.383126351977694
49.0,81.76367460714181
63.0,68.85621172807902
63.0,82.15029743072046
66.0,70.03555649349113
66.0,47.12360357054166
66.0,68.73410798857037
66.0,74.15662635613319
68.0,72.9629647999642
68.0,67.4175774481007
68.0,69.80392126168795
68.0,83.60188821278501
58.0,61.46145577061384
58.0,3.3185017663675467
49.0,50.87609437444013
49.0,77.29755960038682
59.0,56.624165813333434
59.0,64.76568586716064
63.0,68.14606461638658
63.0,80.40843147374403
63.0,63.767715386374675
63.0,85.16247154872275
45.0,42.75657131958269
45.0,54.83885269647942
56.0,62.98421210768083
56.0,35.67098174611408
63.0,69.89736384496894
63.0,74.4253808024485
80.0,89.24402690215715
80.0,46.3245414428045
71.0,76.76308383739268
71.0,58.32762109699098
66.0,68.88852057900772
66.0,59.65884015440537
49.0,50.71411308807711
49.0,79.61209325457321
75.0,78.15478015578526
75.0,80.98771703015171
49.0,52.451675643193994
49.0,66.31561187948557
70.0,75.53616886862261
70.0,52.3912682755863
53.0,56.539454937832886
53.0,51.09248670432072
60.0,58.702479831850496
60.0,56.15668302778852
20.0,15.728935227713464
20.0,91.61620572890058
73.0,79.53847652982131
73.0,67.52785625265562
74.0,80.15889150863535
74.0,63.69915569410915
20.0,15.278631001549911
20.0,34.26235679548256
34.0,34.41027585783149
34.0,78.48525882045351
72.0,78.15049220131561
72.0,74.01798056870751
74.0,80.69604564582113
74.0,55.99085469557468
64.0,70.33852550938013
64.0,23.65892250627701
68.0,74.78719786073253
68.0,5.918479583879673
35.0,30.779568032969678
35.0,86.67109423029228
78.0,84.37205558028535
78.0,81.00904874652093
49.0,49.092024684999785
49.0,58.954637037466796
42.0,45.4659900671208
42.0,34.726787852954885
34.0,35.04937040708609
34.0,78.80873847613321
70.0,79.55434537061188
70.0,46.902089521781306
25.0,22.892448968724352
25.0,79.83920723548027
53.0,49.76737014903483
53.0,41.62740415293388
65.0,68.47271430070327
65.0,82.17047357796645
46.0,45.19311716430144
46.0,70.36656402465104
28.0,24.800126366683514
28.0,70.62966917855215
60.0,63.55226960150031
60.0,73.59504883118467
73.0,78.81727038674603
73.0,84.10662429516935
69.0,73.58352402276137
69.0,69.79092057011019
41.0,38.29951180617127
41.0,75.73435652551296
72.0,76.6758061626885
72.0,59.0867780045333
63.0,64.27859345422348
63.0,81.090425597006
10.0,9.02764215676956
10.0,63.58701058452709
74.0,79.74880026790123
74.0,44.99909608146652
57.0,61.82612580891765
57.0,89.35032702709412
76.0,82.49249716444899
76.0,75.17444522900058
67.0,68.03773018275655
67.0,81.69456316719999
52.0,53.99150562972437
52.0,71.21298375756606
61.0,63.24472744321753
61.0,90.35552434432395
56.0,54.50052296248464
56.0,63.96831493637865
71.0,73.8002401675343
71.0,61.72553215479877
73.0,79.90780694778431
73.0,64.31639522435518
76.0,80.85167967591093
76.0,79.22993848825547
65.0,67.61072747171346
65.0,82.49928163926893
75.0,83.57672571642934
75.0,70.11811274962679
62.0,67.83969624907314
62.0,81.69493358720166
59.0,59.90790952957536
59.0,85.81212819829415
37.0,43.16598955587591
37.0,43.66602724221201
64.0,68.53307614565875
64.0,75.90317719535983
80.0,85.37326105337877
80.0,64.35531515649944
53.0,57.903329769466666
53.0,54.08200601222444
31.0,27.409442123064764
31.0,21.005653853631713
75.0,79.75000255166373
75.0,79.21800074696353
62.0,61.339078304878
62.0,47.903199942978176
67.0,68.08214481373471
67.0,72.4917093691077
37.0,38.86349800236002
37.0,27.224727131270924
70.0,75.52291904648746
70.0,57.681596256891794
64.0,65.39008296669766
64.0,66.3169147486048
63.0,65.69760737144054
63.0,43.12875974859327
34.0,34.15308339938258
34.0,29.89759662991139
73.0,76.27354595514691
73.0,56.063693910364066
75.0,79.8039045839555
75.0,57.98296009280688
60.0,61.58636416934769
60.0,23.23639629650421
30.0,33.42621678394886
30.0,89.0800277123912
70.0,74.49386872438004
70.0,40.34795486311833
39.0,42.835919300254545
39.0,72.91712334260177
45.0,44.05386729904933
45.0,50.731708067339184
52.0,54.35193057451579
52.0,46.27286827111675
48.0,52.10811076298586
48.0,51.905213049594295
25.0,18.355263555720512
25.0,77.80615347429364
79.0,84.83458836279766
79.0,72.74333029992977
75.0,81.83870805882879
75.0,73.99552284275052
70.0,74.15298999829287
70.0,83.5407349286724
69.0,76.67077846014229
69.0,93.94284340237539
67.0,74.83084638436867
67.0,40.10181915238104
29.0,25.058381965056697
29.0,20.643175917739825
71.0,76.72730873882875
71.0,62.893246372061924
35.0,33.635984060134945
35.0,49.12214866669274
26.0,19.22347890908486
26.0,56.58457185152622
47.0,43.32469889364933
47.0,67.8254990066099
78.0,85.03825083056233
78.0,66.71103314187184
65.0,66.58561267076459
65.0,66.71709160670201
49.0,40.03733984046943
49.0,10.716109234265275
66.0,70.05750628597258
66.0,81.88471690628819
53.0,57.18240115997713
53.0,83.5184055254768
67.0,72.12996904110207
67.0,64.20379473499253
34.0,21.271493704407646
34.0,56.62005901904007
44.0,41.04348088984972
44.0,58.21822000954353
71.0,72.25040086586444
71.0,9.63490132831862
65.0,69.70781480408425
65.0,12.39368089621098
70.0,77.5766782673885
70.0,74.64171463557801
67.0,70.43233036010781
67.0,13.737230402461876
14.0,17.098271417784474
14.0,62.73460678984287
66.0,67.31308724144321
66.0,68.60772518534509
51.0,51.005664007058556
51.0,72.40929193210201
53.0,53.94676703978831
53.0,83.08949823801032
39.0,38.94973266186736
39.0,80.01304349931706
74.0,78.26180762890192
74.0,68.76056388300157
67.0,74.53659386145739
67.0,71.04986980616258
83.0,90.27322486464254
83.0,78.80679106420081
76.0,85.53285128176253
76.0,80.02363011001978
63.0,64.89392534537217
63.0,86.8166185506571
75.0,81.28859249405383
75.0,73.77758333032949
48.0,44.535204178498304
48.0,59.072016886260826
57.0,59.74571203125987
57.0,72.59709336157164
44.0,42.29380529322958
44.0,58.74862228219399
60.0,61.69435956566872
60.0,40.52687021840677
76.0,81.93195842171207
76.0,77.41947618843079
71.0,81.26903689515518
71.0,74.43586229424733
74.0,77.92793558747547
74.0,76.5067101047996
64.0,64.81779409957869
64.0,73.70141125571024
41.0,32.81257727081589
41.0,15.814233742195881
67.0,69.65860250538327
67.0,57.367975369733415
43.0,43.07035840413977
43.0,67.07093871502627
51.0,58.37971277001708
51.0,73.90658802036285
57.0,53.71514477116335
57.0,93.23985688446174
69.0,72.87265009324113
69.0,59.5158390490746
28.0,16.322135371799448
28.0,54.15037940671402
60.0,65.7038542898755
60.0,62.992766690803535
70.0,74.84439019354016
70.0,53.185255228098356
69.0,75.04770785983033
69.0,70.95669957972063
45.0,49.94836466142499
45.0,65.74813911315567
66.0,68.8533326603823
66.0,4.180418832842577
35.0,30.701713263443423
35.0,76.65140020176489
61.0,69.00168624897884
61.0,43.855627333404584
61.0,61.603439768586725
61.0,33.15805141289047
64.0,66.8488362576199
64.0,31.973291557238838
72.0,78.22845747345968
72.0,77.99879574109497
41.0,39.571211680461886
41.0,78.82747602054013
50.0,48.024872536838984
50.0,58.23696501699982
23.0,20.325542456960818
23.0,16.44256113827447
45.0,48.89710194952096
45.0,41.59013770312413
58.0,62.08279325435865
58.0,72.97807583744793
69.0,76.93380902218439
69.0,72.83800917840125
23.0,22.187710740271086
23.0,74.57186525240047
71.0,79.43411201322442
71.0,67.23306711023514
70.0,76.62387840758129
70.0,71.00926935895444
76.0,81.82825870246285
76.0,60.551437929339215
63.0,70.12230123836912
63.0,68.30579436620872
60.0,63.43703124233724
60.0,75.86358497090976
38.0,37.796475757176836
38.0,62.90060081250954
78.0,85.26590082254847
78.0,67.73479962443986
48.0,54.41783798661345
48.0,77.47160762693017
74.0,78.44779244743756
74.0,71.55637869496701
63.0,64.80279511465523
63.0,23.049535170338686
15.0,15.797006212508677
15.0,62.72982514883739
68.0,73.59208092637834
68.0,63.98387299937099
70.0,78.74549913623702
70.0,75.71850272345432
71.0,77.5875421515185
71.0,77.53084629662044
68.0,75.6513309602147
68.0,58.5441219793467
80.0,87.95860701379888
80.0,8.883373449346152
75.0,80.92470504671866
75.0,50.521584397180334
33.0,28.661429252907624
33.0,64.4150584768949
43.0,37.01978415903898
43.0,75.75147704112936
37.0,34.717072429157724
37.0,18.523345809784246
61.0,58.504034897042686
61.0,44.241299808636995
62.0,68.49615697557306
62.0,83.20388723711528
56.0,60.101668125464926
56.0,18.485907442354858
67.0,74.33026783420064
67.0,64.22034070651841
75.0,78.88508031157778
75.0,51.99104196896633
49.0,46.618856436788406
49.0,77.4485801486548
51.0,51.373149216879426
51.0,65.39028537223453
65.0,71.79579639977908
65.0,80.10767814088342
67.0,71.6415252472043
67.0,85.62776676297898
25.0,22.973684812982583
25.0,36.94886719808835
68.0,71.4731392119109
68.0,84.13430736543376
38.0,31.73588857795403
38.0,79.21345713993804
61.0,62.893787105952924
61.0,52.75991959591198
79.0,84.13293198799374
79.0,70.56199897020241
63.0,64.42188521356525
63.0,76.78440174482643
58.0,65.3049188347162
58.0,70.86646018323705
64.0,67.75389481503669
64.0,51.59432911570451
72.0,77.99357392041259
72.0,34.61875282896801
76.0,81.24718039410817
76.0,80.28644100938516
46.0,50.85383664557918
46.0,29.37817348403331
49.0,43.14967764505593
49.0,47.214382197986254
71.0,75.41760419330893
71.0,24.769206691130364
55.0,60.49129473100868
55.0,24.738568471103747
77.0,82.56762102954491
77.0,73.05641181721666
66.0,71.90530536042007
66.0,45.06871737196411
73.0,76.70891308674027
73.0,37.05092174912647
65.0,64.98694740401106
65.0,45.726641053641515
74.0,79.58293829187204
74.0,45.205311573854715
73.0,79.4117201806277
73.0,69.43919252620543
69.0,73.05792934411278
69.0,32.77196657047716
64.0,66.72682171947679
64.0,64.67315466730577
43.0,46.62560153192646
43.0,68.98064028784819
56.0,61.020485734240765
56.0,29.017268201903107
37.0,31.868449012024257
37.0,67.0882451127489
59.0,60.92056881958439
59.0,76.3595829063841
38.0,33.7082861041211
38.0,67.5130632180418
57.0,59.627046909531884
57.0,41.08862677398923
27.0,26.11217391376482
27.0,78.39519138137672
63.0,65.44971380957742
63.0,75.62812517071887
51.0,51.739775652476396
51.0,59.47868085665948
65.0,72.66702342986974
65.0,61.8738282179051
70.0,76.33225775318442
70.0,67.5586784590779
59.0,64.54364975858186
59.0,70.87588926628257
14.0,5.395669454291692
14.0,52.74006551111199
72.0,80.14356104667621
72.0,70.9450284483853
71.0,78.45939983739868
71.0,50.83627434922005
73.0,78.97780971075468
73.0,77.70030335620368
72.0,78.77501689618703
72.0,20.33290500281521
60.0,69.30225792880287
60.0,62.22704371427909
74.0,79.10225046322694
74.0,22.082263806831747
64.0,69.75694730804219
64.0,72.11354084189594
80.0,85.51296227248639
80.0,56.41081931881001
61.0,58.64643930199344
61.0,71.10794620797571
67.0,71.00739592626104
67.0,36.63307001097593
72.0,76.13785196657517
72.0,81.45018225794854
79.0,85.18300391860987
79.0,77.0952058353156
19.0,15.650565138036825
19.0,72.2381907406886
57.0,63.49871219420271
57.0,69.09037621857118
44.0,42.16883796937719
44.0,70.18009530778465
41.0,37.06464862671362
41.0,55.92186595147325
56.0,57.102026992585536
56.0,60.10542374939928
74.0,76.96692840814455
74.0,70.34323843196904
74.0,77.8692212034722
74.0,64.0065784779303
64.0,68.2687976447624
64.0,14.466637896203565
57.0,53.28475863433408
57.0,74.77776266284303
56.0,57.321455916370326
56.0,70.41578011473968
56.0,59.98415409234434
56.0,38.90790964356671
61.0,65.85273293330931
61.0,61.92941327748957
60.0,61.739329714308326
60.0,47.829704369037586
58.0,59.90522249891768
58.0,60.18549376495872
61.0,61.145203258411925
61.0,66.8714563729859
61.0,63.33168092421346
61.0,26.63941917676692
12.0,12.926607799920987
12.0,45.34965453261702
48.0,51.14166760501058
48.0,81.95327270194639
62.0,69.68768289399782
62.0,58.385346775372795
68.0,70.25289689491831
68.0,75.83904710332371
61.0,68.01656800854477
61.0,74.29665610932858
29.0,24.60702716030005
29.0,32.48955776587644
71.0,73.1354524836085
71.0,79.38626892263403
68.0,72.01244242303937
68.0,64.7568733164619
73.0,78.56418462527944
73.0,74.31338611644367
16.0,6.412502475541828
16.0,75.82003931690195
42.0,40.9991076035073
42.0,80.0098688008959
64.0,68.28366836378177
64.0,27.648448613081882
72.0,78.13994536270201
72.0,50.48857699857939
70.0,75.33547614093061
70.0,69.25230277393973
46.0,40.55273437725475
46.0,50.74364455996317
44.0,44.03587317352469
44.0,56.595946951865926
50.0,50.016056038474574
50.0,74.19864224248158
13.0,15.626663937959279
13.0,26.749070203821248
76.0,80.97036808564735
76.0,61.269110984722715
59.0,59.276383202484624
59.0,67.31715441447926
26.0,18.445150375724495
26.0,58.874029450299076
34.0,29.633688605178975
34.0,64.61594676800655
76.0,82.28290930860067
76.0,38.31681924225768
60.0,60.78719234775019
60.0,75.27427450533463
74.0,78.97912762650145
74.0,67.24246051844796
77.0,87.4146629529551
77.0,80.61407961056096
37.0,38.39529005700723
37.0,79.79749123782159
76.0,84.76795644976983
76.0,-0.1963909623415816
34.0,31.016830130331982
34.0,52.083324382275634
63.0,67.15788724873784
63.0,42.09764084397898
56.0,62.9842846821698
56.0,76.05250603714296
54.0,59.740828197479004
54.0,66.12245918606004
76.0,81.32014432889594
76.0,66.84803419538804
55.0,55.47395928728207
55.0,73.71414316941087
52.0,56.26697522302959
52.0,80.57116571249043
36.0,33.75657533821425
36.0,73.38465550224993
64.0,68.37701940940121
64.0,80.91144813417833
78.0,86.60706746490808
78.0,61.10878841600186
68.0,69.32127668928098
68.0,66.71316424736835
49.0,52.35963822064872
49.0,81.04423108381332
63.0,65.90304804560247
63.0,21.276730933013482
61.0,61.286695852213256
61.0,72.95124247041724
71.0,80.1155636608508
71.0,73.00890313607778
32.0,22.371653889557763
32.0,69.27063021998822
47.0,48.1322189827178
47.0,76.23397252140256
75.0,79.55518484345839
75.0,70.48696123685534
74.0,79.09941844949236
74.0,52.10952666880746
43.0,42.31694029713594
43.0,62.28631900461778
56.0,50.888942188556996
56.0,46.63965486081412
57.0,57.37768406145568
57.0,73.51656053985829
65.0,69.97803008226657
65.0,55.73575210435769
59.0,59.11955567012916
59.0,55.64482302422158
64.0,68.08307074126691
64.0,72.02710413935051
35.0,30.950251893729956
35.0,71.58247578699661
62.0,64.40093972127926
62.0,67.51143731853892
44.0,44.721624065838455
44.0,66.41010709763799
51.0,55.791162386911196
51.0,70.00937666488335
73.0,77.29230506555882
73.0,37.12484383389403
62.0,67.9680710946393
62.0,61.509306059596554
48.0,50.59466463719889
48.0,82.73929052747138
55.0,59.920922606071144
55.0,67.59901896402164
77.0,83.36307342884925
77.0,4.8390119131177585
60.0,66.3931190782418
60.0,76.24906182489502
66.0,67.76821630513263
66.0,46.027213137774766
77.0,80.23052740931081
77.0,56.63543349197869
31.0,29.055983428093953
31.0,27.649510439052563
34.0,35.09976676393529
34.0,65.4170287162483
70.0,77.55976343254554
70.0,37.51882045625018
70.0,74.42588830010851
70.0,73.7180401316221
68.0,72.04743052890024
68.0,45.816978637565796
70.0,76.54998070290304
70.0,75.1501447467
48.0,47.102008335118796
48.0,67.05053885807024
60.0,61.23393744815178
60.0,63.54614997089749
63.0,62.847612401373
63.0,65.1462208198206
79.0,87.26723169401805
79.0,68.94365695141198
75.0,81.11835055443066
75.0,65.39331303842971
75.0,83.21004243869152
75.0,58.662265655839974
55.0,58.87922317785501
55.0,45.770862971639076
67.0,72.90893906431779
67.0,66.53245033520557
35.0,31.474016619993392
35.0,57.42391528458154
23.0,24.114790955693934
23.0,70.38539352593068
70.0,76.56673625437861
70.0,46.66678010372112
51.0,50.27783224894017
51.0,63.1374539156601
70.0,73.79547607234997
70.0,75.49091821113842
67.0,69.91026553092269
67.0,34.376121459962064
76.0,79.27990473321898
76.0,32.737840862039434
61.0,66.56209935244033
61.0,65.92671739707225
61.0,64.28064226535207
61.0,64.69055098456693
41.0,31.38274198866435
41.0,44.442555581493764
40.0,39.3227987862561
40.0,79.1275149481636
65.0,69.87575821653991
65.0,45.34444783096342
62.0,68.51156556542588
62.0,43.76843187349709
73.0,77.69217274109741
73.0,73.62213839348647
34.0,30.104835795197516
34.0,39.57784756081543
48.0,50.172114485172585
48.0,25.16818785454285
49.0,48.68134625089448
49.0,74.68468402261021
74.0,80.33745485533899
74.0,48.10661310570515
65.0,66.81012650997161
65.0,65.09120027841641
68.0,73.55116864937673
68.0,22.793783401500605
74.0,81.30561042605257
74.0,70.67687206569201
45.0,48.880776924474276
45.0,48.895318490170325
28.0,27.648448613081882
28.0,68.66872160077037
86.0,94.72802663202845
86.0,67.8862314126959
79.0,86.19018485215554
79.0,64.37224246410108
69.0,76.22556165676389
69.0,86.11051816968808
65.0,66.74930982298594
65.0,62.17346275953332
71.0,79.85160242091649
71.0,72.00212352423694
54.0,52.63406322252729
54.0,90.08022978012895
70.0,75.15343165495352
70.0,40.884532581954204
73.0,78.442309745768
73.0,71.88633737624008
66.0,69.15653895974577
66.0,70.44050419702694
74.0,75.94133290735346
74.0,57.539466669342005
27.0,16.60587473583041
27.0,68.05745495481221
67.0,74.01997343907209
67.0,66.37105210329105
56.0,62.23616008813468
56.0,22.708223132301896
43.0,46.88973507563202
43.0,21.823004105543646
69.0,72.88784038392009
69.0,59.79987509028365
74.0,81.56718495820132
74.0,64.41542244036594
72.0,77.22709818043529
72.0,66.79207161331715
20.0,16.522534112074766
20.0,76.40961174950098
60.0,67.70146086580695
60.0,71.13009180581804
59.0,58.64074389728472
59.0,73.54783080232232
27.0,20.33290500281521
27.0,75.35706086625572
77.0,84.32825917976709
77.0,69.92418378253086
55.0,54.52364518770855
55.0,24.58917126410421
68.0,74.32243605213682
68.0,61.90422657945288
60.0,64.34551480398864
60.0,45.75152167318839
38.0,35.69544096116482
38.0,63.006147058098975
42.0,37.31707683360156
42.0,71.19517913133302
51.0,56.92766015986251
51.0,65.89432900847748
67.0,71.9289323843152
67.0,48.95972994489483
50.0,48.020780364360576
50.0,73.13632803214949
48.0,49.45473487959265
48.0,68.03549873359106
70.0,73.15587556655504
70.0,79.28691289843096
68.0,75.19199392786487
68.0,66.24487450238229
67.0,76.32648789019913
67.0,71.64828826218223
75.0,79.28815842400644
75.0,41.9590367699376
72.0,77.3250727177682
72.0,77.46818268599225
61.0,66.04050556040863
61.0,64.23663824608019
70.0,73.8780149758062
70.0,50.501347082612085
61.0,60.26721479827859
61.0,63.129120865354764
77.0,82.37215294263484
77.0,74.18640633916175
39.0,37.01485397422266
39.0,67.53981744168448
10.0,10.083618595598296
10.0,74.07148974680683
68.0,72.61150471283133
68.0,81.42939938559374
64.0,68.67632310647542
64.0,76.4783884527049
67.0,73.06745678408072
67.0,18.22553857533677
45.0,47.62044215725075
45.0,85.25788192139635
44.0,45.04112196005053
44.0,39.924616821639404
67.0,70.4920201386177
67.0,22.187710740271086
33.0,31.973291557238838
33.0,70.40269638947996
59.0,63.44057021669187
59.0,75.575052857517
19.0,17.86030199400301
19.0,34.53523846288891
73.0,82.14679128151806
73.0,68.48258434275607
63.0,68.80596872451395
63.0,63.600391283341196
77.0,81.17688628855439
77.0,74.75490335601029
40.0,44.81345375477525
40.0,21.158140053093973
52.0,57.664639270189014
52.0,84.69849446374815
69.0,73.09373213342013
69.0,77.48758358128839
34.0,34.62329047778428
34.0,67.86283692900452
64.0,68.74348534469004
64.0,68.80111447572563
81.0,85.37707727569153
81.0,64.42723327119796
43.0,48.102000509506524
43.0,85.71479617795535
67.0,71.57088887056625
67.0,36.818341393085745
65.0,67.96206030137893
65.0,36.114196617614084
55.0,58.75744877118569
55.0,66.79094188230368
72.0,80.6172376297792
72.0,78.18048729183874
51.0,55.39352393482568
51.0,77.82990023669197
57.0,54.56326754168913
57.0,73.57960287195937
49.0,54.36733080244187
49.0,57.36049454733353
70.0,78.90963002940299
70.0,86.50316219066167
73.0,79.18334963088347
73.0,50.0771335974066
67.0,72.13321257850117
67.0,48.23054348346693
64.0,67.12250232051366
64.0,14.208766775822028
27.0,28.040466393180225
27.0,76.77953784825911
37.0,40.64521548322057
37.0,75.73240167145673
49.0,45.89570658745208
49.0,70.34018741625425
64.0,64.9557809204752
64.0,70.65113086486173
63.0,65.9247137947475
63.0,74.6796157826792
66.0,70.9246963497954
66.0,47.37194694987892
64.0,67.03094462573898
64.0,52.709587485757595
75.0,82.83180234461253
75.0,74.82119510840107
38.0,36.574132021538674
38.0,51.81376284902706
69.0,72.75065545516003
69.0,57.376906379870206
66.0,72.6369851604316
66.0,79.78947353907421
55.0,58.681483677329936
55.0,65.66800467812664
43.0,40.55689706984856
43.0,65.43069399306717
82.0,90.30003924139174
82.0,36.88440164714274
49.0,52.31925485457094
49.0,86.25560266994074
77.0,83.37558827631955
77.0,72.03856966223918
66.0,73.97449659668013
66.0,64.81225620647069
77.0,81.40239149633663
77.0,62.50462966584183
62.0,66.21125269288171
62.0,62.78716575517893
55.0,57.93927671891993
55.0,64.05791588822382
69.0,74.35894993599646
69.0,36.47637823301966
68.0,74.23606056136691
68.0,76.41687914332641
74.0,78.27398632195656
74.0,86.87379183547296
71.0,77.3163707230458
71.0,76.26201220513354
62.0,68.55849356099122
62.0,52.48018956515574
62.0,67.43862978204464
62.0,82.18795875928026
55.0,55.634055003761034
55.0,42.21698938768992
69.0,73.04516838748498
69.0,75.41884120701945
50.0,51.30131391664662
50.0,70.08960908862906
64.0,67.50751755263593
64.0,73.70410243887346
61.0,67.60507737083248
61.0,71.86758682845107
56.0,64.30301789752212
56.0,51.40586822060175
71.0,77.99357392041259
71.0,73.34164250217378
66.0,70.87300176854274
66.0,73.40446849301554
53.0,57.740774447571766
53.0,57.662762206523496
55.0,58.15533810005968
55.0,71.74391301840006
68.0,74.99122700904275
68.0,84.52820277237447
75.0,81.51051341912688
75.0,51.667405486088626
80.0,86.65776352054877
80.0,72.2885436657117
33.0,37.32882307409125
33.0,20.636970638820458
48.0,43.96362456836698
48.0,69.18289090338072
65.0,67.93465435416527
65.0,34.27001339073718
80.0,85.81486881210469
80.0,71.97233381688375
66.0,70.08572493956916
66.0,45.384466678792194
43.0,45.256724735087744
43.0,46.2063426064056
59.0,62.8149592082292
59.0,53.640614340684806
48.0,44.535204178498304
48.0,49.64964268953116
32.0,33.42243700547084
32.0,51.10966632999828
70.0,73.41707806861069
70.0,52.935558068467344
63.0,67.47134314722433
63.0,73.27013049510623
61.0,63.66391450156499
61.0,66.34428710493711
70.0,75.24516292680977
70.0,27.842135079968386
67.0,76.57541123389728
67.0,74.79436530861915
61.0,61.421571600901075
61.0,76.93958752491943
70.0,74.55730127151014
70.0,79.22656391360539
58.0,59.852364924397534
58.0,72.95808906738296
68.0,73.28832679634024
68.0,43.62578628209275
70.0,74.27890793948808
70.0,79.33638130872885
60.0,62.18824732826232
60.0,61.78646309965859
56.0,58.432095444470576
56.0,80.56602651532677
49.0,49.23547929474216
49.0,70.6931385099711
30.0,24.85625902560662
30.0,80.84138013459443
71.0,76.95418806306986
71.0,59.0868118759891
77.0,83.50844775997251
77.0,56.52379406685827
13.0,13.417467123830193
13.0,82.272261933896
38.0,41.394259861139346
38.0,75.80504920583917
33.0,29.17736771401735
33.0,59.150111447640484
75.0,82.05201164516836
75.0,36.41894427068689
72.0,74.95868969120585
72.0,77.57634388333946
59.0,63.41794125363106
59.0,60.43197619152801
44.0,47.117456975903224
44.0,35.99471623220569
58.0,63.67193166247688
58.0,45.16315124999136
43.0,41.562839984766526
43.0,41.83181100205428
63.0,63.24897778806525
63.0,71.56277693902638
38.0,28.56648691924414
38.0,67.43039274536818
71.0,74.16463906239301
71.0,69.19280895268469
69.0,74.14549342745357
69.0,33.89490664219255
68.0,72.09744616581776
68.0,32.58775706087914
61.0,62.6419083494236
61.0,63.26841298185553
11.0,4.8390119131177585
11.0,67.68800447762885
62.0,62.33110335452852
62.0,73.49891107343672
38.0,38.08348739146845
38.0,81.78643567346268
77.0,80.46722664076452
77.0,68.35932670193603
77.0,82.78179784204411
77.0,82.43025144601125
34.0,33.102657532849435
34.0,70.20107226172314
45.0,44.31262248112682
45.0,50.58512616699852
79.0,84.2779345525874
79.0,62.21369214373749
68.0,74.46342949689
68.0,54.86635276167664
62.0,64.05630429649466
62.0,23.203003873434227
69.0,75.99278120934173
69.0,60.38579057703481
61.0,63.7733685281907
61.0,20.2592624729985
75.0,80.4109235681571
75.0,79.32261736056677
56.0,60.26659729694785
56.0,77.42474225694963
69.0,72.34675878439862
69.0,48.788478394212405
76.0,81.79859941161158
76.0,61.043376680633116
54.0,48.77893297194953
54.0,81.38542790855536
79.0,85.97386994462335
79.0,15.29727410810267
66.0,71.45618912950442
66.0,53.595661192398154
55.0,62.671563963587346
55.0,84.95861267638372
36.0,39.04492244142796
36.0,81.61379657631812
62.0,65.48205023772005
62.0,75.40391229468679
54.0,56.488857380845445
54.0,49.66101060782819
73.0,77.56244188433317
73.0,52.57703536402204
45.0,41.656828462165834
45.0,70.50509005269402
64.0,68.383428666094
64.0,19.46564787076545
71.0,78.44159362698326
71.0,29.536233488091682
38.0,37.19091670440059
38.0,67.66853450134147
30.0,31.639280092676586
30.0,70.22841992003839
68.0,72.143336150332
68.0,61.158428882193334
67.0,66.75825724009894
67.0,77.9445075965109
47.0,44.60523847606191
47.0,56.52397656562135
65.0,68.19385528572707
65.0,86.5541297675768
55.0,58.38418497804702
55.0,66.80900313826533
47.0,45.032004153249034
47.0,69.13651835474735
65.0,68.57877133268249
65.0,78.0538106592561
68.0,72.3507138102571
68.0,76.1102572839485
25.0,21.110347646874402
25.0,82.72440500310864
55.0,57.96753193350406
55.0,68.00897724521985
57.0,58.339929462278974
57.0,73.77098961654355
73.0,81.0244623989239
73.0,44.97811328193097
71.0,77.12007409626779
71.0,74.05963483099737
71.0,78.12522595906535
71.0,63.71333493342581
65.0,71.60562786828405
65.0,77.6833439071583
35.0,36.588392363372634
35.0,79.93528557405511
66.0,72.90862866900852
66.0,71.54168993820372
58.0,59.212767127970835
58.0,75.55687287020004
61.0,65.87464014986068
61.0,32.53177947369693
65.0,72.42496650124781
65.0,64.58839586313559
67.0,77.88676062435917
67.0,59.463149896993855
58.0,61.23354320917042
58.0,46.72021036108811
58.0,63.68308885750287
58.0,56.03027269561903
73.0,79.33435489709126
73.0,68.531616770845
69.0,73.08178990205914
69.0,80.99164408190836
73.0,78.85533898699123
73.0,92.88381073924637
67.0,73.34798346450333
67.0,84.84419413844137
75.0,81.34672024378449
75.0,56.61216671437012
27.0,16.34801859854383
27.0,59.50463995144071
60.0,57.91569219068265
60.0,50.11061480177375
78.0,87.10288487077707
78.0,70.59780541664338
69.0,72.4937513749785
69.0,66.06225443732279
74.0,80.40072998404418
74.0,62.71221025167523
44.0,43.17646365488628
44.0,64.48508977403588
74.0,81.70948403264504
74.0,63.80827781232216
75.0,78.77923687501561
75.0,71.90779747927758
36.0,33.36722565409457
36.0,61.489458620839
64.0,69.55030070981019
64.0,70.41629107734889
62.0,70.08415874268314
62.0,47.371414563555106
39.0,41.32054842038468
39.0,74.64188927711507
66.0,68.06731504711848
66.0,78.80407933336232
53.0,50.11610771067376
53.0,80.0954228038346
69.0,72.84484737682573
69.0,48.06361432624465
75.0,80.33369205611848
75.0,81.55565626252849
60.0,59.30375143129595
60.0,75.65176284552155
68.0,73.72205897094562
68.0,75.38892269179632
19.0,11.752073996505203
19.0,62.57502083563594
45.0,48.19990564676493
45.0,65.86954312357415
29.0,29.916092673846663
29.0,50.879383618530255
61.0,65.6804328072115
61.0,81.2312338442456
61.0,62.43790583603146
61.0,82.56855313061033
60.0,59.42656775680484
60.0,49.573824220497556
73.0,81.69517649130063
73.0,70.21978931817824
62.0,67.30510955213464
62.0,39.02483288994432
17.0,17.4229959482833
17.0,69.46343113687612
74.0,78.86383027839668
74.0,58.47525630001991
75.0,81.78285150366736
75.0,63.25814810494717
73.0,80.90476037558267
73.0,15.575252849094511
63.0,64.54371149380529
63.0,79.99255956802301
69.0,72.31944297457136
69.0,46.68293218659369
45.0,42.24938246188702
45.0,85.44940151300051
69.0,74.93031430128462
69.0,72.67098201060838
57.0,60.002754429104584
57.0,51.09118905189058
61.0,64.65407431150237
61.0,56.949131632257206
59.0,62.09071377301956
59.0,77.89503579382642
75.0,82.01552618226737
75.0,51.17561609173441
71.0,73.96519825346252
71.0,60.179688956393306
45.0,51.09785771033688
45.0,59.767736970192175
45.0,46.40437828534522
45.0,41.288830138734625
48.0,47.96830866745563
48.0,46.52406666733856
48.0,46.98119256622863
48.0,48.18581889670378
11.0,11.963086896058769
11.0,78.97038620242347
51.0,60.03295930893813
51.0,6.4270693843476465
55.0,53.09972401849416
55.0,64.0875673267102
23.0,24.676480222499038
23.0,77.10658132497849
56.0,60.42421080555971
56.0,87.39271301505545
44.0,39.540550358311066
44.0,72.77587404153485
72.0,79.49475595237516
72.0,76.38725023124556
52.0,56.29701191803184
52.0,46.724539606676274
66.0,65.50681951741547
66.0,64.20554544455263
79.0,86.523397490202
79.0,57.51926661570036
65.0,68.71658875236983
65.0,41.69169747400758
61.0,64.59174632217719
61.0,71.53340515482057
75.0,81.7883257974209
75.0,35.33157084861517
69.0,73.55740413939753
69.0,75.65618357425808
69.0,73.13149691241057
69.0,65.71641986423157
66.0,72.22152669002406
66.0,72.6958092551667
78.0,84.44585758113755
78.0,58.08888281012935
70.0,79.02342361868074
70.0,67.02797626764271
73.0,78.86348685166718
73.0,63.006147058098975
51.0,53.305412689353886
51.0,44.10124775035899
54.0,55.78293440443116
54.0,80.02107743028341
64.0,66.83721441272246
64.0,78.9662885670416
60.0,57.49759492539073
60.0,36.92643204846229
68.0,71.68499895024001
68.0,70.71204602983539
35.0,28.814069177583747
35.0,48.72306168469919
61.0,69.01387823800985
61.0,91.32122587591164
48.0,54.03283895390257
48.0,68.3622275546494
43.0,48.766391255009864
43.0,67.41660231515033
74.0,78.93226372175735
74.0,45.00236280097948
65.0,68.40942315578468
65.0,58.3766995720444
66.0,67.06477448575129
66.0,61.360522583329555
52.0,56.16427365509037
52.0,51.093706743994915
54.0,54.50356124933518
54.0,86.12866432811137
41.0,36.170252884413685
41.0,52.0838913959945
78.0,84.72098659164777
78.0,78.96151279450709
64.0,67.70839434463659
64.0,66.10661662385411
54.0,59.02888247168039
54.0,81.18507985643504
65.0,69.79593566709758
65.0,68.06374878987685
41.0,45.20370261875979
41.0,53.07503197184394
76.0,81.9344177973042
76.0,68.92007687320074
71.0,78.62672477281194
71.0,71.455953281463
56.0,60.64969555573339
56.0,74.78988999082162
70.0,75.80377255177939
70.0,61.86880336259105
48.0,48.860728706492466
48.0,57.98667743014431
66.0,72.61527568950521
66.0,33.356189318793156
32.0,37.484472836798375
32.0,66.56114781387515
60.0,63.565666605958825
60.0,65.59038341178115
77.0,82.82931837900571
77.0,52.29642941139002
77.0,82.54979845859077
77.0,68.66838453408798
39.0,39.43777613943348
39.0,79.47117773953352
64.0,67.80328890062844
64.0,63.50037662301287
75.0,81.74655128962956
75.0,73.39529615745545
17.0,10.156709789094236
17.0,60.17481071682397
63.0,68.02528987063744
63.0,82.9143439993731
38.0,43.10547618834016
38.0,65.4114492099992
66.0,70.91605962333381
66.0,58.57640804725975
58.0,56.64781444724241
58.0,62.96407828189791
17.0,8.523044069601042
17.0,66.3854701255288
78.0,85.3305329262995
78.0,57.951081120223705
66.0,68.06218663393298
66.0,13.292347688484995
76.0,83.15185936682798
76.0,62.329392290885664
21.0,28.85073080866863
21.0,81.83222572095116
75.0,79.04621527378032
75.0,70.57310672935336
27.0,20.20936832927424
27.0,9.662775784781559
71.0,78.65930704066574
71.0,64.36935535885215
82.0,88.37948275141929
82.0,69.88250965291991
65.0,66.00833912175858
65.0,74.17810978702823
17.0,21.77518668502171
17.0,71.26124223308216
70.0,75.24692229948971
70.0,59.756088332402896
68.0,72.41041180148437
68.0,81.23045670321574
21.0,19.238961710315664
21.0,81.45802833150981
68.0,73.0696349456664
68.0,40.30939681880096
63.0,69.7810959008417
63.0,60.48176443674407
72.0,79.60384074863066
72.0,78.92289791921138
43.0,40.07027028083718
43.0,80.13563709529365
72.0,76.48589004633368
72.0,74.14256096424486
25.0,28.160034641888956
25.0,50.32604947729271
54.0,51.207390177101274
54.0,72.72916724812274
79.0,85.38439703453201
79.0,81.11862497709456
54.0,53.937324186260355
54.0,67.32063399490107
64.0,67.91710492154414
64.0,60.56717343727439
63.0,64.54478668234617
63.0,71.59273272454737
38.0,35.689228251412715
38.0,36.91834724786452
62.0,64.83428802312153
62.0,63.35517071331981
65.0,73.05767051085093
65.0,72.82973316241703
68.0,69.8380677486137
68.0,55.04467975117177
61.0,64.35637634997317
61.0,33.53419339749411
56.0,55.6155327131072
56.0,31.110471182933964
55.0,53.41886882456777
55.0,79.87807500627122
65.0,68.60458142946055
65.0,16.173613044374633
36.0,34.124591262303966
36.0,43.014925383101456
57.0,57.2064734452037
57.0,74.1584577973303
59.0,61.09512325089145
59.0,70.2812548996742
47.0,46.786381384843764
47.0,73.01293067632349
75.0,84.43516508293072
75.0,82.97654259808007
57.0,57.04562082995983
57.0,62.05971177209028
61.0,64.21312163604324
61.0,82.96809958413019
29.0,23.790494155292947
29.0,79.94987944738358
65.0,67.53071824587357
65.0,42.35281203907357
63.0,68.90646553489654
63.0,60.38273610700179
77.0,82.75273123160883
77.0,37.16083006252069
74.0,78.49205832428277
74.0,66.6509662544351
24.0,19.898820041696865
24.0,34.235987564126106
71.0,77.82297608571548
71.0,67.07149747438251
54.0,53.37694980542312
54.0,33.83463433429972
62.0,63.33734572040896
62.0,44.58783340445831
80.0,86.53809756249979
80.0,75.42677162510444
64.0,64.38931401236232
64.0,80.8903842785844
60.0,63.16401433804418
60.0,61.134249842547604
78.0,83.31664323604116
78.0,74.93111051502297
59.0,59.34794393537851
59.0,42.22903056122453
66.0,70.8940666341361
66.0,71.7344318349962
41.0,46.06019146466201
41.0,78.16288209245886
45.0,46.35007295862249
45.0,76.75588828092123
48.0,48.524912105514886
48.0,74.31763376537799
47.0,44.27014446919611
47.0,66.50156107516182
38.0,37.76186561627827
38.0,75.63592811141353
54.0,50.3319919704457
54.0,68.41283408556933
68.0,71.4561872830846
68.0,77.1398438618404
57.0,59.700079970658464
57.0,78.42651578721848
37.0,38.5256532085383
37.0,73.60443635660732
81.0,87.977694443634
81.0,25.86697421469819
52.0,52.89470520493137
52.0,49.566734229871315
62.0,67.37116055632646
62.0,37.939382330959916
69.0,73.47704186190163
69.0,71.47876743119042
63.0,68.19646670734289
63.0,71.39177897212215
63.0,67.33303979171939
63.0,53.63295056628709
54.0,52.17364918218499
54.0,52.77740681349104
66.0,70.34206222984204
66.0,57.663955333123454
36.0,32.40871087217948
36.0,76.17278311819297
73.0,80.29145419586274
73.0,24.583100664975007
59.0,60.79514234935482
59.0,69.97398598779091
52.0,59.40251588577911
52.0,53.111902105501315
67.0,72.36845663597882
67.0,69.38033049853232
69.0,75.96168280684049
69.0,67.9792605020586
54.0,60.089807444348196
54.0,66.38957792585961
64.0,70.34700147599489
64.0,76.03840327903106
61.0,66.39530496182186
61.0,75.50592658865855
56.0,59.80743152265234
56.0,72.97214177508499
65.0,69.69523667736257
65.0,78.24370772107198
63.0,66.60066414528859
63.0,74.26599082811629
62.0,65.65761209615596
62.0,60.0877742445241
83.0,89.78353532218694
83.0,81.38759677583607
67.0,74.27528754139945
67.0,61.86477026437052
47.0,48.57623137839988
47.0,67.53103249215638
64.0,66.84896597913132
64.0,43.66029520438235
23.0,25.66858848944446
23.0,79.2261778202286
58.0,62.180393204332916
58.0,74.85485683177882
70.0,74.24405588592333
70.0,81.25852155278528
60.0,62.31396145915306
60.0,86.50429888485439
77.0,84.29983527726534
77.0,77.38024953759361
72.0,80.27356001748745
72.0,69.56871567878164
73.0,78.2929621644277
73.0,77.20052873912766
69.0,72.1182988114943
69.0,77.42903018717988
61.0,61.765597295543955
61.0,26.977757287125257
50.0,56.172597976943564
50.0,16.927046842743948
59.0,63.91276854517622
59.0,67.76323809726921
61.0,67.463279620582
61.0,95.08646302706762
48.0,43.61633222595907
48.0,92.76687930126917
43.0,44.834236476304056
43.0,55.27004143511607
82.0,88.52522205351175
82.0,73.13664249129482
65.0,69.75167752977069
65.0,78.07838286278582
74.0,77.78282479577808
74.0,6.4270693843476465
56.0,60.653124748627306
56.0,66.514703390541
72.0,79.71091438599319
72.0,49.09523102039492
54.0,61.216822968255656
54.0,79.90607970387026
79.0,84.69386869573856
79.0,80.99933540311014
67.0,73.69430413960401
67.0,66.14028861268713
75.0,83.63562813758892
75.0,63.135138341888705
66.0,67.75818594441233
66.0,71.33276163953781
69.0,75.18541340774931
69.0,90.0090516282699
18.0,6.728711118672095
18.0,30.841857277419194
63.0,66.6109326358212
63.0,74.40083269072255
55.0,61.17778817472089
55.0,55.12595627124625
60.0,64.39899281379286
60.0,66.03758034358441
69.0,76.26651119156628
69.0,61.35816815628232
53.0,50.04737156972351
53.0,37.01221221502993
63.0,69.88855657812343
63.0,72.44605655379257
59.0,62.746137316079285
59.0,78.74820331432579
35.0,31.218311358678193
35.0,43.23437650056559
69.0,71.75313006515358
69.0,61.34964565872127
60.0,58.621597210677294
60.0,74.90129052420286
67.0,75.41645117051598
67.0,59.36052054680994
61.0,62.78944410382206
61.0,83.5545857174564
38.0,38.44203820044032
38.0,42.17795601508607
71.0,77.96845496374397
71.0,17.633440679539262
65.0,71.65610162612819
65.0,76.44971260547368
66.0,70.29968263771161
66.0,52.482047631319574
63.0,68.13481621826469
63.0,71.62433554955732
67.0,73.22083659393098
67.0,66.9847421988166
71.0,75.04769498899714
71.0,30.719610659461807
62.0,65.42872030209077
62.0,76.65698912253248
69.0,76.09126473892582
69.0,68.67038061570577
19.0,14.121554747597202
19.0,69.98170678462657
78.0,86.8386833540439
78.0,74.35597992283442
36.0,38.41127920041305
36.0,75.3675510938449
12.0,2.834812441903921
12.0,67.23118027184711
70.0,75.68338872559616
70.0,51.98689748222631
34.0,26.27782012337724
34.0,32.40871087217948
51.0,49.231960499672766
51.0,54.98037779433827
25.0,25.162775335704396
25.0,27.36267390172344
75.0,78.27296857676015
75.0,70.63359310661741
73.0,76.76900702926395
73.0,65.48738166104994
61.0,64.81705822216725
61.0,68.08161489802075
59.0,58.44723544268993
59.0,55.92466863409982
74.0,79.51482584836504
74.0,70.24727108669902
55.0,51.229156459712726
55.0,81.14337909496936
69.0,73.31366433640079
69.0,66.77721087576424
54.0,55.248477181041665
54.0,83.39214719962092
17.0,5.696190947399032
17.0,58.741944754359
74.0,78.40879829814634
74.0,80.12390069915983
45.0,35.99376349924489
45.0,47.51781415750111
77.0,84.65770170989742
77.0,72.22433458332762
73.0,79.61896500827726
73.0,62.160274642286254
46.0,47.14576050084759
46.0,66.96703310413596
54.0,54.529789384325454
54.0,33.01566459969251
48.0,39.106651135924665
48.0,70.2058269980592
52.0,54.64145495884139
52.0,76.53230901281813
69.0,74.34377676310294
69.0,41.302765373499085
40.0,43.856583667145856
40.0,74.07407140408736
61.0,70.44790187942795
61.0,61.227930636755445
27.0,17.814703713112124
27.0,73.84211862440384
31.0,34.18560868483422
31.0,39.23581779015785
69.0,74.18772665816749
69.0,58.60762705328273
37.0,33.06875630927965
37.0,28.21553709910836
77.0,83.04274410570832
77.0,78.14393731178166
61.0,64.93603878817657
61.0,44.18237359288531
76.0,82.40880032968249
76.0,68.49623325584872
47.0,47.640046194517026
47.0,70.37186621996398
59.0,60.19342814972481
59.0,71.70948961588255
64.0,65.60709338447265
64.0,75.87672254969851
62.0,70.81250430613267
62.0,56.20002170923391
62.0,69.0568141821409
62.0,70.87615353992959
58.0,57.7134541116983
58.0,66.05929653471577
67.0,72.40819622275683
67.0,61.745087277664595
74.0,76.26391477127197
74.0,78.2547090914037
70.0,76.747056110963
70.0,32.206847047178144
47.0,55.143465210651755
47.0,50.26484114880077
71.0,76.01359640692914
71.0,82.31085860326516
65.0,68.10326256116053
65.0,57.94179468988091
79.0,86.87045741711262
79.0,54.17895138008532
31.0,21.44012515384088
31.0,55.642033716920025
69.0,76.05528501082273
69.0,81.98509100152694
54.0,58.515632905573966
54.0,47.77452609480929
77.0,84.06698107562096
77.0,19.7374526934762
76.0,82.29664943015683
76.0,72.6426058651191
46.0,43.77642686543862
46.0,79.93876444933397
48.0,43.342610427363525
48.0,45.541490424259564
81.0,91.07585048507661
81.0,59.53048500365986
52.0,47.900883523508185
52.0,52.969243174403346
73.0,79.5007097434177
73.0,45.861063528325246
69.0,74.96627803372928
69.0,18.119225321073372
56.0,53.88764464333167
56.0,67.40696212674817
75.0,78.71962260431951
75.0,77.84172289115935
62.0,65.04437362995532
62.0,85.16266217160694
78.0,83.38962090501627
78.0,59.0352406938955
49.0,47.33816908197224
49.0,39.904319357268264
64.0,69.61027904232446
64.0,78.0393577501984
55.0,53.52692964028387
55.0,71.24362108654816
68.0,73.3888110377315
68.0,82.33751367394461
69.0,76.10772472369592
69.0,44.81199756111664
70.0,75.49051819560049
70.0,50.72501233786318
76.0,84.23218980481005
76.0,24.152536053383812
45.0,40.271055204440756
45.0,76.80012811825486
32.0,28.286661912603222
32.0,44.766994107483754
41.0,44.145739892404094
41.0,69.44533933220453
59.0,56.45395258432666
59.0,49.64964268953116
69.0,78.91734677155495
69.0,32.17973197380928
38.0,33.67968008198079
38.0,78.20756837580194
77.0,82.81615334613241
77.0,70.37564215056625
30.0,23.930097632792013
30.0,78.48289684300408
60.0,59.48516450388291
60.0,72.97722111390834
49.0,41.63773389782051
49.0,67.44026375511731
78.0,81.90931481587995
78.0,65.29674866989626
54.0,58.38418497804702
54.0,72.12895359740781
34.0,23.23421002900784
34.0,71.23897420677844
58.0,54.6834840073908
58.0,44.4635393295049
65.0,67.78399768498929
65.0,62.62944640453247
50.0,48.16825520122336
50.0,76.68845224669832
40.0,34.43712980791429
40.0,77.92419799720881
48.0,48.1406042976007
48.0,75.3283853104021
71.0,76.38163005373912
71.0,31.459485568920286
57.0,55.85043023321606
57.0,71.3385423002162
54.0,58.06789507198073
54.0,70.7018465474128
59.0,58.47703620052107
59.0,45.74203214575266
64.0,68.42518587005617
64.0,17.95823395862726
35.0,32.11477425638782
35.0,71.18014424523415
75.0,82.0549557271836
75.0,58.36688882927848
58.0,59.80933435731259
58.0,81.41544631292032
62.0,62.240804719977575
62.0,11.923170828905825
65.0,63.90932967847044
65.0,61.094426420921764
73.0,76.69451339437467
73.0,57.77439282657929
28.0,26.253515073671224
28.0,72.39350709735203
18.0,5.29573286041051
18.0,60.41536857403662
68.0,73.940419781998
68.0,28.100340358903452
47.0,43.080615321446714
47.0,82.77444457738972
64.0,69.2070765541431
64.0,77.02715731459006
65.0,66.47584147616311
65.0,74.84192971601993
59.0,60.5472910438765
59.0,29.784916635935872
67.0,70.20538251405168
67.0,84.81002107851367
80.0,89.17137074795022
80.0,34.946981410725755
76.0,81.21498754081358
76.0,74.88551889169077
14.0,8.176037366472599
14.0,53.53462401830325
49.0,50.90812054158181
49.0,58.804190325896684
79.0,84.26817904786475
79.0,62.188668928958805
33.0,34.53523846288891
33.0,67.14757723045881
70.0,75.78189321869701
70.0,84.77150938737958
5.0,2.0139813547912127
5.0,67.12684691886307
57.0,63.21765050769966
57.0,55.85015497553729
49.0,43.05797770717845
49.0,54.53236961731693
65.0,68.63939951162325
65.0,86.71169877645445
19.0,14.208766775822028
19.0,81.16499578455716
74.0,79.99151209207986
74.0,68.91591927840028
70.0,79.62029312540233
70.0,70.2086290374657
55.0,55.74596687305416
55.0,49.3596599079965
66.0,70.78814874824803
66.0,65.44624967999192
66.0,70.40685534470981
66.0,58.4694237497356
54.0,59.023925301845395
54.0,47.94203763897491
70.0,73.738458364405
70.0,66.07525299139115
66.0,71.27285037105867
66.0,50.793021537550715
70.0,76.4339561643684
70.0,72.77595142043793
74.0,80.38003104921034
74.0,71.6096187348906
66.0,74.84442492709269
66.0,65.32819360613206
76.0,82.49864794115365
76.0,55.54348170539538
60.0,67.96052203033764
60.0,53.73182353591841
76.0,81.75121701948916
76.0,63.32521514196958
35.0,38.14994751097964
35.0,65.85491013383046
61.0,66.50747921134484
61.0,57.06779184513499
44.0,47.684951103277626
44.0,74.52031733449138
47.0,42.15264645855825
47.0,87.30175365175694
36.0,34.891756742976554
36.0,52.18632795205593
52.0,52.66608479459961
52.0,51.53202939317782
74.0,78.89629476664987
74.0,76.68280337098611
65.0,66.00384858656423
65.0,56.43185220514994
32.0,28.22755578306146
32.0,63.67150965740694
45.0,49.94836466142499
45.0,67.03727835326725
67.0,72.09075559087034
67.0,77.57864892290127
27.0,22.636904531718812
27.0,7.664173429501602
38.0,29.549519788530972
38.0,70.61463374825996
64.0,66.27753857196933
64.0,27.23064836242247
74.0,80.2184874559614
74.0,16.436343593023594
75.0,83.3096806661149
75.0,66.99020844978958
56.0,58.89081287308261
56.0,29.60771729271886
71.0,77.49041234569972
71.0,73.27347458912368
60.0,65.21752519898996
60.0,85.44748379559712
56.0,57.51491507825284
56.0,75.35805311064286
66.0,70.4096646982178
66.0,57.41955329889572
61.0,67.99416656179619
61.0,56.78791156362564
52.0,51.44222486323156
52.0,85.43798799571937
69.0,71.08321847602576
69.0,16.927270115647048
77.0,84.00017501853364
77.0,77.64835814869053
55.0,58.481761582109584
55.0,55.4223577605876
56.0,52.60539577370565
56.0,74.12093293194374
48.0,53.714527293332765
48.0,64.9652627053652
55.0,58.26761641227398
55.0,67.86603765534056
69.0,75.03165919866541
69.0,77.98440612664479
70.0,79.06074514599447
70.0,78.55984460573234
69.0,78.09498323145652
69.0,84.36813580122907
80.0,88.97628491747633
80.0,71.96754932438546
71.0,78.56067152729952
71.0,78.56405355353559
66.0,64.9349117488103
66.0,64.41585094069353
71.0,77.14064009294691
71.0,78.85461946437823
57.0,54.44872056113002
57.0,78.10589418595578
28.0,28.06799522015791
28.0,49.37840138191774
59.0,62.75333280992419
59.0,56.852811300046426
57.0,57.2571509728088
57.0,82.33085738596623
56.0,55.139806890453315
56.0,64.7315946640453
71.0,73.59802492551938
71.0,39.04492244142796
58.0,57.918896254885965
58.0,62.36801623920803
58.0,57.3456334208837
58.0,49.28386404431433
37.0,33.45862309365867
37.0,73.82387637329799
56.0,59.51175626714365
56.0,72.41025110209677
65.0,67.66381615850673
65.0,20.97001792409037
59.0,66.16140617992562
59.0,72.1620341285855
63.0,64.58928961120375
63.0,48.71794064268619
66.0,70.90474918638307
66.0,84.73492673304986
53.0,57.76515215554605
53.0,51.512652447955475
70.0,75.60786373187568
70.0,55.317849720434424
60.0,61.164432867454025
60.0,56.326191588467
48.0,52.691726700073445
48.0,26.187206616462788
46.0,40.75688084945335
46.0,38.760494317982136
68.0,73.62470077015178
68.0,31.788077407899266
71.0,76.84240973141334
71.0,74.58053817445222
54.0,61.73353980907763
54.0,86.2457802333825
42.0,40.39389652552285
42.0,76.71542473535055
75.0,83.21538980625627
75.0,85.91940273912456
68.0,71.63484882675698
68.0,69.03722741516691
63.0,65.98463638146097
63.0,87.61595114390093
50.0,51.66841662456062
50.0,66.39987899048674
71.0,76.82832378130985
71.0,78.09776309626108
53.0,56.39246073025356
53.0,73.87630324015964
80.0,88.59781089754136
80.0,80.19330769150741
16.0,10.96480055967345
16.0,83.60399088255883
74.0,83.3560591352404
74.0,63.686384749423155
60.0,61.34330081824447
60.0,67.59650416522379
74.0,79.21732290753499
74.0,31.082521198032055
55.0,55.76572603106774
55.0,85.09629356504996
59.0,60.195951133524375
59.0,74.03716613920591
72.0,80.34619638857606
72.0,67.71279516402063
57.0,56.22319042832004
57.0,86.50535237990584
74.0,79.45664281056031
74.0,70.15161004295106
65.0,73.37148653206611
65.0,55.24853934715162
56.0,59.74701782863497
56.0,68.53817977001404
51.0,55.55908787271568
51.0,76.12935038518327
73.0,79.20544054829037
73.0,68.4817030491302
50.0,51.62876366389821
50.0,73.8963234263503
65.0,64.94831853835024
65.0,76.47089872994565
77.0,83.00827744109495
77.0,31.3007818815517
52.0,52.16709617946651
52.0,70.99760320159288
48.0,44.28280774040752
48.0,57.51714351189872
61.0,63.16316306242254
61.0,81.26216409933903
37.0,37.68301539995133
37.0,77.77441171536475
35.0,35.28467486321142
35.0,55.08988393525493
76.0,84.40811218235655
76.0,51.324232448063185
68.0,74.9188828481694
68.0,61.53365223099428
73.0,77.76161335304187
73.0,82.80148243758009
71.0,76.40205889129606
71.0,45.67296407703742
38.0,44.7242654916426
38.0,64.21312163604324
71.0,77.14768970387138
71.0,38.86349800236002
56.0,60.42442252364293
56.0,72.26112605871344
70.0,77.0772502379898
70.0,41.888980814891966
50.0,54.16201305353172
50.0,77.43339843366226
31.0,25.705844771144314
31.0,60.5786174320167
62.0,69.01387823800985
62.0,83.1791691649587
50.0,45.86929127113342
50.0,56.309431396863715
59.0,57.18456730377909
59.0,66.58672304651668
58.0,57.5708365433436
58.0,64.96339673431225
74.0,78.86127612137841
74.0,73.16831845980681
67.0,71.75668017417064
67.0,73.314162757703
56.0,58.0064325136143
56.0,76.81996186243117
74.0,82.42923981043992
74.0,57.482848627502676
50.0,50.18488676379934
50.0,69.00646135233399
45.0,46.429366959186154
45.0,33.013616676851825
67.0,71.98701615092682
67.0,84.93512961352491
77.0,84.36118386356713
77.0,80.02039327246695
23.0,17.515684677743764
23.0,48.90540111755462
50.0,54.75648510504328
50.0,40.258068672835634
77.0,85.25440835498392
77.0,67.60691852318752
74.0,77.34709116357999
74.0,74.26794370564733
68.0,73.96035771941837
68.0,80.88616497005751
73.0,77.85307658688981
73.0,69.05559598783873
59.0,63.513885723848034
59.0,86.99977645304654
53.0,53.091024708414295
53.0,86.61896297106483
36.0,37.630667457444474
36.0,72.75852589040221
44.0,43.850725849177365
44.0,54.830142018234824
73.0,79.52399079124547
73.0,54.90868307313082
58.0,55.87758557709736
58.0,68.73034754322407
45.0,49.563392333958916
45.0,83.74863535582023
64.0,70.07237138281602
64.0,58.77054587582387
68.0,72.84910134081252
68.0,49.15929502836991
72.0,76.4023969009719
72.0,79.1238767221497
71.0,78.58877965235308
71.0,64.31580152370958
45.0,43.64802730296816
45.0,72.24953763456944
66.0,70.99099581237397
66.0,38.18873508777398
64.0,66.97157050813001
64.0,72.38033886578489
78.0,86.38939677855086
78.0,70.61773181105235
59.0,62.97316006332784
59.0,54.308825737997665
64.0,70.507250076925
64.0,51.547220571837215
34.0,41.46055158902675
34.0,57.73065979207763
55.0,56.5390879449692
55.0,79.77912120149739
75.0,83.81870583420181
75.0,58.53500602813898
67.0,74.50499730862782
67.0,73.52785427456035
56.0,60.67278109207399
56.0,57.05630679477201
66.0,70.4891025374053
66.0,77.65981396081696
28.0,27.224727131270924
28.0,63.940674940564975
65.0,71.4350675696358
65.0,50.42263603435691
72.0,79.13520259853402
72.0,72.53790479860714
18.0,10.313873609116172
18.0,77.57961413921038
48.0,46.45444386832145
48.0,56.63449141619918
55.0,53.417258598344745
55.0,41.4968205309749
84.0,90.38776246179242
84.0,83.25052158919499
70.0,78.15899337643901
70.0,82.9762194569841
76.0,81.32277595891168
76.0,76.19183133490509
64.0,67.75116201801808
64.0,67.05263173358424
57.0,60.79935567947115
57.0,62.347105195452
77.0,83.71085325832223
77.0,65.73351483444401
77.0,81.75318471749995
77.0,87.08976744783138
67.0,73.32400930755165
67.0,34.17998108976309
70.0,72.41529084842273
70.0,52.055360802191956
19.0,10.175181310172263
19.0,52.02993329368678
66.0,72.51735046954678
66.0,60.02935274674934
32.0,26.429386939399876
32.0,71.6853606108993
50.0,44.57743076153969
50.0,72.73382541317
63.0,69.85966479582879
63.0,54.176819644455065
40.0,36.21354637518601
40.0,65.76090644310091
50.0,46.9247139627966
50.0,40.41352390893786
76.0,80.28541681046147
76.0,87.46742830293789
39.0,46.20048628138176
39.0,42.218344902230854
42.0,41.514601778996735
42.0,80.38090052820172
80.0,88.36708243797443
80.0,78.47564746470874
60.0,63.05709813025635
60.0,39.37211928771319
31.0,26.749070203821248
31.0,79.57835303657271
76.0,80.18184381911897
76.0,78.01092230290863
55.0,52.8346548088312
55.0,26.329605038142745
29.0,25.169666214583287
29.0,75.0190172880641
58.0,60.76391061749257
58.0,58.26912686957627
69.0,72.73162091285934
69.0,70.21529981449845
62.0,67.87797378801059
62.0,82.41194494159203
77.0,81.31000748542817
77.0,62.67658261470791
76.0,85.04679009618093
76.0,41.72937504938312
42.0,40.70782949543718
42.0,61.54372949000282
78.0,84.27239253842538
78.0,56.545527744502465
87.0,94.19167602026886
87.0,70.7010109987911
51.0,54.29221010044574
51.0,75.18445602486696
59.0,60.97090130180959
59.0,80.29370793814911
48.0,45.46509900194923
48.0,69.51790638788594
76.0,83.90446195895163
76.0,31.391239523920547
69.0,76.28656961262834
69.0,25.00057536023644
79.0,84.57444733814395
79.0,31.252260709204506
55.0,53.81323680289495
55.0,76.78350644307312
23.0,18.443443247619314
23.0,88.09761930058323
52.0,46.526880063688566
52.0,62.41847965046151
48.0,49.12579170467427
48.0,76.75086576667093
35.0,35.353988738291434
35.0,65.76889387153454
69.0,73.40471927451227
69.0,72.32098878815918
69.0,72.13109729071891
69.0,42.721521962799216
75.0,80.91662118229783
75.0,63.50037662301287
44.0,42.59814236782864
44.0,54.66379887509862
71.0,75.32349765534013
71.0,57.81390117629371
56.0,58.189642236763575
56.0,61.711103659171386
67.0,73.78943573315803
67.0,73.84794476165592
74.0,80.3273699349188
74.0,62.935705602193366
78.0,86.12353906624566
78.0,77.52921669071327
63.0,62.82983359301119
63.0,69.20132958284341
70.0,76.5616235937087
70.0,67.38028550105275
69.0,71.72936779875727
69.0,78.26849433836531
57.0,59.82460813030707
57.0,63.941054128585165
70.0,72.21229663394337
70.0,70.62801113511563
51.0,54.17168662699254
51.0,49.357535082693914
41.0,41.559596375136834
41.0,78.670423849114
73.0,81.90988067144576
73.0,73.21858483966935
77.0,82.09813577882676
77.0,76.26028885414337
61.0,61.31774187144117
61.0,76.93814889134399
70.0,71.735217966915
70.0,79.98761775178377
56.0,58.64357407096679
56.0,48.08897715403867
43.0,41.993311648269525
43.0,73.31993377499816
69.0,76.2817434141237
69.0,66.02658239657671
72.0,78.91354943760149
72.0,71.8807358766382
36.0,32.00074593014443
36.0,69.26812289543506
69.0,73.92216821656342
69.0,59.904347911266484
69.0,77.39203831853388
69.0,26.829982215671635
59.0,58.305060902829894
59.0,42.937733834390656
63.0,63.334430261796854
63.0,44.80009395165797
34.0,28.051489996572172
34.0,78.86883479816464
70.0,74.21558071465046
70.0,75.88580031909055
38.0,40.20750186769783
38.0,74.37204442950258
65.0,66.35979757673215
65.0,41.07993737442621
69.0,74.1078962021403
69.0,77.42028749604208
69.0,74.61928770338
69.0,54.956457093363326
44.0,45.31037371508364
44.0,67.30579524811037
71.0,73.18088210315665
71.0,71.62973874918384
40.0,35.97987029221031
40.0,27.350650485293386
73.0,77.56704105659742
73.0,78.50742524661734
70.0,74.37463388325176
70.0,70.40972172558895
57.0,58.38854198784827
57.0,54.694462115570104
27.0,15.970606987651308
27.0,78.75648184344425
61.0,65.27374417882135
61.0,74.9228376164873
33.0,31.32307430927989
33.0,89.24169603311202
68.0,70.32711008809275
68.0,65.56589477877276
40.0,41.78068945993965
40.0,47.71147520630069
70.0,74.9580446162048
70.0,86.34357558238617
84.0,89.62152951628366
84.0,79.42964193266619
49.0,47.28609080263607
49.0,77.67003541521137
74.0,79.17304279665302
74.0,40.95094584769686
76.0,82.33762957772706
76.0,66.2637909353362
75.0,82.71605915422492
75.0,92.18946341047308
68.0,73.19604120511752
68.0,82.3603254096717
81.0,86.696366350728
81.0,79.23362429191417
71.0,76.54952218273002
71.0,69.4853125124414
49.0,51.64867743273339
49.0,68.48146969180885
52.0,51.79571582150311
52.0,68.13551474690007
71.0,73.06807782735984
71.0,84.49045155942133
74.0,78.96256953566564
74.0,5.918479583879673
74.0,80.29046004912828
74.0,73.23152203365652
52.0,51.042548288127534
52.0,51.90300567545893
63.0,67.88793868524317
63.0,49.88799608981469
47.0,37.805865069167226
47.0,75.40371229172985
26.0,21.971116226916365
26.0,60.002763469245
79.0,86.52043781356042
79.0,80.77197238304666
56.0,60.7761082806843
56.0,71.96343745450793
62.0,64.00993294719757
62.0,46.239060357346375
42.0,41.98041795862457
42.0,68.83883792547874
65.0,70.43014420928631
65.0,35.65055226399693
76.0,83.73133485876912
76.0,45.88306907174052
64.0,70.35427504976644
64.0,72.77918419450413
32.0,31.56416663999545
32.0,65.37935823943195
72.0,77.74915758583722
72.0,72.96471507291392
69.0,75.79696196674786
69.0,43.28674713282311
78.0,83.87398676260432
78.0,75.0221499007967
41.0,38.036002977406156
41.0,71.68700533574435
39.0,34.57386735437518
39.0,38.415835531002244
65.0,66.17374344952174
65.0,69.57200324600626
60.0,63.90109600898285
60.0,76.77706355308067
63.0,64.81997546773658
63.0,75.92941519691448
60.0,66.3007882619163
60.0,63.960587673506495
69.0,71.12786099180806
69.0,69.45114436913201
60.0,64.78005730876828
60.0,74.45383093937386
39.0,39.214234062922515
39.0,80.42958689709889
62.0,63.505586411154866
62.0,83.6931854159991
72.0,77.33383615506165
72.0,79.69854891981868
67.0,74.04713635200335
67.0,51.26841543014717
50.0,47.07168450233502
50.0,45.81604056481336
39.0,37.66565965299753
39.0,57.76483371977207
70.0,75.21707775029881
70.0,80.45236546537586
65.0,66.26882178573419
65.0,74.6578762497951
81.0,90.41970940277741
81.0,82.08414413908565
63.0,69.38162192321687
63.0,35.36337838900084
49.0,53.41017011748164
49.0,42.00591330566118
61.0,65.08907968397153
61.0,80.16192568326483
69.0,73.53770373104788
69.0,70.82203203251782
74.0,78.18626102229973
74.0,66.84642672909496
62.0,58.06932260983814
62.0,71.86748175005692
56.0,59.478687696623865
56.0,26.63941917676692
53.0,52.21344975349001
53.0,40.977401611672576
74.0,79.47495489554416
74.0,47.91692361005431
61.0,65.40833852608574
61.0,86.89846705387708
65.0,70.35133159945207
65.0,66.7698110981363
69.0,73.18172556469693
69.0,78.41354479889316
74.0,81.53836162130438
74.0,61.32311069326914
35.0,37.49077691657095
35.0,79.17415193779334
66.0,71.11666737463315
66.0,71.00663258284527
65.0,68.90379889603719
65.0,73.65646113213558
59.0,64.99786345391942
59.0,29.312157611784926
64.0,69.3259844662964
64.0,33.19867916147513
69.0,73.85122702310696
69.0,90.27947168950948
58.0,62.759604374693424
58.0,55.513608511266
59.0,61.36645311732565
59.0,74.9250056203573
48.0,55.24786170294834
48.0,83.830396524717
71.0,76.20026414280954
71.0,71.76773188451409
61.0,62.66363449198906
61.0,73.44225663711671
66.0,71.02360785115945
66.0,60.75531837440923
67.0,69.69536952751486
67.0,82.76543657991493
57.0,59.854766471234825
57.0,87.46427068518818
61.0,63.17202287397191
61.0,51.77936122884739
21.0,8.427107573745957
21.0,41.45125648611503
11.0,2.6368210851815093
11.0,65.7334674537667
79.0,87.65385723280917
79.0,63.73560944657362
77.0,84.67558972494561
77.0,12.761613356159785
60.0,65.33570079040538
60.0,47.8100148524843
58.0,59.36150042289046
58.0,66.19641213115926
65.0,67.27402000174271
65.0,73.24115354110631
70.0,77.96369529048292
70.0,53.43464883184396
59.0,66.1587895133228
59.0,74.84006232569874
62.0,63.27242088366853
62.0,57.50648488238238
64.0,65.80904487303081
64.0,88.06038238154548
65.0,70.24625554787679
65.0,77.10218540076124
79.0,86.56915607932342
79.0,64.87757319042794
68.0,71.91205541288059
68.0,69.8212760457049
78.0,85.31505227963089
78.0,31.55084420484775
72.0,76.6638580119643
72.0,72.22056555335269
74.0,77.4898119612302
74.0,50.33572029173257
58.0,59.4634037898748
58.0,90.12002276452142
57.0,53.689916463693635
57.0,59.253566205571815
63.0,65.95511064710638
63.0,34.57386735437518
54.0,57.98542345079579
54.0,19.605383488073244
77.0,81.94618925800847
77.0,68.97374485471994
61.0,65.64707109290822
61.0,62.92278087998068
58.0,59.49129253050745
58.0,47.745706767327476
48.0,38.898901996613915
48.0,50.22276680116835
42.0,43.11105984446402
42.0,66.68342098884403
68.0,72.31431408359754
68.0,12.898598075194286
44.0,45.983831209051914
44.0,25.773872226971378
15.0,8.41983770946041
15.0,43.05797770717845
73.0,78.94317525429676
73.0,60.59125731244745
71.0,79.45477628465596
71.0,70.5671716750636
25.0,19.05055290080537
25.0,77.3712865528351
70.0,72.5841571744416
70.0,47.92856785796363
63.0,66.38946962923842
63.0,54.11176827989743
49.0,50.457210999788515
49.0,63.03135532523811
66.0,68.53344935414708
66.0,63.46536296835649
64.0,67.21054678273686
64.0,70.12790672556531
29.0,24.63171312215684
29.0,68.40832341583388
45.0,47.929956580018484
45.0,34.27001339073718
56.0,56.06619314796421
56.0,53.12213126638562
72.0,77.44728507157231
72.0,87.71741868158807
70.0,76.91837293308834
70.0,86.07631738326359
65.0,67.62312270072096
65.0,73.70436275940767
73.0,76.77607719988026
73.0,71.42202976230084
38.0,32.34626645885288
38.0,54.867713795377256
49.0,50.52349236176815
49.0,67.57477688914219
58.0,60.190694875770134
58.0,59.86460000392509
64.0,67.33764079851073
64.0,82.20923293560145
66.0,65.08763379317492
66.0,51.70317112967149
35.0,32.77196657047716
35.0,49.65549173862843
63.0,65.18696517871297
63.0,75.473907791349
54.0,55.42177672954625
54.0,66.24758866667383
69.0,74.4237534155572
69.0,78.331145034869
60.0,64.90665325907685
60.0,45.65930300448912
32.0,33.339018202053694
32.0,36.67769881520093
53.0,56.898135242273554
53.0,54.218748859604545
65.0,68.5619056227921
65.0,71.13988695235969
69.0,75.70836466655652
69.0,50.28819547788157
36.0,36.50066898127409
36.0,71.05646289988209
75.0,80.53180549323167
75.0,69.4384863810065
43.0,44.53087716643108
43.0,67.35116533708805
57.0,60.50606674922494
57.0,80.75313856680259
72.0,78.34042922794441
72.0,69.09867192895769
56.0,59.825420364709885
56.0,64.88120276283558
62.0,65.21532093907888
62.0,63.2815910090801
45.0,49.45172853367529
45.0,69.13997189095016
47.0,55.67362759816638
47.0,68.3237868402091
36.0,23.569875603941682
36.0,75.6833650052638
68.0,72.51556799443046
68.0,67.2651154332915
71.0,78.82818426753016
71.0,72.09161025517147
40.0,42.807407669084114
40.0,38.82493476427442
65.0,66.04821663373264
65.0,77.74102597945034
72.0,75.94145070312402
72.0,67.46637580430092
75.0,81.24485382529963
75.0,33.244041279504245
46.0,45.27242311410595
46.0,55.58446223647593
61.0,63.94547367568504
61.0,68.80843572271402
72.0,76.4594278971743
72.0,52.47880445754373
68.0,73.5745148463867
68.0,81.03914299593185
60.0,64.27166474585687
60.0,77.8225767670661
68.0,71.4225681438781
68.0,42.53484098575149
39.0,38.18777721904962
39.0,76.05568018271435
73.0,81.6943888590838
73.0,64.79392114266795
70.0,77.33461400109724
70.0,64.11388586675923
48.0,44.49678555349254
48.0,76.47530074874231
28.0,18.363221076621812
28.0,14.883917178904824
73.0,78.08715900137292
73.0,55.37229337849038
60.0,62.01198345857557
60.0,50.49345315715118
63.0,68.72755758322404
63.0,69.83828992999236
52.0,44.949435004470274
52.0,66.44196049734194
42.0,37.58599835403385
42.0,27.833528621588528
73.0,75.58558682222093
73.0,65.75131001735616
80.0,88.55299435214522
80.0,17.55477916607464
70.0,78.26816362050499
70.0,75.4382610154068
64.0,69.18119828217112
64.0,72.27642612565302
75.0,81.35776011380835
75.0,68.0468079544043
74.0,77.98954484834752
74.0,76.69457954436245
71.0,72.59850706724751
71.0,79.118007646671
70.0,75.5139983849885
70.0,70.42762808729844
59.0,59.00246803177737
59.0,71.69378919407882
61.0,66.26295028743579
61.0,63.242121665109664
68.0,75.8709896420985
68.0,80.51581969158877
35.0,40.30724305667428
35.0,75.06447534072555
75.0,80.64641104608631
75.0,50.837636668882055
60.0,61.49061252542447
60.0,74.23099427895846
58.0,63.10862470083174
58.0,55.181973684503305
46.0,48.405583529252226
46.0,32.66563830361349
67.0,71.71012443596851
67.0,61.2601928061012
56.0,54.673180155961006
56.0,67.9761618056167
67.0,73.32937064331458
67.0,55.128049082532016
73.0,78.71819715875813
73.0,90.10469401291556
46.0,42.33889367610203
46.0,22.660599883147086
25.0,23.64159132573775
25.0,52.30925744417948
65.0,66.41545169228579
65.0,67.66134752880646
53.0,55.14500329207101
53.0,64.19207054545268
38.0,41.85838229299043
38.0,86.7939726853852
69.0,76.37097024418188
69.0,80.44545355218617
80.0,87.50874930868764
80.0,29.849508673345497
69.0,72.23141744856906
69.0,52.516824728708286
65.0,67.09634372336296
65.0,90.63455773149315
56.0,55.36464159613138
56.0,62.029204613157276
69.0,70.96809990800904
69.0,84.88535628247058
79.0,87.2718816245553
79.0,69.32414045257235
73.0,79.12259571655619
73.0,77.15350449064408
18.0,9.8426042970965
18.0,52.34215014429549
44.0,43.794900534220005
44.0,63.95647107923651
77.0,86.2211803072916
77.0,62.23975387298043
66.0,71.05310842756217
66.0,1.8877576801650093
58.0,62.4299754873345
58.0,66.70336174640937
58.0,61.29366846533816
58.0,54.82344687264583
77.0,86.17363513599975
77.0,58.400688512241345
25.0,28.29073866559196
25.0,68.9192750918092
65.0,71.34934547887252
65.0,43.42927965911292
75.0,82.41273465722253
75.0,67.4352231149511
47.0,38.53324468685315
47.0,54.00605757504576
60.0,65.36754372466754
60.0,85.26517943921397
43.0,45.01937346129921
43.0,72.75726787443261
62.0,66.39706430604537
62.0,74.59309774168395
47.0,52.77168353817024
47.0,77.02988646175646
37.0,38.83101437734467
37.0,86.60851639355451
54.0,61.16983434452965
54.0,56.96587597102956
79.0,84.20732515125275
79.0,30.719453602839394
63.0,65.05550798336037
63.0,32.6477224720702
65.0,68.68592948986401
65.0,68.56903481944227
61.0,63.00178484720874
61.0,54.03177009525149
69.0,72.02627193174209
69.0,79.49899783048335
76.0,85.43856085507599
76.0,72.38863657000093
69.0,71.38095389862536
69.0,63.2731416643436
71.0,75.86722350036467
71.0,41.60263728843654
76.0,84.16326823726888
76.0,62.00868799157519
41.0,36.260998169028255
41.0,79.12457197913392
52.0,43.350009716275
52.0,67.50527808708478
86.0,95.85844884752782
86.0,25.884944945661402
72.0,77.28480348273473
72.0,91.48644274802047
76.0,82.12418452829417
76.0,46.97353348663245
62.0,68.13277140590617
62.0,44.32849549462003
16.0,1.8877576801650093
16.0,82.24156655944768
52.0,53.146670394015416
52.0,14.901941149706204
61.0,66.6109326358212
61.0,78.24224120865085
71.0,79.57875563037953
71.0,68.2907917996045
59.0,59.544968504563485
59.0,57.260297163194025
40.0,40.92494181959887
40.0,58.3127046003288
55.0,52.652431664445714
55.0,22.88923424243262
61.0,67.12096017872483
61.0,78.49869305570803
59.0,61.34782094784862
59.0,77.92540895316932
72.0,77.31275210109442
72.0,68.9086451809842
73.0,80.42167301458778
73.0,76.50147321092135
51.0,56.917795871988744
51.0,60.19342814972481
73.0,76.24793837915621
73.0,80.04545807127283
66.0,70.74942471974015
66.0,81.61074356635697
56.0,59.18894044949042
56.0,71.4912196299062
63.0,62.97001132128116
63.0,72.6369152248011
68.0,68.62564841870125
68.0,69.13905223074403
78.0,85.43151027372
78.0,61.729169115360946
74.0,79.19868579656497
74.0,31.804854584596512
58.0,61.775825815905364
58.0,38.86111608827338
30.0,32.48783625163941
30.0,70.08572493956916
76.0,80.75285608244928
76.0,73.7199877856878
61.0,59.810920015756665
61.0,81.69493358720166
46.0,43.90785385852104
46.0,66.71695641330899
71.0,73.44949005183412
71.0,41.4907681451802
41.0,43.32064200834458
41.0,70.08050032550864
75.0,82.2813456701943
75.0,52.72760168235982
69.0,71.62699393371986
69.0,60.28655242147397
68.0,73.95336581416319
68.0,83.10188696166097
47.0,48.69668420844005
47.0,52.963331191872385
50.0,56.39691159217631
50.0,45.56727858030007
55.0,53.403211930257555
55.0,47.279030818952435
65.0,65.6103747157839
65.0,54.354344833608934
25.0,25.162775335704396
25.0,78.538220149214
42.0,41.40947735704549
42.0,49.7104726935309
63.0,68.01163650193809
63.0,44.80866774417666
66.0,73.45031688773634
66.0,54.02423590033459
58.0,52.54640458898132
58.0,31.307400753737625
71.0,78.66225436548359
71.0,61.403899908911455
41.0,43.402775693933336
41.0,64.0771200211351
71.0,73.5213724299685
71.0,65.23211188268675
52.0,50.52267035165033
52.0,67.49983838041987
67.0,71.86149114526961
67.0,76.93042305405208
65.0,69.28160913247228
65.0,68.7853817364404
67.0,72.96465887902792
67.0,73.98183605577378
39.0,30.642681096315016
39.0,64.14929083477483
69.0,74.5486840264515
69.0,55.15639043619939
57.0,59.32321635874723
57.0,78.36298879430757
28.0,26.828830039585
28.0,86.43204329054618
66.0,70.16268387856314
66.0,61.79106556244858
72.0,72.24381418741575
72.0,80.31678130973393
45.0,38.84859465942992
45.0,90.00233633006957
71.0,79.51511002205166
71.0,75.18884449597783
52.0,50.060529990520706
52.0,56.0713186332423
56.0,58.00002719082681
56.0,32.84463725423802
74.0,79.09571942048484
74.0,75.2172233941995
52.0,51.789469027254654
52.0,58.55758835181467
43.0,40.95941094287582
43.0,36.96099938870458
58.0,61.95857704483569
58.0,76.54620301469498
39.0,38.90790964356671
39.0,68.66880255363367
70.0,75.46266596164952
70.0,71.05837522519596
47.0,39.3431662920334
47.0,67.84187338926665
70.0,74.68690563124983
70.0,51.86652971267648
74.0,77.75313804298315
74.0,66.89116284090414
57.0,64.29245949258234
57.0,69.97332035550244
75.0,81.71640489070165
75.0,77.53088610283726
75.0,83.06787826608092
75.0,45.71095175726174
40.0,28.295906859710158
40.0,40.34795486311833
51.0,47.74833745864629
51.0,62.85246985701741
57.0,63.037998699471814
57.0,37.35181921892456
28.0,24.62150380809976
28.0,74.73307735583967
18.0,19.34393084015312
18.0,77.86441683992115
51.0,50.06151830216436
51.0,61.325620324747206
50.0,49.501965810860725
50.0,22.500404258237324
74.0,81.11563841849903
74.0,58.89297567792096
68.0,71.6867734798193
68.0,41.186651658716926
71.0,77.9816756162827
71.0,65.97790611397335
73.0,79.82457834155372
73.0,66.31818604265737
52.0,54.13118205880551
52.0,75.84062351903953
64.0,72.6921718778018
64.0,80.32893159599297
49.0,50.90812054158181
49.0,82.19611140500228
71.0,74.81056537874002
71.0,50.462522751387496
49.0,50.27129559550377
49.0,34.99117187770577
46.0,44.56720569627373
46.0,78.38764038136185
65.0,65.48672274676858
65.0,52.1211560103398
62.0,69.53995172958713
62.0,49.02404423569561
35.0,29.82834957806284
35.0,31.64367840585146
74.0,80.3275331633501
74.0,68.61371901313527
66.0,68.9760416235215
66.0,70.44466986464323
67.0,71.0208216913137
67.0,49.97238442681487
68.0,72.70634460620732
68.0,48.728422307981134
66.0,67.75818594441233
66.0,67.03201988754182
68.0,74.31581202765551
68.0,68.28387365418257
68.0,73.54915361979948
68.0,70.42425256593089
64.0,69.61007772637987
64.0,74.67942910849479
67.0,70.87196214509925
67.0,65.33412351600504
75.0,80.28396276188664
75.0,41.68298569937667
69.0,76.38527151016353
69.0,67.32715030645295
48.0,48.63681565804228
48.0,67.4193739789194
50.0,49.48130737450583
50.0,33.438592273855136
54.0,54.125401003727234
54.0,81.00144953914656
74.0,80.83259277954852
74.0,32.90940525943728
73.0,77.19891221746252
73.0,70.55726861152363
72.0,77.50241864513526
72.0,35.749157724609574
66.0,70.58510189245027
66.0,75.737701980299
53.0,57.362725480232314
53.0,75.98235730093182
41.0,37.08416055486657
41.0,80.15763250552556
72.0,77.46562840581669
72.0,45.578404627543875
61.0,63.034352065387
61.0,14.661744437520383
69.0,70.54649336807046
69.0,77.94817379608634
58.0,60.18770547372077
58.0,56.1052069964141
68.0,74.25190868121683
68.0,15.907711538709748
60.0,61.25159045980081
60.0,57.677228128581305
55.0,61.68500240446485
55.0,60.20451882021047
39.0,34.79722035644687
39.0,58.714796392489404
83.0,90.10927292570295
83.0,56.27046985883908
69.0,72.40696233896773
69.0,74.22716171781536
72.0,77.81714299731419
72.0,85.98436453387887
65.0,67.46950431518013
65.0,39.17389240609373
55.0,59.743620246227295
55.0,64.08703916608323
63.0,63.79136351082997
63.0,40.53461254557527
60.0,58.93959578205954
60.0,69.3056021442303
76.0,82.22143040425186
76.0,84.37834624555336
38.0,38.99685115657098
38.0,47.38676795052464
65.0,70.83660631437783
65.0,75.45717428958733
66.0,72.98793967066092
66.0,44.89165841571872
51.0,50.413547735455154
51.0,66.74807288686509
76.0,79.72576440492958
76.0,74.47686157941939
61.0,62.94950829537436
61.0,60.10204707608182
55.0,59.00810310667396
55.0,34.439247975723106
50.0,50.025387979446634
50.0,80.55289615944076
63.0,66.87155524276398
63.0,38.20115828921672
75.0,84.3858787564094
75.0,76.6663589011219
33.0,26.866795930094952
33.0,77.1102785431247
75.0,80.81006855679516
75.0,59.325010671500195
35.0,30.382559876004052
35.0,38.219838173152255
65.0,70.8382655770153
65.0,81.95902535226026
12.0,13.423724877474456
12.0,79.14556405255371
61.0,67.6612322430588
61.0,76.34187798778862
61.0,66.27580547802347
61.0,26.11217391376482
49.0,50.53496790385407
49.0,75.93697597409255
76.0,82.77876299886356
76.0,82.34717218572672
57.0,62.98019555269792
57.0,57.02272227840672
63.0,66.23673559364408
63.0,82.25097678419638
67.0,67.75851708754857
67.0,72.06632557859865
78.0,83.97647380431931
78.0,49.29647313779276
79.0,88.3085374709251
79.0,48.15102209450794
70.0,75.52871868940326
70.0,5.458415519274695
61.0,62.81998618283916
61.0,62.07205004991948
35.0,33.87676306720181
35.0,67.46339801169609
23.0,20.500945862833532
23.0,67.43692976835871
56.0,58.07387361598717
56.0,85.13877477003035
64.0,65.44800126071141
64.0,12.912798412628092
39.0,40.01770866884499
39.0,91.22507160777758
57.0,62.35230492825201
57.0,81.78109352820178
52.0,55.482782591717296
52.0,53.14741848254471
42.0,46.08397955841065
42.0,69.50452221767745
41.0,32.906742012045356
41.0,58.504034897042686
63.0,65.82681587707043
63.0,66.6140642881129
62.0,63.88018608509026
62.0,77.38387116582953
70.0,73.54900121515931
70.0,42.29128696961544
68.0,74.14433813412597
68.0,78.39744634144273
49.0,47.158126241034836
49.0,70.59180640689459
66.0,69.09323908432532
66.0,83.89230736557187
56.0,58.899369780930954
56.0,88.97364409213247
33.0,30.719317411358702
33.0,16.173613044374633
39.0,33.05207367580874
39.0,28.53705085793723
59.0,63.30993118461521
59.0,75.73790055044941
73.0,79.96221810656692
73.0,64.7940008966878
43.0,43.60735235537902
43.0,47.215821018351676
61.0,63.19597424718023
61.0,69.13902587509597
36.0,35.32423910916464
36.0,23.559607962568748
43.0,43.70913646973753
43.0,72.14070154262652
67.0,74.29005868501275
67.0,69.38443026237331
67.0,74.76808961054229
67.0,74.81735935363031
74.0,80.66588045991438
74.0,82.70027627417221
68.0,73.49193512035976
68.0,58.21432468482095
62.0,67.74806498422134
62.0,86.24680026144614
62.0,67.85115955634609
62.0,79.71294096745328
72.0,78.28447137356471
72.0,73.84183544846638
64.0,71.9458704231356
64.0,35.36554560838459
69.0,70.61899460187584
69.0,42.26693378145126
48.0,53.80004234490394
48.0,73.08162901533274
68.0,72.46188207544668
68.0,20.736951371934822
52.0,51.52354725454586
52.0,36.43769934593024
38.0,42.96662607582948
38.0,19.16687455473948
62.0,62.76337345412418
62.0,75.63275819614933
61.0,65.25832464594447
61.0,76.98153148653614
37.0,33.356189318793156
37.0,50.80403889890255
65.0,73.98729805761019
65.0,63.23427588496554
67.0,74.51986484568687
67.0,43.68762035030932
62.0,63.3201902423005
62.0,77.56307810335238
34.0,32.23385839665565
34.0,70.97287159928885
78.0,86.5807157139322
78.0,64.02535542684478
51.0,42.983098264809996
51.0,53.98276651506296
62.0,64.08022744659922
62.0,79.61896500827726
65.0,74.06732919281342
65.0,63.11475742378104
47.0,44.547432131350206
47.0,47.54816142249359
36.0,32.97152596199669
36.0,78.32103535630216
44.0,44.05386729904933
44.0,74.59181162539733
56.0,60.89110450209466
56.0,76.22732558338083
70.0,76.12866129808941
70.0,55.47414088986119
72.0,76.25402393896638
72.0,70.55384345611884
62.0,65.82424564858235
62.0,78.23525343616586
74.0,78.78130284768764
74.0,10.862997498200116
67.0,67.43265852572347
67.0,66.4526490636087
33.0,36.28655147566167
33.0,72.37290017408259
63.0,68.79438695062379
63.0,82.98022670517105
27.0,17.59743053479957
27.0,65.64828454991311
16.0,13.737871587354789
16.0,45.07586368965167
60.0,62.552001914167136
60.0,69.15393536008622
75.0,81.45717893797467
75.0,18.969249646730248
74.0,79.95807762958299
74.0,42.63206324820487
63.0,66.20629639926
63.0,40.238977197898805
47.0,49.49702813399227
47.0,67.61369447329696
51.0,51.76932527092123
51.0,74.12016032361106
60.0,62.21482545870475
60.0,72.99065998540635
66.0,73.15839372883852
66.0,66.54173338133882
72.0,79.75043819086642
72.0,70.78654485842765
63.0,66.7374302569566
63.0,73.26256433307759
69.0,74.41646858355989
69.0,57.36051930924867
71.0,75.54263626048134
71.0,76.86324668484457
74.0,80.8341205669704
74.0,53.77415923995028
61.0,64.3316953761626
61.0,61.971875675241904
65.0,65.18885228125242
65.0,76.44785940817718
73.0,75.71252950213449
73.0,62.13626779123496
54.0,53.65710956573457
54.0,50.1560744957917
65.0,68.31313824381522
65.0,39.60834534705714
77.0,83.50928500940847
77.0,61.22458754790523
86.0,94.04524173920112
86.0,74.14373853486467
26.0,23.068115146063462
26.0,82.30915335590447
18.0,11.89272522388984
18.0,64.17481160123918
71.0,76.7054774533583
71.0,65.17687231631663
74.0,80.26697009782612
74.0,64.41638265272917
27.0,28.77650115772161
27.0,60.342839011380136
64.0,66.02963317045578
64.0,32.772380615095415
39.0,31.66284011379912
39.0,74.43002641158228
70.0,74.32534739629176
70.0,42.91615180539486
53.0,46.761654110563256
53.0,54.647735098206624
72.0,77.27342585983922
72.0,12.214888314493294
37.0,31.970631637775284
37.0,83.50628105892469
45.0,45.25091400487554
45.0,80.94577071793418
60.0,58.857306558664334
60.0,17.515684677743764
54.0,52.72836241054665
54.0,46.89538884133873
70.0,76.5769264070849
70.0,75.37718636205688
35.0,30.055065320883273
35.0,73.96483104052732
37.0,38.392055442209255
37.0,68.20026837650886
50.0,52.72694927291985
50.0,73.92159358833948
62.0,62.267594554229106
62.0,46.90207874780691
71.0,76.83905357793486
71.0,84.74767842439837
44.0,41.45007138156427
44.0,84.18102909338705
22.0,19.319595742805916
22.0,79.91571394626811
13.0,-3.533005803624178
13.0,47.7835081106619
69.0,75.69142230873302
69.0,78.28045416453102
62.0,66.22197295472603
62.0,73.57434711317171
36.0,30.831725277971145
36.0,25.105224148358843
25.0,22.5196313497716
25.0,59.99806019263332
70.0,75.05958195770302
70.0,71.77986514677076
44.0,42.250171875227636
44.0,57.376906379870206
65.0,69.40452194694149
65.0,78.01216870476463
57.0,55.015168449310295
57.0,49.08331662403583
68.0,72.12015184426684
68.0,36.10934773510644
54.0,61.21595544419904
54.0,85.534984237679
36.0,36.656045078144246
36.0,62.20717815009061
63.0,68.1766821509982
63.0,67.95352478106241
53.0,55.47352311232049
53.0,54.79609630530547
50.0,48.20011204001639
50.0,77.486266097537
72.0,81.08649609075911
72.0,42.960338943459135
60.0,63.36367532900147
60.0,39.75040922977581
65.0,65.835007592757
65.0,74.85657613476081
55.0,59.9096996619017
55.0,71.3284025149353
66.0,72.60508815996695
66.0,69.4218325667207
40.0,39.57637057114334
40.0,55.41325427875796
64.0,66.9572495900045
64.0,63.075131489020464
59.0,57.49758709303774
59.0,65.37703030232876
35.0,32.921196970494464
35.0,43.44946212618214
41.0,48.07904063578218
41.0,57.95839210800045
68.0,71.86325517673123
68.0,71.80359772294253
68.0,72.00209698285312
68.0,41.17522048698265
86.0,94.99325594867491
86.0,35.96736932465387
60.0,66.68078755920976
60.0,61.08533344285593
63.0,70.17512743872413
63.0,43.022023264561426
77.0,81.6436162830056
77.0,29.15303025458337
53.0,51.29061303116737
53.0,81.28389946508452
75.0,79.88603536801122
75.0,47.64747145963122
81.0,88.13169390243291
81.0,12.602515157092
51.0,52.84272788383669
51.0,25.86697421469819
52.0,58.866060425876185
52.0,74.33442052202776
43.0,40.94574069699564
43.0,76.109410908766
84.0,93.45278648156227
84.0,65.1580327380716
69.0,72.40793762693511
69.0,82.47755377616625
51.0,50.779319365207186
51.0,74.33331799452009
64.0,65.34504920527826
64.0,38.366303323509555
75.0,80.72603398916226
75.0,46.64270178544086
72.0,76.0859418163904
72.0,50.91594454431112
72.0,77.233976542812
72.0,54.683782961768884
65.0,69.6451244905017
65.0,49.378214405787105
61.0,67.00679789313654
61.0,51.33060365462893
55.0,62.79202800878005
55.0,74.7549207071068
59.0,56.99141013502742
59.0,83.12498316229409
43.0,40.03774664069806
43.0,26.742442102257314
31.0,25.347864456914806
31.0,69.19031165722879
41.0,39.487795917036294
41.0,84.76363490523016
63.0,64.12781815352582
63.0,68.55743395801937
37.0,36.57587441699417
37.0,85.06506534758995
78.0,86.99007618557556
78.0,62.731108587458664
66.0,67.14627728593888
66.0,66.56992736101546
67.0,72.28281186418184
67.0,73.02339114973813
71.0,77.46640610559581
71.0,81.63231200323554
49.0,44.53547405626142
49.0,75.32432579702845
79.0,83.95627353007905
79.0,81.92912878272642
67.0,71.5031039267322
67.0,31.479407295071496
68.0,70.63384297559327
68.0,40.57317826407768
64.0,68.73205738081197
64.0,68.12001380939643
69.0,70.86570467883234
69.0,54.292075104965875
47.0,50.12265286974048
47.0,79.97945450703281
78.0,84.48612536676922
78.0,48.352979726148135
66.0,69.63071839441506
66.0,77.95795447603678
21.0,12.214888314493294
21.0,62.02407318851931
50.0,53.10039247858077
50.0,64.26131647495288
67.0,69.63893863909834
67.0,37.505655761589765
68.0,70.70182288548301
68.0,57.270475990409864
57.0,58.21351815441426
57.0,33.170167112435024
48.0,49.40289328284695
48.0,80.08481386482873
30.0,33.66628600340903
30.0,61.670282166603045
73.0,77.84133724682465
73.0,38.18811220394883
50.0,50.797186790194075
50.0,73.52999815447555
74.0,82.81228495303168
74.0,72.36149241473936
24.0,30.738951325107337
24.0,49.680074937752465
74.0,81.4650907175942
74.0,51.73444214355948
67.0,71.64200459798718
67.0,48.97887248771241
37.0,39.00057876286189
37.0,75.21990749636507
48.0,44.55405114238641
48.0,35.884212415577565
63.0,65.16788988071664
63.0,70.29700367719579
76.0,82.78317495784677
76.0,41.77397385692473
0.0,7.8100218978597695
0.0,64.21712626817032
73.0,77.34270969397943
73.0,58.618636927931504
47.0,45.03199972032928
47.0,48.84013235743487
34.0,23.471218419820616
34.0,38.37460118229484
57.0,58.076184300921284
57.0,51.960524531521685
63.0,68.78852766383028
63.0,56.58131573403409
68.0,73.08176968823341
68.0,94.49364936043787
67.0,72.33416435842327
67.0,77.63615890462341
63.0,62.716477823751404
63.0,29.593301556672372
59.0,64.59831284079957
59.0,68.62395462477355
26.0,27.8412144868891
26.0,76.72859384005699
59.0,64.00584888218197
59.0,56.95154194394621
43.0,44.588425590490715
43.0,72.64448633232689
58.0,61.69328041471698
58.0,55.795539956467564
67.0,73.50613341033795
67.0,35.39612176012048
74.0,78.23450223261017
74.0,72.81616171691536
67.0,72.73309035403253
67.0,67.92033345576317
30.0,19.46750019632026
30.0,72.76295087694513
55.0,58.182102030243925
55.0,84.72279089430555
34.0,34.01655546893693
34.0,83.32476740773467
68.0,74.88455449080033
68.0,59.93446677499793
72.0,79.72446695392841
72.0,51.09118905189058
63.0,66.80819905475062
63.0,73.24769360402144
75.0,80.025187703001
75.0,63.699223876281394
69.0,71.84753611055532
69.0,68.59918677376305
39.0,43.55981972589058
39.0,52.70218101350622
68.0,74.5065733537416
68.0,40.736576582003806
66.0,66.96254683496653
66.0,58.42416006430494
41.0,45.03198887063661
41.0,62.86457891851461
53.0,49.99881484775136
53.0,70.59988646638959
55.0,51.953547193442716
55.0,76.3354713348865
71.0,75.56858142015807
71.0,62.90162563020266
70.0,71.35010488451837
70.0,7.797295811463641
59.0,60.66021207562454
59.0,81.23673880259634
37.0,30.647734536198982
37.0,74.5263061233631
76.0,83.08030655678226
76.0,40.14901292000553
57.0,60.29237599336432
57.0,77.5196657422494
38.0,36.28120562018643
38.0,83.33614906430842
71.0,79.55409253244301
71.0,35.538349023716364
53.0,49.72130560440536
53.0,42.61965648230773
58.0,59.070089412039295
58.0,70.51691861662442
28.0,28.359880885082077
28.0,34.734625426884975
62.0,62.43781298174201
62.0,45.394422768738764
62.0,67.50544735899416
62.0,10.009675600972514
49.0,55.954312378366126
49.0,56.121595536997404
67.0,73.40516386669691
67.0,60.68099395928044
69.0,73.74264065159929
69.0,55.10965572314399
73.0,77.04570306313798
73.0,75.87655918507693
60.0,63.75460599818609
60.0,48.332704959205216
70.0,80.11756585281881
70.0,68.53156927048872
26.0,21.786908326171897
26.0,73.68237793817008
58.0,59.24651629505212
58.0,69.81613534873895
75.0,79.31183551522344
75.0,78.40593605081358
71.0,79.0279667157269
71.0,80.22315308227394
65.0,68.75290162820022
65.0,17.40466267029535
57.0,59.883711051781745
57.0,66.19235116787092
66.0,72.37413507028657
66.0,72.26061189793552
29.0,27.74939223807371
29.0,73.9772261184628
70.0,74.61067497127169
70.0,53.32941148428
34.0,32.260929270588576
34.0,78.76249211479194
80.0,86.58598540985759
80.0,38.49757608510521
43.0,44.32849549462003
43.0,32.42631256210848
67.0,74.53610170519005
67.0,74.56740567513532
72.0,77.93472725219374
72.0,74.65237435948603
64.0,69.6852596818884
64.0,58.922735388264925
47.0,45.5814674304051
47.0,50.12595183757293
51.0,55.265337450131256
51.0,67.30967108678186
67.0,67.93673543339429
67.0,68.05765637841625
64.0,64.35681893095744
64.0,79.7949146433935
55.0,55.37636667683739
55.0,73.8852518800445
59.0,63.590942001078304
59.0,86.95671057111315
75.0,77.68486605963471
75.0,75.9248938265278
29.0,25.058381965056697
29.0,84.50851307511067
72.0,77.78335629436236
72.0,38.79672603013677
28.0,21.14325952326857
28.0,64.6036531486389
76.0,81.92150673575014
76.0,73.159428821831
78.0,87.00085844017173
78.0,69.4605952376076
71.0,75.2466527476945
71.0,49.50461385995004
26.0,30.950860884325664
26.0,39.553377905046204
52.0,56.699383880770256
52.0,64.17109365546662
56.0,58.00002719082681
56.0,84.20044461921009
75.0,82.85824157521887
75.0,58.39298025501063
44.0,50.12060714005469
44.0,55.795539956467564
61.0,64.44984831498664
61.0,57.12086193439649
65.0,69.73151875286061
65.0,77.63722589143612
37.0,35.13663952713006
37.0,66.15089664110116
68.0,73.374892736508
68.0,58.01533792694386
64.0,66.22906899745419
64.0,88.62217045698344
68.0,70.54211424540267
68.0,68.6306624253379
51.0,53.41396302200832
51.0,70.40971140468724
52.0,52.22476492558326
52.0,49.59790067998921
52.0,55.12750081431733
52.0,61.27116533658153
21.0,24.327795004666427
21.0,78.67533250494887
26.0,23.772767241717645
26.0,75.05138158062277
66.0,70.67497408277018
66.0,77.34038007480814
70.0,77.38659972691437
70.0,60.4330184076764
77.0,82.48966968866682
77.0,70.94511858710189
70.0,77.07653465321687
70.0,75.1255047000472
70.0,77.38327451261989
70.0,81.4303868724864
51.0,53.68658412517573
51.0,57.63205667851503
30.0,29.489202160769537
30.0,17.444789955489966
67.0,70.29784471448613
67.0,40.31828367886635
71.0,76.06310220481134
71.0,40.599668204441684
89.0,94.63321740960396
89.0,73.4193470138045
78.0,84.36611759707512
78.0,72.17368071996219
73.0,81.11768354297652
73.0,72.60283645268993
32.0,18.60541679447266
32.0,21.83070106822771
77.0,82.76163395629754
77.0,77.92080543143805
66.0,72.44729983046005
66.0,83.02351936976174
21.0,24.12767467057398
21.0,87.51252859592904
49.0,55.521531658315666
49.0,61.40410874703599
58.0,64.75627668007695
58.0,82.78590067825826
62.0,69.8776102390267
62.0,82.72505060203292
37.0,34.11646827707608
37.0,30.13982193470065
32.0,24.833322697190795
32.0,81.8559891315212
56.0,58.55758835181467
56.0,62.263235279345565
66.0,70.16097306432164
66.0,53.59821841763744
37.0,35.05104442438403
37.0,67.65820259018358
33.0,25.733992927113718
33.0,86.81048008883818
70.0,76.22341815833664
70.0,69.57273879274953
70.0,76.0839448861334
70.0,57.21129532960475
68.0,70.84012662504608
68.0,72.67427256071102
33.0,31.51538798614223
33.0,73.66694622305022
74.0,83.64955013737074
74.0,72.82942448550733
65.0,71.93972962272704
65.0,30.139687454772
63.0,69.44621154312557
63.0,76.4605591740962
72.0,78.57219538947925
72.0,54.80317855114663
57.0,62.097560075359354
57.0,90.8503329264621
42.0,36.15340553678527
42.0,68.45251485762861
48.0,52.73035907284486
48.0,56.36572227967736
63.0,61.49128894591132
63.0,70.5976276346841
70.0,76.79466947355792
70.0,13.348206399975766
66.0,68.43283389324188
66.0,74.65488402437353
44.0,45.052751837412245
44.0,76.62224345033735
63.0,69.34657249527697
63.0,93.43956756324388
63.0,65.60481172192522
63.0,76.23035798955408
46.0,48.74876916579791
46.0,67.30602614648751
69.0,74.02914936092378
69.0,67.28232305298383
50.0,50.32250373955304
50.0,37.60891994708339
61.0,63.460344254878635
61.0,67.53985684796436
34.0,37.9554800754849
34.0,48.22443922338954
74.0,80.400888747056
74.0,75.32141345139564
84.0,92.73584517499285
84.0,47.698859753916906
26.0,7.216594983432458
26.0,56.12395045187833
72.0,74.96432389284439
72.0,62.016041994617126
36.0,38.5256532085383
36.0,84.23577235518616
74.0,78.81122918464018
74.0,38.42520255018769
52.0,48.634208793931634
52.0,76.85713785742314
50.0,43.818181851968575
50.0,81.54129214196433
59.0,63.580882082353185
59.0,67.15677728339466
77.0,83.65324854134508
77.0,54.82196068931495
54.0,48.946431892867395
54.0,44.70401400288449
53.0,58.25444307218612
53.0,49.58932400650144
61.0,59.92361278555188
61.0,70.58387411115672
56.0,52.92233905838077
56.0,65.94109543535905
56.0,57.23052899410385
56.0,83.18498279439495
72.0,77.07269938541214
72.0,78.69141504352513
61.0,65.83481507979195
61.0,83.7107222139947
71.0,80.14036514182749
71.0,84.52032214561945
73.0,77.52362987913233
73.0,89.84259732197927
51.0,47.16996084959703
51.0,17.09129649871511
79.0,86.01781838204096
79.0,73.3971781254275
69.0,75.13688947752979
69.0,70.09104712043904
20.0,7.0065440337231735
20.0,20.76846963755395
42.0,43.46052774637269
42.0,57.58546526549526
33.0,31.034930175867146
33.0,74.26716470380023
67.0,74.0668803806472
67.0,79.27594806111392
73.0,79.0078728187375
73.0,61.851887410878646
65.0,68.4568860889703
65.0,64.1951412247576
35.0,28.90914179876205
35.0,59.18273969496937
75.0,79.79466262925445
75.0,58.49673876804866
72.0,79.85752244886686
72.0,26.831265828887126
84.0,91.07885960761269
84.0,78.13498001667585
70.0,73.82298110071747
70.0,36.78366754795712
52.0,53.260425446011595
52.0,64.81396405689219
77.0,86.483127652767
77.0,86.58651559409657
71.0,74.95888224135217
71.0,73.83132585507968
67.0,68.48246576316456
67.0,51.98558568883004
31.0,31.51616397753054
31.0,50.58179979808989
63.0,68.76947846097863
63.0,72.21044071430146
73.0,79.98937339098762
73.0,47.2357169197345
30.0,31.40486037844346
30.0,80.23718939874203
74.0,79.60973085375167
74.0,55.80055848535585
69.0,75.7100262626335
69.0,25.20846879828963
44.0,42.250171875227636
44.0,69.36682089062361
30.0,19.86306101406535
30.0,40.38223250648912
71.0,74.5978554974709
71.0,50.28654700616005
68.0,69.75911128048637
68.0,76.20962412166529
33.0,29.22200787691429
33.0,77.97194860789944
38.0,30.14027219034739
38.0,23.794199207941745
52.0,54.71354598372278
52.0,65.34768536443306
66.0,70.60819257653696
66.0,60.59173580852513
62.0,64.17736357629627
62.0,45.14516195122616
71.0,77.72030966964206
71.0,80.56908812744939
78.0,83.71805033617613
78.0,38.89150316256814
81.0,89.19175780262015
81.0,56.19718821239297
67.0,71.36106110315961
67.0,77.40361068795346
43.0,47.071517696288936
43.0,59.37630547262137
26.0,24.488113029323074
26.0,69.0367683989245
25.0,25.710581283206068
25.0,68.29362377749658
53.0,58.18507596780296
53.0,67.40537305239985
20.0,20.2592624729985
20.0,82.31951118371461
45.0,47.78792873674462
45.0,70.46132208518043
57.0,57.568645201673405
57.0,42.97700897657177
77.0,84.37052892322055
77.0,17.29713771389561
68.0,68.6911625894125
68.0,49.98580533191347
71.0,76.00849269784692
71.0,58.816474119599775
71.0,76.48853495952125
71.0,86.13431112583055
66.0,69.51079588185411
66.0,60.347248729252556
37.0,33.2464614266612
37.0,53.76092060598825
56.0,61.422290384442704
56.0,83.13631518798633
73.0,77.37288908173622
73.0,71.71960628932896
45.0,37.195850900480025
45.0,64.42304759975343
65.0,72.5678736883765
65.0,89.2928641927167
50.0,53.795405265564625
50.0,76.07787089194949
32.0,22.9301258885813
32.0,66.97729030246876
65.0,68.64370980719423
65.0,64.94067612746466
47.0,48.41838808114272
47.0,67.00818643537929
55.0,59.27977375649897
55.0,73.3918457364673
34.0,36.14479881654427
34.0,81.63424537054038
77.0,85.79122125655482
77.0,74.50980846921766
43.0,41.07521258803354
43.0,84.3820469027192
72.0,79.95339052987373
72.0,75.72375196033238
52.0,51.26431523362635
52.0,70.79015201995679
60.0,64.0278781775504
60.0,65.7497833021909
70.0,74.08462948402445
70.0,19.40399566723204
71.0,75.89567007584327
71.0,62.335963985907824
39.0,32.69067258675966
39.0,76.54620301469498
71.0,76.54001472039454
71.0,70.21116173262004
28.0,30.643020012280886
28.0,43.453612837483206
65.0,68.62918733995252
65.0,71.67946827696647
80.0,85.17150884279238
80.0,53.04118932410404
76.0,83.25682211227792
76.0,36.50821402721755
77.0,84.49212604379534
77.0,54.33011554449695
43.0,42.57583583919876
43.0,60.56229509104338
64.0,68.7572659017261
64.0,77.3224182862607
68.0,71.15731616084565
68.0,71.1160551073873
72.0,78.76153013146131
72.0,70.44551571248553
10.0,3.447387923701285
10.0,54.597414662736014
70.0,75.12438507743906
70.0,72.91353350243196
65.0,67.84011369412622
65.0,83.9455789313663
19.0,16.26266776565086
19.0,62.478992274989935
64.0,65.61077808364468
64.0,32.041885472572176
74.0,76.77976484404263
74.0,62.83961363114224
37.0,37.82655321706284
37.0,50.06814313449138
39.0,36.43266381392368
39.0,59.44111059813196
79.0,84.86190607629516
79.0,54.81399841123596
62.0,65.65627177090204
62.0,72.68883932834768
80.0,85.73799139870891
80.0,52.91831619588294
65.0,70.20524345518311
65.0,57.47921496536139
73.0,78.74312604414928
73.0,71.10217925962007
66.0,69.56226716483246
66.0,85.20231368368013
58.0,59.215092430217624
58.0,59.91721594228051
52.0,57.69972275722944
52.0,65.18721246411252
74.0,80.56358446217587
74.0,84.79694529033304
75.0,82.09582311436003
75.0,73.24292940907497
69.0,74.69998880947367
69.0,77.24551643069134
31.0,26.280443830489162
31.0,79.70680812674351
61.0,60.88737923594135
61.0,39.98010032543334
46.0,41.963375301015276
46.0,86.50198831393556
52.0,50.83180285918979
52.0,20.56350684007316
43.0,41.619913663909585
43.0,61.6159986556039
66.0,68.40528455162092
66.0,64.0860190797402
75.0,80.42956793127394
75.0,68.02717474683635
75.0,82.75868708914004
75.0,41.54247680033302
44.0,46.82524004481894
44.0,39.36689332901085
56.0,58.375281792345504
56.0,52.947820731833076
60.0,62.04353123329673
60.0,64.30922051111281
68.0,70.27031860291345
68.0,48.01100928628142
65.0,69.30035294450715
65.0,50.026084279489
64.0,67.8132463122115
64.0,65.24112952312316
76.0,83.38189964462566
76.0,64.64969031194067
63.0,68.0159995252991
63.0,74.98702605314554
48.0,50.298311839723056
48.0,64.15254380980804
67.0,72.91332211646943
67.0,59.436059860528815
60.0,66.66276827277375
60.0,31.58299445279431
50.0,50.87351472007549
50.0,42.054392662365956
66.0,65.9297740824091
66.0,81.61702219504849
35.0,35.04937040708609
35.0,69.3293904765685
69.0,72.0411735703455
69.0,67.78219321617985
71.0,77.86983581181858
71.0,86.51533687829021
64.0,71.04953723778965
64.0,52.60543729955015
76.0,87.42850026935963
76.0,54.021579631141094
58.0,60.98218398504889
58.0,74.73238964318068
55.0,54.75686390967496
55.0,49.11383810353988
61.0,64.52748721177181
61.0,30.273266141835677
75.0,79.17194248680283
75.0,69.96890098512267
57.0,61.95621165638664
57.0,15.48263358350465
63.0,63.534999253301976
63.0,76.60401818763188
62.0,68.49986503711648
62.0,52.68241342723661
65.0,72.88456673304336
65.0,16.04352112641061
69.0,73.0907242920955
69.0,67.79562019023763
53.0,53.02249692468092
53.0,60.950971696801105
70.0,74.42034110436816
70.0,81.8460735083126
67.0,69.84425099106056
67.0,77.3040908058216
65.0,65.21983837130398
65.0,84.91243050123774
69.0,77.5059968369651
69.0,77.88856060539018
60.0,63.596618078637164
60.0,58.13304129872466
37.0,38.49381452205159
37.0,72.82845841379901
73.0,76.9888157417326
73.0,59.3092347551671
69.0,73.42077563037975
69.0,26.43993862851937
75.0,81.03739126859563
75.0,79.39919867299159
76.0,79.53537628246863
76.0,33.23325251432732
56.0,48.3563636544709
56.0,85.32668171041229
69.0,73.49334670531817
69.0,67.12094992861608
70.0,75.42665986009501
70.0,53.7428367312819
63.0,67.59298169587765
63.0,72.90157291111035
46.0,44.68395613740421
46.0,57.53432700121209
64.0,68.45745861494675
64.0,50.95634763262109
16.0,10.96480055967345
16.0,43.6347441263751
69.0,76.82148109377454
69.0,50.25445780482619
66.0,72.61304069783552
66.0,53.92053835516447
56.0,57.45742465674556
56.0,23.025372883786133
34.0,22.10164472212989
34.0,56.56165303242949
28.0,19.40573435367196
28.0,77.81690745972901
56.0,54.86579735412295
56.0,82.38459826384678
68.0,73.12481521776414
68.0,69.57867367479275
65.0,72.03049473832607
65.0,83.0261639630881
55.0,51.82707674993145
55.0,61.577855452261076
69.0,76.07401270202769
69.0,75.51721098800107
61.0,61.72754780353557
61.0,20.481007853908523
43.0,44.174316473325234
43.0,58.373866188315674
47.0,49.30792460104624
47.0,74.21960106266295
71.0,77.89751076176634
71.0,67.6485569920801
45.0,48.10497373925017
45.0,44.566445484438304
70.0,75.52629567999901
70.0,36.278482814786344
81.0,90.50964086338104
81.0,25.733992927113718
71.0,76.30740870587164
71.0,58.73320318198557
46.0,47.037628483154265
46.0,15.195929826700876
79.0,87.20503229245548
79.0,65.6987388290924
76.0,85.30804423777352
76.0,10.998599012879652
44.0,47.071517696288936
44.0,63.23723288171914
55.0,56.932960613625085
55.0,79.75021445711582
49.0,49.1866343636832
49.0,59.532802909927796
64.0,67.5309068774456
64.0,69.57216465614943
83.0,92.37791788492763
83.0,61.17899048498248
69.0,74.93031430128462
69.0,22.057471686673637
65.0,69.11599534756994
65.0,54.54143866571587
69.0,75.38696842808685
69.0,45.861093152630474
57.0,55.24811279207512
57.0,86.15973891233665
76.0,82.07985853057289
76.0,77.71262916629433
62.0,70.61454811045274
62.0,71.83145735354634
59.0,66.62213449384939
59.0,75.91087449335157
65.0,70.89847465903591
65.0,60.095386838890136
49.0,49.68665851850841
49.0,50.05717981727315
60.0,63.7945030689674
60.0,66.4343979080956
40.0,42.78029662319432
40.0,33.687499683013584
70.0,73.9812378700243
70.0,50.06354566642841
76.0,83.9777666337178
76.0,62.94960286492142
79.0,86.26071206174004
79.0,82.47966405388672
71.0,78.39951942285882
71.0,56.611121229264654
78.0,84.84865967497944
78.0,31.390597004858307
38.0,41.56729566207173
38.0,71.16120497710858
74.0,78.80820132279968
74.0,64.50815533010785
40.0,30.221907113021643
40.0,82.08031705264386
40.0,38.55887883913027
40.0,74.38965537290227
52.0,50.70144675769285
52.0,63.44707277191634
33.0,28.245082543687033
33.0,51.547220571837215
63.0,64.7318541348028
63.0,44.63384771732569
50.0,54.16617543002462
50.0,58.67229452724774
73.0,79.53049553064415
73.0,78.27899957548351
31.0,29.718473127149252
31.0,53.50558278414729
46.0,49.18158021616142
46.0,71.96592247450303
49.0,55.34489479715279
49.0,56.509899834919395
55.0,55.25561770604361
55.0,65.0958009880149
72.0,73.95847949687942
72.0,71.63580918074041
70.0,76.3511938731516
70.0,70.52437299784123
54.0,61.33010780479083
54.0,36.15853654589415
59.0,58.97046718275419
59.0,75.1691813419763
70.0,78.46564497899317
70.0,80.04058654095184
46.0,45.06871737196411
46.0,76.38026941546048
68.0,67.37619217669379
68.0,59.49664186883052
69.0,74.41646858355989
69.0,11.075477443441741
51.0,55.3368315815934
51.0,94.25063551717409
63.0,68.5640399833602
63.0,39.62120590287856
59.0,57.363008635704205
59.0,78.4805161664708
61.0,65.88196482847212
61.0,71.86520968404545
75.0,81.40135400957456
75.0,77.38770882883057
55.0,58.42590715006594
55.0,40.23441156037933
74.0,77.15206724548108
74.0,73.92897086740913
74.0,79.96545158371936
74.0,82.14679128151806
73.0,78.88641357730796
73.0,44.124323415741856
45.0,44.363280331050134
45.0,44.38324137016184
56.0,59.71394779571324
56.0,48.78647292135014
43.0,51.26985907018519
43.0,72.5215056981578
67.0,73.7635237506006
67.0,68.32890536373361
66.0,67.31308724144321
66.0,56.46688420146717
69.0,74.86482579355828
69.0,61.057198717803146
79.0,82.98228233508883
79.0,78.82979554131754
68.0,69.28861858904071
68.0,62.03257754794686
66.0,73.57517023094476
66.0,-5.614625847360969
72.0,78.82928156882042
72.0,12.668703243555683
61.0,65.74416796469984
61.0,5.395669454291692
41.0,44.84433823270763
41.0,61.134114222694734
75.0,81.77418767844699
75.0,29.800258286916517
38.0,28.373126538987947
38.0,73.40777968208033
81.0,88.79785801901357
81.0,65.99096078906291
79.0,83.95891719618407
79.0,33.49421119894009
53.0,54.13958028392415
53.0,54.901800140567104
14.0,14.589299791556982
14.0,83.16496309624887
19.0,13.271076634764825
19.0,63.426143768991324
66.0,71.21257036334435
66.0,79.44779450918367
69.0,76.19963615201209
69.0,70.37989975423903
53.0,54.01540244276947
53.0,74.35258631368538
59.0,61.60082296052565
59.0,69.94248844000163
42.0,36.72102249114397
42.0,89.34926627718903
43.0,26.586107097312095
43.0,83.37027441808465
75.0,80.60265509098036
75.0,62.25460833197076
72.0,76.5280204423334
72.0,45.88187482277169
38.0,40.034586883689485
38.0,67.7365059581789
79.0,86.8450978302489
79.0,47.173296138012404
66.0,68.7287664982639
66.0,40.25317199692694
69.0,72.03379394953731
69.0,71.85011472881786
54.0,51.08169999771093
54.0,69.70052603574271
76.0,80.86291635937903
76.0,79.8799120479942
33.0,27.42286817504896
33.0,15.941311944932409
63.0,64.50111912259018
63.0,66.51222653796259
36.0,38.757392204417044
36.0,42.344945040464836
32.0,24.965400344186037
32.0,76.88525937638667
48.0,49.06157151193304
48.0,72.61711577145275
65.0,70.50529293260445
65.0,69.1201985421688
62.0,65.17114848521499
62.0,58.25820933247701
71.0,77.33537334063982
71.0,54.12128305715157
55.0,59.6978379629341
55.0,68.66074992959511
67.0,71.66651052387209
67.0,76.28635862649173
46.0,41.52420665088573
46.0,17.49986748510662
45.0,39.11330708077634
45.0,36.96099938870458
56.0,62.367980552266545
56.0,78.24605306440588
26.0,25.105224148358843
26.0,58.00114762986766
36.0,41.489445984173585
36.0,66.33434582980033
64.0,68.05566763343467
64.0,50.752336171170214
58.0,59.404402165465285
58.0,62.995729168557375
69.0,73.60880105921564
69.0,76.31079232740103
82.0,89.37089675364899
82.0,72.90793641110508
40.0,43.560200554288315
40.0,62.89496205629706
43.0,36.79716908406016
43.0,50.56718759533487
79.0,88.80173440325456
79.0,38.00382399448563
34.0,30.45243385761131
34.0,68.54162155739203
72.0,78.07614981863969
72.0,68.0379458365756
44.0,48.944266915112735
44.0,71.91979596467274
73.0,77.14351893499605
73.0,65.49526534307103
64.0,71.57792457086299
64.0,21.47240403132264
40.0,37.611210866438114
40.0,64.6273215955037
63.0,64.19644301649254
63.0,57.81858103062399
54.0,53.92590273878528
54.0,75.0409385966069
62.0,65.35586776987981
62.0,60.491088823422956
60.0,63.50882869502499
60.0,67.40848777078133
66.0,70.35761992953331
66.0,63.07579354573397
86.0,95.19986252973138
86.0,60.09615341769211
53.0,49.930854299994735
53.0,57.62482052890272
67.0,72.14816485608173
67.0,62.497734126309126
58.0,61.188415346546435
58.0,85.19445871075499
63.0,63.39146012594932
63.0,55.31740331759437
68.0,68.50338946608207
68.0,75.04637268604358
73.0,79.86327327988391
73.0,32.19964812712254
59.0,62.894404917980864
59.0,57.680099474702274
72.0,78.06866756644109
72.0,45.96915293756109
75.0,79.39599486259328
75.0,29.217154577853364
50.0,54.07080226520242
50.0,61.53143201886388
78.0,85.28022793085472
78.0,63.37229987828607
65.0,67.7507523883121
65.0,80.17532685986612
81.0,87.2523467783164
81.0,63.721970841977964
60.0,62.247937946227125
60.0,80.74320188522881
51.0,52.34829965861559
51.0,66.24206015785933
55.0,60.93300487927422
55.0,71.40756259723855
77.0,82.98088494029417
77.0,64.77548033357658
56.0,56.0444098832682
56.0,65.15628491169957
48.0,50.76668262803349
48.0,55.318910031226835
35.0,25.32022677715827
35.0,75.03527537700131
46.0,41.5032422125451
46.0,78.78686726391811
24.0,23.44238577690993
24.0,72.24919051272877
67.0,68.6415848942334
67.0,34.44986965428353
86.0,95.26667242333161
86.0,67.83969624907314
71.0,75.89619605969858
71.0,85.09007767381775
71.0,75.1096336967455
71.0,34.2849964272134
66.0,69.76766709945224
66.0,75.50071506354936
61.0,59.08680972436372
61.0,68.97936207934055
29.0,26.750406708992557
29.0,65.26828758655972
40.0,31.787462069634955
40.0,74.83418080713608
65.0,67.59126179430064
65.0,64.6972544702669
61.0,68.52835796625686
61.0,65.27400326851779
49.0,52.99509082838381
49.0,39.60834534705714
58.0,60.412244779449395
58.0,73.5593326622976
62.0,63.75891502381887
62.0,48.80709733445843
60.0,64.31204652924379
60.0,52.517320928543484
42.0,36.53420484741906
42.0,61.360522583329555
57.0,60.097605262189575
57.0,53.185048372333085
85.0,92.0018864256042
85.0,61.168213200989214
58.0,54.55437034303435
58.0,42.797900232787015
69.0,70.82103232411527
69.0,69.99638741074688
54.0,58.37313485700275
54.0,81.05999815348162
52.0,54.25024166585729
52.0,84.17306243394586
52.0,51.640903859024945
52.0,18.31000074236846
73.0,79.22450497625556
73.0,40.783015503156264
33.0,34.87551550881909
33.0,16.350916828943753
70.0,77.82187257867861
70.0,60.78168624171826
58.0,56.82382793084264
58.0,61.53092169362691
62.0,67.29740140107037
62.0,81.31944377381944
77.0,84.15894241057845
77.0,30.382982077825943
25.0,24.12664032282845
25.0,80.50520143196604
54.0,54.65799171872561
54.0,42.20140757766677
36.0,28.200556101712323
36.0,84.93196773697974
40.0,35.81138526955465
40.0,72.25829791574711
55.0,58.16666928888975
55.0,41.52420665088573
65.0,70.30421782501094
65.0,47.59845194425253
35.0,25.32022677715827
35.0,81.49319827552426
61.0,62.40185595358304
61.0,58.922735388264925
35.0,35.24054044621977
35.0,43.94421866243596
59.0,62.425448908743704
59.0,55.40030128221582
73.0,77.16186014674469
73.0,76.49033344766974
21.0,25.186575264017904
21.0,84.47686448621334
45.0,42.79069886742775
45.0,58.47740651890717
71.0,79.13644833259383
71.0,53.37909483583712
23.0,17.567177007910516
23.0,53.73974879820213
79.0,85.4003230939926
79.0,89.45856868451165
53.0,57.138231171942834
53.0,35.00611984366947
76.0,80.35659661927383
76.0,68.99573837255258
62.0,65.64495579525482
62.0,76.34400926885871
58.0,61.43466374943284
58.0,74.3091966722655
35.0,30.382559876004052
35.0,59.6091957621814
44.0,38.01021738371787
44.0,80.65497305219571
81.0,88.15073375232453
81.0,35.406785405464746
41.0,39.67015034588428
41.0,74.88757710751725
51.0,52.422552800406265
51.0,55.788432556549935
68.0,73.14333707440113
68.0,75.69077369553423
78.0,85.72269895417071
78.0,68.83462393725921
34.0,41.90316935895572
34.0,75.9533553951901
51.0,58.85342893520448
51.0,81.91904954610175
74.0,80.06412897254091
74.0,67.82805418880099
64.0,66.59114477570984
64.0,77.17335569508475
65.0,74.04600673270551
65.0,74.52408493609545
43.0,35.00678651734563
43.0,64.7805920815548
23.0,20.91477525291964
23.0,58.340572142634585
66.0,72.05876874480123
66.0,83.81856373911165
66.0,72.10564114175742
66.0,38.58929699022951
39.0,35.49755194399023
39.0,62.180393204332916
63.0,70.94019133662738
63.0,67.69573613668695
76.0,84.28753039546234
76.0,68.53895589153382
28.0,28.194471649668515
28.0,32.2363887225419
68.0,75.54539066959296
68.0,59.92651245987463
61.0,62.976292390676065
61.0,85.07478878473415
67.0,74.85983613694106
67.0,68.72067329245573
34.0,35.24477055396028
34.0,61.230636447458494
60.0,64.5244656919034
60.0,49.50666382980842
27.0,27.362708841515996
27.0,58.629246692449726
77.0,82.79073461123488
77.0,68.02927563227593
37.0,33.06875630927965
37.0,72.39269557217068
55.0,60.94055179952312
55.0,70.33266987307002
59.0,63.351454100204535
59.0,65.77621002170065
43.0,47.47574059504876
43.0,50.2459713054331
53.0,53.96251653471688
53.0,77.47756829569875
64.0,65.47229623026573
64.0,75.45800441224651
56.0,60.18322794497141
56.0,64.79603143796038
20.0,29.88779010608249
20.0,50.18469999479095
64.0,70.23909931887255
64.0,60.099235499858025
72.0,79.43747637575035
72.0,78.45308901032314
67.0,74.91446030215616
67.0,60.53749677584352
67.0,71.32637680523271
67.0,58.996137194552375
74.0,81.53574774876773
74.0,46.027213137774766
66.0,68.54382284384769
66.0,44.076014422021444
33.0,28.23943076576421
33.0,71.07911190393554
58.0,64.67421875026855
58.0,68.47424540403995
64.0,67.87240101844316
64.0,68.85084313028983
40.0,42.369337009581955
40.0,37.271954674396966
55.0,55.215514742027494
55.0,55.9445877933249
62.0,68.4136820173353
62.0,73.51076784998435
21.0,18.443443247619314
21.0,64.17481160123918
42.0,40.24860211773938
42.0,73.78566089799119
53.0,50.706892495962734
53.0,60.684981235897794
76.0,79.70090745291492
76.0,61.826106122464466
73.0,79.24498720275932
73.0,59.12577543397305
58.0,58.23581775093601
58.0,67.00568841157389
53.0,54.14856057288068
53.0,61.44998299501452
72.0,75.88877494154633
72.0,54.01842711296365
34.0,40.38022606666351
34.0,80.29299460009065
52.0,48.415470910228294
52.0,62.04839261900133
37.0,34.39491467240589
37.0,74.46000042582148
20.0,25.49206935588728
20.0,75.40677776621158
52.0,55.47414088986119
52.0,42.92227860698779
50.0,51.97234120842268
50.0,73.28907319859866
62.0,56.37673469685416
62.0,61.95259346743825
60.0,60.71152762131169
60.0,70.17547170774657
65.0,68.59400619582516
65.0,65.22645278295357
27.0,20.303034184630405
27.0,76.67933080453906
73.0,79.38721088686503
73.0,75.82655388576427
68.0,73.06093937653827
68.0,69.50876780988182
67.0,75.55434922168945
67.0,62.98455183774581
68.0,72.1725009425
68.0,70.03578845600396
22.0,21.564461708432816
22.0,84.11748865041807
40.0,33.779409985951986
40.0,77.5480829034745
77.0,83.01020967779658
77.0,17.038633948231734
71.0,77.59601194905696
71.0,69.74403977658466
40.0,42.10631332864983
40.0,80.93136106675621
67.0,71.68465174203249
67.0,70.57310672935336
37.0,38.56475651380316
37.0,84.83359593641694
37.0,28.11462725364686
37.0,75.27306413004072
69.0,71.15245370985798
69.0,66.68456139311076
64.0,64.68711369252856
64.0,69.80912961952822
47.0,48.395175832241364
47.0,78.45868842246733
48.0,43.93376015586034
48.0,79.93733865331558
86.0,93.66806976034923
86.0,85.67654307925358
51.0,49.228596135559826
51.0,56.78719543470237
40.0,30.244557093415494
40.0,82.23250394053503
73.0,79.56078711748813
73.0,80.28647256710599
66.0,67.68537222849307
66.0,73.41242379138856
60.0,65.09941755824462
60.0,73.73630857483147
78.0,87.35082955344814
78.0,39.71316128546948
74.0,78.13130269590897
74.0,76.95975895198325
64.0,70.63068995302791
64.0,75.48894336610306
63.0,66.85204162784953
63.0,67.427292313863
66.0,67.11411163509513
66.0,72.84301927310844
60.0,58.741944754359
60.0,46.52378149608364
59.0,61.317645781799
59.0,68.18263369977842
14.0,16.94514706141274
14.0,70.74689082364915
63.0,64.73735271561304
63.0,79.49535565296259
64.0,63.33114784499844
64.0,70.58953491487154
64.0,63.708649819684354
64.0,60.319961117166315
54.0,47.90588886241437
54.0,24.083989472149653
53.0,49.4785375564465
53.0,39.839656068793204
32.0,24.833322697190795
32.0,70.6938452867613
69.0,69.43142931331232
69.0,31.894704124846726
59.0,62.523467343681034
59.0,73.21726422755933
77.0,84.54293018923784
77.0,66.40191770042782
54.0,56.795832639066816
54.0,58.57117765390922
26.0,26.22821612723095
26.0,49.004503444010425
35.0,35.4644025641814
35.0,64.0581145697351
60.0,58.87356821135461
60.0,63.50976569939826
60.0,64.72456296712966
60.0,60.90425730722052
56.0,59.82519317484798
56.0,41.855027265726335
64.0,68.55606839928328
64.0,70.70495199113577
61.0,60.95067922287387
61.0,69.74012419256354
44.0,50.857791758375186
44.0,21.359274056221864
66.0,71.98068363396817
66.0,83.74113270199166
67.0,75.40387019103093
67.0,82.07112298479109
49.0,50.97990560393583
49.0,57.198617735477114
29.0,24.68088890781206
29.0,79.04174979826746
54.0,57.788431487218475
54.0,43.79624182262114
66.0,65.9895091581335
66.0,39.92035012851835
32.0,36.70787585617404
32.0,32.9260265458941
82.0,87.54905010054063
82.0,47.21179889952003
61.0,65.38436603928005
61.0,66.54972758137598
68.0,71.84445103911276
68.0,87.81071530754923
75.0,80.40141462433968
75.0,68.13459531611454
37.0,33.53275957140306
37.0,70.40453555515381
68.0,73.19904400574563
68.0,73.36418024029865
77.0,85.50239633301163
77.0,69.52988782324104
63.0,65.84413442240896
63.0,82.9128509163852
56.0,54.42213802292446
56.0,45.91166034888744
47.0,51.29801960179583
47.0,72.31017377104774
29.0,24.47169292310224
29.0,39.32368416786784
69.0,75.96507598957066
69.0,84.05237641686904
51.0,52.4744019350876
51.0,72.23051279022502
76.0,81.92316497050359
76.0,74.37745370310853
80.0,85.86378050166991
80.0,65.44526067646717
64.0,68.39854498465849
64.0,35.595398787807824
46.0,42.61965648230773
46.0,73.543210981975
48.0,54.165567235047945
48.0,68.70674110853741
45.0,46.230190565514704
45.0,73.75214424915362
56.0,56.04291888510767
56.0,46.73708986001935
77.0,84.45621397439521
77.0,11.540026150851475
60.0,64.49620022360659
60.0,57.58086898140783
34.0,31.927925746190226
34.0,59.42391979635045
68.0,75.90061823693117
68.0,76.07544408052996
68.0,69.65441273976711
68.0,34.76005502343253
22.0,9.615852996923195
22.0,72.1248054276798
78.0,86.3902275001019
78.0,65.57924919522588
69.0,73.7981129323041
69.0,43.66029520438235
68.0,72.84798570219795
68.0,68.46249743984009
57.0,59.290994992611104
57.0,67.72293333496486
70.0,73.58032307727086
70.0,67.31715441447926
46.0,52.62346840074673
46.0,58.08888684264144
67.0,71.23716067216077
67.0,78.02499448478812
62.0,66.39852420174037
62.0,52.09561942269323
75.0,83.2571376268524
75.0,67.50634795909468
60.0,64.28728755680919
60.0,67.87095886194908
58.0,54.21144518370511
58.0,61.11954924855252
25.0,12.520835036149379
25.0,85.67530569049069
61.0,58.34594712622146
61.0,72.43560229992022
57.0,64.02653540595566
57.0,84.94419199359845
70.0,74.16488144313013
70.0,47.971107640500804
77.0,82.86912105725162
77.0,46.4078455991214
54.0,51.723776412483005
54.0,77.32001707372086
65.0,68.30876171806693
65.0,60.92047168870033
78.0,84.75644680469446
78.0,85.06309655477168
73.0,83.70310027021821
73.0,32.90940525943728
52.0,50.21152897015958
52.0,84.74221940310576
74.0,81.96473968813575
74.0,75.60312331916549
55.0,53.900932206432515
55.0,71.86469411356217
39.0,34.94061798248924
39.0,89.46060798644078
67.0,72.30527120088988
67.0,67.22033456823709
68.0,70.50089567826149
68.0,25.030175155846507
79.0,89.85668312617935
79.0,69.34439050527601
58.0,54.70328028289322
58.0,81.04396755614897
60.0,66.70533916531525
60.0,43.9886458332324
61.0,65.90603859531592
61.0,69.29399645474285
61.0,66.15049597815687
61.0,48.71032701250192
75.0,81.52101518733713
75.0,64.02589054867764
59.0,60.45973215706425
59.0,44.94666551049829
57.0,63.011139907550216
57.0,40.46089794705853
28.0,21.17111382199829
28.0,40.11371152961516
26.0,28.54543665828612
26.0,68.66209669610191
51.0,43.57993669423138
51.0,85.39369169966648
74.0,80.27494542305084
74.0,65.18721246411252
77.0,85.16143565770199
77.0,76.9387997457685
66.0,70.48032480325736
66.0,55.24694239076592
55.0,57.04592530919882
55.0,26.946211957642788
26.0,24.114790955693934
26.0,62.99041202260025
54.0,57.947193963875634
54.0,25.11111494634804
56.0,53.28995217264725
56.0,76.28785866928456
72.0,76.950060347273
72.0,73.58623511442437
65.0,71.8452596325381
65.0,72.46033497820258
55.0,60.89119053055629
55.0,53.68461147274661
49.0,50.17836719354972
49.0,84.51856208189162
62.0,68.830757650409
62.0,74.15335974762633
33.0,26.83282813610913
33.0,48.06848670042217
61.0,66.2820959566086
61.0,71.4548381617011
70.0,74.80920460665266
70.0,23.000006904818747
37.0,32.58775706087914
37.0,54.06957621714952
63.0,66.38889727210011
63.0,6.728711118672095
75.0,82.10030434345526
75.0,17.228502193959343
66.0,69.83066254050522
66.0,36.44479421858034
75.0,80.6365612085142
75.0,62.54970195398454
52.0,53.04691955545775
52.0,38.03009080413892
70.0,78.98273408901633
70.0,58.82788995673434
48.0,46.78447535374028
48.0,73.3645437744612
64.0,66.79972551234806
64.0,69.93959732824305
19.0,7.121929172418561
19.0,67.7829955490663
73.0,77.67338772242698
73.0,42.523014009900066
79.0,83.03204942468358
79.0,37.06797759834171
75.0,80.19495192734303
75.0,46.80754117551777
70.0,76.56791321504522
70.0,72.23178373856024
73.0,78.01500097362691
73.0,68.13781594961199
63.0,66.6984202156886
63.0,85.73031015520138
41.0,41.7746282185924
41.0,63.898622529332044
60.0,65.67533315824511
60.0,65.31249425890451
37.0,32.71671438463005
37.0,71.11695798975325
59.0,60.17937985039737
59.0,77.85579687731371
57.0,58.18764037635884
57.0,89.31167078223501
40.0,44.87846835015881
40.0,49.92041168227928
65.0,70.92039727479738
65.0,54.41100213251349
57.0,60.19257011033193
57.0,57.482869327768924
47.0,47.87299772047538
47.0,60.93836268876106
18.0,18.551215526848978
18.0,24.96234295621366
48.0,49.52133324015716
48.0,16.577707305426372
56.0,60.09277056674085
56.0,75.78439445562998
71.0,75.40539271331505
71.0,83.80959751235929
38.0,36.98648426686685
38.0,60.18533920484788
45.0,48.23295462949102
45.0,65.55148564548506
58.0,60.951945254481814
58.0,67.87125840009861
44.0,44.703048377603466
44.0,70.83350460612121
65.0,65.97930787990697
65.0,39.60834534705714
67.0,70.9268497801828
67.0,55.208385870899065
72.0,79.3177139302831
72.0,66.94013838163715
74.0,82.32603748726746
74.0,84.54630837997354
31.0,29.301638286275704
31.0,58.9187788151948
69.0,75.33473321588303
69.0,73.23008404837873
60.0,65.37486238904796
60.0,37.790094967517575
78.0,83.99624103262488
78.0,58.96826515924516
75.0,83.71113483214134
75.0,71.45187203918346
65.0,66.44313959342037
65.0,81.48619640087935
42.0,43.34627075153156
42.0,83.78977133144707
70.0,71.91033059959284
70.0,84.17088729593382
70.0,74.62653910903964
70.0,47.44455592091276
68.0,72.07506453809697
68.0,83.30058679282558
51.0,54.62745066893331
51.0,52.19557739053437
75.0,78.48271724753516
75.0,42.15122856296438
34.0,24.961915899515418
34.0,68.3097552892778
17.0,8.81502645363247
17.0,84.43966018168379
39.0,37.5658037184437
39.0,54.04434056250034
58.0,59.387914963951005
58.0,64.01993062902983
50.0,53.175377944192576
50.0,84.3121637290871
71.0,74.66385849231466
71.0,63.470445598387585
55.0,59.86987227297561
55.0,24.869030857676876
78.0,83.19349505470632
78.0,47.170762266322924
33.0,37.29064344826128
33.0,50.62123335936246
71.0,76.90207262682156
71.0,46.67641906219109
54.0,56.430180759450366
54.0,81.88869140609677
73.0,77.259366964214
73.0,80.06323359984145
73.0,76.20350010514522
73.0,46.51463613668574
64.0,69.38838829236414
64.0,78.68065371484789
69.0,74.7938628010757
69.0,77.06579215516138
54.0,58.65518000233038
54.0,85.1395870975536
59.0,61.08904374233521
59.0,29.922550436341453
62.0,69.05679560869402
62.0,53.09975760578794
74.0,80.0327460238974
74.0,73.89881353326206
57.0,57.789999890984404
57.0,82.23048789811213
46.0,49.50189996744854
46.0,87.85505432099632
78.0,85.3606845510559
78.0,51.046442914834586
69.0,74.43630032871687
69.0,49.453449275929415
38.0,38.9184347641563
38.0,51.25486222950974
68.0,70.08685880126126
68.0,58.09023435465292
59.0,65.82240338250944
59.0,82.44560540523656
61.0,57.44546508787562
61.0,68.64858919641227
54.0,56.19749750611999
54.0,51.370556566288144
59.0,63.0908138204814
59.0,28.8021562104816
75.0,81.1144621701414
75.0,76.31979389246561
66.0,67.98473555798705
66.0,57.2566970876515
80.0,87.36788975575581
80.0,74.25624665459469
74.0,78.87791810829509
74.0,28.638181228494034
20.0,10.204419541109303
20.0,53.19426039904005
71.0,79.21338557473814
71.0,78.63998073386125
58.0,63.63028270694758
58.0,54.029514702340464
60.0,62.544203794703094
60.0,90.10974126158413
56.0,58.52378651929865
56.0,43.9597656823226
63.0,64.2241425646074
63.0,49.9697194178807
15.0,9.992064390299902
15.0,66.0084532893278
33.0,27.141392462423028
33.0,35.96556507389516
79.0,85.3614798168527
79.0,77.79523352609016
45.0,42.161583290254725
45.0,76.85676539928374
33.0,37.14983849456837
33.0,69.31326644812879
68.0,67.79208885631408
68.0,73.35046300274428
65.0,69.42571835182969
65.0,71.28410590276911
58.0,65.03388086502213
58.0,64.59592672566191
47.0,49.3982205556926
47.0,70.64059265886982
47.0,44.76010033664841
47.0,65.07483402694811
67.0,71.17407285875805
67.0,75.30544891990371
66.0,70.93212848309395
66.0,60.72765017551126
46.0,47.38684917654314
46.0,58.37881017332984
62.0,65.5456625668462
62.0,63.09784578997471
46.0,49.71954842462583
46.0,74.90260737001506
17.0,2.0486575875968924
17.0,73.19341028629339
68.0,70.91974515446924
68.0,46.797678904642964
43.0,47.81979893925154
43.0,78.96293610049611
39.0,39.123206598734896
39.0,71.62344833426664
54.0,53.600806969444136
54.0,69.01291814319933
61.0,60.758612957098705
61.0,81.07979728097757
68.0,72.44849273963018
68.0,59.71537964555972
71.0,79.87368612248844
71.0,65.18210940458778
30.0,30.70474553256554
30.0,63.77749429608434
78.0,83.69527083692248
78.0,80.87396497018261
71.0,78.41714996375396
71.0,20.56798563922314
59.0,57.65221436569715
59.0,77.21192622801323
65.0,66.09602190157636
65.0,79.81116174171888
63.0,67.69058719169118
63.0,54.435201493789634
55.0,61.894164846902925
55.0,79.5732678222929
69.0,75.48737312249062
69.0,59.1485045611156
59.0,57.457616948557074
59.0,57.51965648113867
66.0,73.45786170002691
66.0,51.156144874127676
67.0,74.16467993572729
67.0,85.32856818561226
73.0,80.30104585599958
73.0,71.0570213284754
32.0,33.339018202053694
32.0,-1.0075276840373135
48.0,49.40289328284695
48.0,83.5468897779453
66.0,72.04112958888874
66.0,50.711419175402
32.0,37.18087298906789
32.0,79.44866809197691
44.0,41.747951957619364
44.0,71.77607137935883
65.0,67.93844735142687
65.0,63.836225572282046
88.0,96.94270929756101
88.0,49.71254312107618
64.0,69.38535856687764
64.0,28.98671329123448
36.0,41.22314226771499
36.0,31.416690102886264
65.0,65.90489755708126
65.0,15.941311944932409
66.0,67.03775821554012
66.0,56.03450435564463
29.0,35.21858257549047
29.0,29.537477629539524
63.0,68.9638339571024
63.0,79.24425603248949
57.0,58.62180552702523
57.0,71.29921273864494
66.0,72.22545042139313
66.0,58.23736726131153
62.0,66.54347927428154
62.0,61.872699368435065
53.0,53.58316550260224
53.0,69.49690660088885
29.0,20.669166531387248
29.0,32.65304853459827
72.0,79.49013057897196
72.0,26.321631622556367
72.0,78.78346094654995
72.0,64.77133153160531
40.0,37.262443586716245
40.0,63.523358293963554
75.0,80.88698666677737
75.0,70.88649452194778
32.0,29.644970286982527
32.0,72.22823219918052
70.0,77.52021158128485
70.0,75.76008307044583
73.0,78.20344136135066
73.0,24.769206691130364
47.0,45.55170143471389
47.0,45.90375759602438
75.0,78.27262252044363
75.0,70.91630200299863
51.0,53.345453854772074
51.0,50.38657891250375
69.0,74.44879378559096
69.0,63.20549566822723
13.0,1.1278370098185064
13.0,87.8735045295407
45.0,40.4931164476514
45.0,75.34163299312894
45.0,38.80320140801484
45.0,63.21788313477498
63.0,66.99553606585675
63.0,53.10039247858077
43.0,43.23436381567643
43.0,78.85856498979263
62.0,62.08555363465587
62.0,75.62901786041908
67.0,72.23141744856906
67.0,84.94548773245009
62.0,66.48125710406663
62.0,42.46179582211374
54.0,56.121595536997404
54.0,65.34040413839392
59.0,57.01198568311952
59.0,70.62846421547886
62.0,63.89940398118574
62.0,71.35294466055262
63.0,71.1400648709847
63.0,57.24888167228937
53.0,52.56055254214999
53.0,24.74755186904207
60.0,67.04470066950233
60.0,70.2964142150417
61.0,63.940976037799715
61.0,75.86054924428356
71.0,75.6140569715119
71.0,65.55139498181461
69.0,74.17901290487873
69.0,73.97668796108684
79.0,85.65262904010183
79.0,73.83003110451244
66.0,66.97094876816573
66.0,70.51766949013103
56.0,58.927527095002915
56.0,25.588593697154863
47.0,46.297004643923856
47.0,70.83456452219895
71.0,77.70253754385459
71.0,55.68330669809205
66.0,72.81256968709266
66.0,70.32541730454199
79.0,88.0347102003488
79.0,71.98459077939162
66.0,70.67162378079757
66.0,76.46327510270368
60.0,62.23931784712994
60.0,37.72156834355337
65.0,67.60157227483228
65.0,89.79085729795378
52.0,52.961524304684644
52.0,76.16306731106766
72.0,74.90184254878852
72.0,60.75321063377578
79.0,84.44463301222089
79.0,73.75973651255038
70.0,71.66173240105275
70.0,67.7443435208811
72.0,77.04349797957508
72.0,36.316814848928516
48.0,47.80290331296703
48.0,23.091896523732828
69.0,75.58294295304944
69.0,85.45287802441652
70.0,75.36110215300772
70.0,85.22713705224311
66.0,71.21066066500111
66.0,13.149493449591603
81.0,87.86109039015099
81.0,44.403470032865926
58.0,57.75329584486599
58.0,58.080863087370915
59.0,61.14090684188358
59.0,68.85418423727964
43.0,41.41565912172467
43.0,78.37935497794894
44.0,36.33564688448246
44.0,74.83522237995754
64.0,65.82442660558337
64.0,69.89789546011201
59.0,58.23289162508064
59.0,60.85965114435493
42.0,36.261641054926145
42.0,56.54674295517907
47.0,48.125669251982
47.0,73.68782175392437
78.0,82.78674185093621
78.0,86.83518272734005
70.0,75.99880484305169
70.0,47.149376079929766
64.0,66.20710416144397
64.0,75.76596132784584
60.0,61.33149579127098
60.0,70.83219148436342
67.0,67.64082509744446
67.0,51.00120325761969
53.0,50.464090220019386
53.0,40.43239172439405
49.0,48.3974178322415
49.0,23.028900673092608
69.0,72.62214830120797
69.0,8.535551468367487
62.0,64.5782585618665
62.0,71.67513506800015
63.0,63.05634216826678
63.0,80.91721969355484
22.0,8.837468583549764
22.0,69.94349201154836
60.0,60.02567315725622
60.0,66.44403320697842
73.0,77.93513923439394
73.0,67.9594025903761
74.0,80.39383069621687
74.0,79.82296767941335
47.0,46.182602575979615
47.0,79.35954749897155
77.0,82.4726768172423
77.0,47.6698314692938
64.0,64.65815444894855
64.0,84.48628662200713
71.0,77.77872253677248
71.0,67.83346215595577
66.0,71.22686461226698
66.0,48.80983388799933
55.0,54.44482626480476
55.0,79.39570382030729
71.0,75.02373257962103
71.0,65.63258270809365
64.0,70.30629836333003
64.0,38.90790964356671
69.0,76.1434648630742
69.0,42.098684985891225
32.0,21.98972483323746
32.0,77.1367918008686
71.0,73.64596915576988
71.0,76.41825743377751
63.0,67.9436328266085
63.0,57.15312465800616
77.0,85.2109007986437
77.0,62.882272942666305
77.0,84.38875455674832
77.0,79.07841181700263
72.0,78.66387430630203
72.0,70.616308825707
78.0,85.03552087198716
78.0,58.10799192419864
48.0,49.25124473978809
48.0,39.72155864741762
63.0,65.68859323168823
63.0,81.06644937532178
53.0,56.54059516925372
53.0,79.47956128276843
72.0,79.08228149660374
72.0,87.19042197697053
47.0,50.30752630690358
47.0,77.32532358264768
65.0,65.15876834606365
65.0,71.52601292888721
50.0,51.42645724093319
50.0,68.2978675274951
59.0,60.72917097490091
59.0,48.391644004932516
13.0,-3.533005803624178
13.0,75.31287694991323
73.0,79.1711256397798
73.0,2.0139813547912127
60.0,64.49262733547664
60.0,64.3646407044406
64.0,69.65263566410852
64.0,75.46636742003136
74.0,78.34540417742653
74.0,78.50694248088541
63.0,65.56468691121069
63.0,83.60269372654471
80.0,85.84705649982925
80.0,65.86135029388674
65.0,69.18651410075523
65.0,74.51479920197335
67.0,69.86193432919913
67.0,58.82443212219266
69.0,75.10842829159589
69.0,66.74984684496604
78.0,84.33233339631482
78.0,64.56578106252164
69.0,72.47937576537771
69.0,77.32759145396585
71.0,76.32004795131024
71.0,63.31778394737245
75.0,80.12475927990619
75.0,67.58564485615852
70.0,74.73402543124854
70.0,82.53808439800156
71.0,72.72641480715265
71.0,42.29128696961544
73.0,76.04709565823941
73.0,72.52983517023421
64.0,67.89854648791317
64.0,40.598000044365335
37.0,38.98804225011696
37.0,60.69430336186082
75.0,79.22949820559313
75.0,19.706799426824205
67.0,70.9257208053491
67.0,69.05001821134397
81.0,88.17180088320629
81.0,42.887132207593595
16.0,0.10358478119565007
16.0,60.105391188932
57.0,60.40310840109419
57.0,28.022354913432366
50.0,46.726252833485205
50.0,75.15639093411937
48.0,52.45979500500897
48.0,79.6501680300957
51.0,51.92244230593087
51.0,42.25080640699912
72.0,76.37946809235547
72.0,44.71528755545518
26.0,13.130236020984228
26.0,84.4758641325003
62.0,64.70748975950943
62.0,87.8832684530131
41.0,37.90873138043884
41.0,66.52884977620079
42.0,35.71347656827703
42.0,24.083989472149653
52.0,51.874762940548464
52.0,76.81035602130953
51.0,51.23776160732899
51.0,56.63389533922782
58.0,62.83961363114224
58.0,44.85641004096789
58.0,64.1766407139412
58.0,51.804570924038615
72.0,76.46113787226471
72.0,54.77433231388699
49.0,47.975558335055666
49.0,36.34457429834373
64.0,69.30428337417402
64.0,75.82014537316428
58.0,64.55481454133036
58.0,56.56909842139129
70.0,77.45910603343043
70.0,31.14917079535701
23.0,28.45207365747069
23.0,47.21931508240027
64.0,72.45166339517061
64.0,73.69200553695566
44.0,43.888025862824236
44.0,86.66670982254323
35.0,32.07709411315193
35.0,82.58615470457255
70.0,73.31269551529437
70.0,37.06464862671362
65.0,67.37935342837665
65.0,68.03253714646951
62.0,64.33108959994092
62.0,30.247057145733947
64.0,65.59573661362703
64.0,79.8435302297001
77.0,82.0942740585283
77.0,57.48014681613415
39.0,36.959184568767114
39.0,73.35973025461129
60.0,61.09059879627114
60.0,52.32517530258349
74.0,78.94899622591373
74.0,53.47118823212793
75.0,79.18277907042727
75.0,65.05233366977927
68.0,71.63633569614933
68.0,70.83161307420926
64.0,65.38558429475881
64.0,81.65057359964425
53.0,50.13298391071504
53.0,36.476137238614854
72.0,74.71358142836573
72.0,35.71691582212111
26.0,19.77404557010982
26.0,80.66900412357023
69.0,77.64299509749691
69.0,76.69527073682269
62.0,69.3061299225534
62.0,72.72450468358409
69.0,74.85260360397007
69.0,57.31988335636726
43.0,37.41790439514307
43.0,68.86085006570903
62.0,64.55576511224058
62.0,66.21711298590179
57.0,63.889801756841166
57.0,70.32919749667053
60.0,59.833159400374655
60.0,89.94659633795055
67.0,73.65535921815109
67.0,35.27933225926324
59.0,61.40582859611487
59.0,62.660531761154914
42.0,31.968925651971176
42.0,70.63758408189074
43.0,44.83941985988673
43.0,78.2874246641361
71.0,79.43223953456828
71.0,34.96840723768685
78.0,85.38950529590863
78.0,74.74337836156417
53.0,59.89321925867313
53.0,75.31460164340155
78.0,82.34832590228342
78.0,74.24306075324
82.0,89.39836564678086
82.0,72.32699582140344
76.0,83.05051750287367
76.0,67.30741989616547
49.0,52.17411974954979
49.0,69.54781481995826
56.0,61.30790724043135
56.0,58.073512371756806
57.0,61.25811872351284
57.0,63.87325982539954
59.0,57.91114028268868
59.0,76.83192111370448
70.0,75.46567050284801
70.0,76.06769794249459
61.0,64.45581682441497
61.0,66.234368780843
53.0,53.312099219542745
53.0,59.328100481785384
54.0,59.05197447644565
54.0,69.57650181454363
65.0,69.20316275304384
65.0,62.600435795323506
54.0,57.40573062322409
54.0,59.19924692975599
56.0,57.761432855934856
56.0,73.97693541773458
61.0,64.41207535169917
61.0,59.279673225012004
57.0,56.98763328404482
57.0,68.66267274117655
47.0,40.698335222779406
47.0,42.26579134805041
78.0,82.08264772733406
78.0,84.56457461677053
30.0,29.385648024513102
30.0,81.43956760127804
47.0,47.89357229286338
47.0,86.81225991642998
75.0,81.1156952601857
75.0,68.54446720931554
53.0,54.55562032423069
53.0,69.43400855730096
69.0,74.27743054910661
69.0,81.05769188391787
62.0,62.81809547901332
62.0,40.59314930414149
58.0,57.70635365052851
58.0,83.91566108387599
55.0,54.1294106519573
55.0,49.581342404790746
49.0,48.02149763223957
49.0,44.132121024665196
44.0,47.91352907905855
44.0,61.62294942081712
73.0,80.8673855883572
73.0,65.8558419597295
63.0,65.10245783014705
63.0,64.45652712728355
51.0,50.38635950530852
51.0,53.96251653471688
46.0,51.32299995997437
46.0,65.84009331221029
67.0,69.36449028256294
67.0,71.87684930413184
65.0,69.13734384672824
65.0,53.23023063567558
70.0,76.88063334480148
70.0,69.2638449393574
33.0,34.16036669723587
33.0,8.070832027940867
69.0,73.15055446079225
69.0,80.29487735962863
65.0,64.16005631735129
65.0,79.67236505157456
69.0,76.32179879513046
69.0,61.552652832729336
35.0,28.62472424214002
35.0,69.08931189288444
78.0,86.11471112929166
78.0,74.31640224500075
67.0,68.06654858534358
67.0,90.40570527986227
76.0,81.49801643267341
76.0,68.47151584200532
47.0,46.492756464402476
47.0,70.95769737791392
46.0,47.86755072222422
46.0,56.41543597915722
73.0,79.30825956138949
73.0,65.14937954250638
72.0,77.64603863628815
72.0,77.9910849033958
35.0,31.110471182933964
35.0,71.62131336967047
34.0,38.951437214196574
34.0,86.51565121402615
62.0,65.83069900963363
62.0,68.87795882926434
75.0,76.74251312184157
75.0,67.94157282368155
62.0,67.60281971819052
62.0,40.073194191094274
54.0,54.71058790847445
54.0,81.01195811068897
74.0,82.2006855406662
74.0,49.044822396624284
62.0,64.87871180605083
62.0,64.39745750675365
56.0,63.28463897105121
56.0,38.832111260710064
22.0,12.310098071152197
22.0,71.90692502184305
45.0,42.27287994295369
45.0,27.429955929855737
68.0,72.743546678825
68.0,58.14448491824379
57.0,57.577026829023566
57.0,34.110548859780295
17.0,0.22770129404602812
17.0,79.43820938960147
74.0,80.75012602009411
74.0,64.36797992709398
38.0,32.31105404092756
38.0,82.64017993986153
57.0,53.24050494983021
57.0,72.33670756843179
63.0,68.2213863612335
63.0,66.62326074658142
66.0,73.92338264688084
66.0,77.70452203930108
88.0,95.68165440491657
88.0,25.54821461745712
80.0,87.69120647733428
80.0,87.27242309082897
59.0,65.13711070839196
59.0,31.689542355247795
65.0,64.23174794601596
65.0,81.63378052561819
67.0,70.05499860933725
67.0,12.239452779815053
72.0,77.22549152427376
72.0,39.5187248914865
36.0,36.417453557407555
36.0,69.09587852098974
60.0,59.979081760969564
60.0,75.87002561766968
59.0,60.09822953019142
59.0,58.55927267425045
71.0,79.59496218932645
71.0,74.25768739104745
82.0,91.8437142168662
82.0,77.3163707230458
35.0,32.296499905475855
35.0,22.503126666488754
50.0,49.9813150420772
50.0,70.56394945721144
20.0,12.898598075194286
20.0,7.23075703853624
63.0,69.07390320711238
63.0,20.126530097530065
46.0,53.66235272340526
46.0,59.014274604131174
40.0,36.04738928500694
40.0,77.10223860913106
60.0,63.00396490386345
60.0,64.14517982782263
62.0,68.0147475911408
62.0,81.54782719532716
68.0,73.3543816468507
68.0,58.618535756957215
46.0,42.09706924166187
46.0,70.28501998327658
48.0,48.0433911354134
48.0,49.05299820431401
76.0,81.63006114623494
76.0,69.13622619592195
61.0,63.75345805102188
61.0,61.82798534507634
65.0,67.08901665721493
65.0,24.928633963306595
82.0,90.72984230958309
82.0,86.1502006653709
72.0,78.19808227118324
72.0,64.38548253754101
40.0,40.25097052893341
40.0,60.63745522251713
63.0,68.81373830265619
63.0,41.473761529833155
73.0,78.85190519453522
73.0,35.061930980132104
42.0,43.17719110885963
42.0,74.33723334827556
69.0,75.24980878342978
69.0,63.928227760336995
66.0,75.34960132276149
66.0,53.94450026544371
50.0,49.47063369071299
50.0,66.13411847766457
38.0,36.2911559029497
38.0,63.59955866952157
63.0,65.71153762979907
63.0,64.7758764433546
79.0,86.72489321221559
79.0,81.78152866797228
56.0,57.69194305476657
56.0,76.71659679932355
40.0,36.45927289513054
40.0,43.62441278268989
73.0,76.13785196657517
73.0,70.73518313890014
77.0,82.82625885905037
77.0,28.37412705087877
57.0,60.02014587118242
57.0,79.85185805714542
63.0,67.39042911707071
63.0,77.53298696527884
63.0,69.06469303039239
63.0,80.6221804749897
34.0,38.42528601245817
34.0,67.45478342288311
44.0,53.16662974145953
44.0,14.873404033237819
44.0,40.54042314270646
44.0,35.29122721556331
58.0,62.11291304668549
58.0,76.84406118063214
65.0,65.13191971454614
65.0,50.400538854448996
79.0,84.15206915251406
79.0,72.55220528522534
77.0,85.16424108458267
77.0,89.61034533032688
57.0,57.93369488448445
57.0,75.66998388448104
58.0,58.66832218654645
58.0,64.80139781154361
64.0,67.62897485115832
64.0,57.91889973764319
45.0,41.58195548684898
45.0,65.51141430798856
58.0,59.49262062032017
58.0,55.6515010420606
37.0,26.493478809351984
37.0,28.22755578306146
66.0,66.66518543092457
66.0,63.80718145981018
75.0,79.68133461472564
75.0,67.34389188441924
53.0,53.71620728679346
53.0,67.55013353639396
62.0,60.1007884788807
62.0,72.81460443963465
59.0,63.55186313194696
59.0,58.96616348724734
39.0,42.44100955686952
39.0,25.312478324759695
53.0,45.15127515221252
53.0,77.69733430662347
72.0,77.05266913255696
72.0,71.56704204741209
65.0,70.94870702439783
65.0,39.03348692137149
67.0,73.90105940706803
67.0,64.93221608876792
67.0,71.30389515532892
67.0,76.78171252817134
34.0,24.4628884255564
34.0,52.30034767959893
69.0,73.56620355130201
69.0,58.76112206594212
54.0,56.21649880749459
54.0,72.42079928379474
58.0,59.904821577060716
58.0,54.50856733122066
76.0,81.79765275340685
76.0,60.600994243161495
48.0,49.25211699321545
48.0,79.10189380598212
86.0,91.52057911012508
86.0,63.08338886821468
61.0,67.06582004544248
61.0,87.84561229330734
77.0,83.8673308564928
77.0,84.3188733520596
37.0,33.43792601234355
37.0,30.382559876004052
64.0,68.68232436282449
64.0,31.016830130331982
49.0,42.99752276225303
49.0,60.346153804059384
65.0,67.03951511521467
65.0,64.47510365672474
54.0,58.895604314706134
54.0,78.13848722484477
47.0,41.90136639118981
47.0,58.382982831073946
59.0,65.65287542849671
59.0,52.42913395644865
35.0,33.6564761786135
35.0,81.60600759305908
70.0,75.87222584824497
70.0,83.34266881975162
70.0,73.77546542369345
70.0,61.541362178861846
14.0,14.848690393458241
14.0,68.58598799680203
68.0,72.7014573768439
68.0,69.91033231108281
56.0,55.00861085208288
56.0,84.58166908752958
71.0,77.5186016537491
71.0,64.2792783504259
42.0,39.77614390994023
42.0,77.67328260438899
30.0,25.765555890827216
30.0,59.11002747153145
73.0,76.28519568949599
73.0,73.85346335833452
68.0,76.17570682213699
68.0,59.003238187991656
63.0,63.97860043961509
63.0,44.004535167640256
57.0,60.41763114046398
57.0,61.576763985676166
56.0,61.066843290103975
56.0,82.31662408856346
40.0,36.23181170162809
40.0,77.74401039468285
44.0,48.02495927714864
44.0,41.68932379157485
56.0,53.43820765261506
56.0,90.35304332077033
76.0,83.10512243721536
76.0,76.68768886363046
43.0,48.530244638185934
43.0,70.69505852562406
65.0,68.60379834728826
65.0,55.4407134194243
74.0,79.33648562331547
74.0,58.324106910801106
66.0,69.14090107013192
66.0,33.356189318793156
61.0,65.69289910604516
61.0,31.584273139002732
69.0,73.82288766850763
69.0,72.55155323236067
40.0,36.68380046191402
40.0,72.3461006412266
55.0,53.324981252815974
55.0,36.092919254334674
61.0,65.09280607986517
61.0,76.66674316696975
80.0,87.54596253503195
80.0,59.29682266384634
64.0,67.7184690552607
64.0,37.45585883458733
41.0,42.09452662605537
41.0,37.392879122386034
48.0,48.368320759728704
48.0,40.7927071346615
68.0,72.1119809019267
68.0,73.45004729539164
66.0,73.50003886430846
66.0,43.855602420841706
68.0,72.35231538125407
68.0,79.45677263173587
43.0,45.539010325984236
43.0,84.74755902140623
57.0,57.921288320005544
57.0,65.21846661602564
55.0,55.95003905552221
55.0,57.130029861469495
71.0,76.96614650066067
71.0,41.711445097110754
70.0,73.02850300697304
70.0,89.22932290619337
48.0,43.03291144352363
48.0,72.41481322137713
63.0,65.86487459113204
63.0,60.10832904784945
74.0,81.37268060057892
74.0,74.56152131277605
41.0,49.11726594102953
41.0,51.02684885743065
78.0,82.02436078313974
78.0,69.59740145757803
36.0,36.50918404352393
36.0,78.92383453666702
66.0,70.71738456894775
66.0,60.76973698229796
56.0,55.414116673357
56.0,38.298268151398645
39.0,41.13420597790764
39.0,69.97072911101202
17.0,9.844842484418848
17.0,68.12503166025249
71.0,76.84143807152338
71.0,78.62687635094863
79.0,87.0272318235501
79.0,81.60245657530999
65.0,73.77987380354176
65.0,77.52339949027152
61.0,67.50078758035602
61.0,74.25793482273798
63.0,67.32048155285321
63.0,23.768623291871677
60.0,64.02336473639627
60.0,69.02072649194929
41.0,42.11228701044786
41.0,61.56624427035831
49.0,45.34115415874459
49.0,51.262019091423326
27.0,22.445100812763712
27.0,33.174933762203466
71.0,76.55414897820583
71.0,68.1636509557029
12.0,6.7799659009361335
12.0,87.06014468095071
68.0,73.06057109116512
68.0,64.26989195198126
66.0,70.97770916149494
66.0,71.34456839152438
67.0,75.49866085224903
67.0,60.351274484606506
68.0,72.7527167912944
68.0,18.933211663410702
77.0,81.49505365031922
77.0,49.205095890181326
59.0,62.18676615589118
59.0,60.02299025351317
67.0,71.28456794852139
67.0,39.51546466722738
31.0,40.44867412521302
31.0,70.31837115429113
63.0,65.51113730776979
63.0,77.59501385857646
76.0,82.56748704535374
76.0,68.50643317252724
74.0,81.71879132453876
74.0,12.145789908915788
60.0,63.25811428338852
60.0,69.64187565141992
63.0,66.27387681047514
63.0,52.7349172461997
56.0,62.5460111550434
56.0,77.49366881192356
80.0,86.99210837323665
80.0,68.05621878482901
62.0,67.25036175698926
62.0,71.30204277932677
71.0,77.47352692614317
71.0,86.92802428104937
71.0,76.56943684553966
71.0,63.958577778596464
73.0,80.73061593014842
73.0,70.49791171610536
74.0,80.08977388298246
74.0,80.86158661153752
63.0,68.05854455807258
63.0,83.43946777442898
36.0,36.24654330982304
36.0,83.5682518472264
68.0,72.8986917613737
68.0,66.18211313509227
57.0,56.99785894614439
57.0,74.82262741900036
47.0,44.44019743549126
47.0,81.14730978502041
78.0,83.46349913386337
78.0,52.73062791758923
30.0,28.43395232056588
30.0,70.66140475979944
73.0,79.09137059431072
73.0,70.94896308687856
53.0,55.36315408775005
53.0,19.34393084015312
45.0,49.43474318816794
45.0,57.46115915138279
58.0,58.162242985332625
58.0,66.0687227394667
54.0,61.585471410537934
54.0,75.66808843335241
43.0,44.26234959603869
43.0,76.64035245681703
72.0,76.41664017382686
72.0,65.33333705017526
70.0,75.88023505845791
70.0,69.48384398699955
75.0,79.54456388832705
75.0,53.41015352903048
20.0,18.575193075075674
20.0,49.24822702885865
39.0,34.401628718750146
39.0,83.10099706988552
40.0,37.65251969151086
40.0,62.51772210990549
67.0,73.31741188170349
67.0,31.92808986065438
59.0,62.80836605410565
59.0,74.13515776636376
73.0,79.9169451103553
73.0,74.93785931011212
50.0,52.57553928677589
50.0,45.89873706995263
63.0,67.08073735130637
63.0,69.92109098456285
79.0,87.16185780432556
79.0,73.20835123804261
59.0,61.588792546062166
59.0,27.94561577779183
65.0,66.51612263691425
65.0,39.05646569759699
26.0,25.469509739474347
26.0,72.52355161683926
35.0,27.43245699984641
35.0,14.273867056430902
28.0,22.186793422682058
28.0,43.778334308935996
78.0,85.89226267582046
78.0,83.97957060904673
64.0,67.84938236239583
64.0,76.94553539388005
54.0,52.7416002089156
54.0,68.78813921731097
51.0,53.46680497476035
51.0,59.224451629339626
72.0,79.59189342204166
72.0,78.136912610033
46.0,48.963219284578656
46.0,25.1191039677646
39.0,33.23696896747532
39.0,56.56698071493486
49.0,46.16547624020012
49.0,66.63986806937805
76.0,83.03417764519315
76.0,40.66745711290724
65.0,67.67096031594252
65.0,48.563749743651044
62.0,63.78021060574838
62.0,84.52791984366831
62.0,64.03872289914608
62.0,71.76372317240617
29.0,26.831265828887126
29.0,81.34674331377136
66.0,70.31233964305318
66.0,18.192345178424716
65.0,71.55078716466949
65.0,71.90700819413507
61.0,64.4903811987619
61.0,34.9688679109567
65.0,70.4889640042141
65.0,21.539079993958865
54.0,51.77917268917389
54.0,79.81565059574683
59.0,61.924026295311705
59.0,44.027627107733736
57.0,58.41984333991792
57.0,58.81440875562146
59.0,63.71707149959616
59.0,44.4297829851584
86.0,95.68745192909626
86.0,39.5764887247218
66.0,74.25539409285034
66.0,76.29033079267703
54.0,55.98215591550951
54.0,6.4714785619115105
32.0,27.277514462284955
32.0,48.90283279465285
59.0,61.450614135248316
59.0,86.32472707013466
36.0,35.86975334948744
36.0,83.73465070829582
46.0,49.76421643659825
46.0,67.08903279243395
45.0,46.186917048770056
45.0,54.82242724810715
63.0,70.39437118118713
63.0,47.245094176507166
57.0,57.93301875986276
57.0,52.88522325785567
60.0,66.9980276282123
60.0,83.31827315979416
38.0,32.10738671877391
38.0,69.27307286501946
79.0,85.8351611819075
79.0,83.44796879054428
73.0,78.33380070315485
73.0,67.3472894733527
58.0,61.50906434495744
58.0,66.15195514452716
29.0,24.10115690633546
29.0,67.12681781104044
63.0,63.24343164616721
63.0,59.27733212907299
76.0,81.47448394618345
76.0,47.27270156610189
45.0,42.663780068364815
45.0,76.6459393110693
50.0,50.63466870584256
50.0,79.10528013174087
79.0,87.03143154375596
79.0,72.05117584533036
42.0,39.083606252882646
42.0,79.73887016291951
69.0,72.28832590999656
69.0,77.51783013917981
71.0,74.6253405245364
71.0,53.501924697113054
47.0,46.64616007144656
47.0,54.80681962139988
62.0,65.75516134298698
62.0,41.68620082156633
64.0,67.78892265388112
64.0,59.98449942581885
77.0,85.08052109468997
77.0,37.796475757176836
66.0,73.86658083745272
66.0,39.38775587107608
66.0,70.34551592819383
66.0,35.12923885478921
58.0,61.90908326142488
58.0,33.186187682976254
52.0,52.91399521402195
52.0,58.13304129872466
66.0,70.68378962554772
66.0,86.01777187212093
68.0,72.87291541236698
68.0,39.67446134225179
74.0,76.99794901335241
74.0,75.68710321772187
59.0,62.158602965783814
59.0,82.47243950745803
74.0,78.23871423965056
74.0,37.85385816716382
37.0,41.97289624441726
37.0,54.47749609209217
69.0,74.43839085787442
69.0,76.03344884874764
68.0,73.09999584893552
68.0,48.347974258094325
81.0,87.86196097231135
81.0,74.49737993510178
58.0,65.89365329898561
58.0,69.31296281313058
73.0,79.24599190465307
73.0,60.94770044409694
70.0,76.73806494505345
70.0,77.17653151617924
82.0,91.04599396763234
82.0,61.1333777763453
72.0,74.523283071457
72.0,53.5076788587254
72.0,78.29790816149188
72.0,87.60054839636837
71.0,77.70356280044649
71.0,79.95023219407932
60.0,61.84976134416263
60.0,65.86020058531841
27.0,19.62915387186996
27.0,71.82299408454782
66.0,68.7304006597272
66.0,29.675836442643742
48.0,45.64437624648315
48.0,45.555809464549554
61.0,63.66259477080939
61.0,77.99839568553813
71.0,76.7063622313778
71.0,46.14036087827884
40.0,39.17689606871778
40.0,82.71006251384085
71.0,78.34718340443834
71.0,62.271923436060035
71.0,78.54945610898267
71.0,74.81581356906588
46.0,49.2118082622805
46.0,65.15657237574783
25.0,15.374568855519726
25.0,53.95427351582657
44.0,42.056618487300796
44.0,75.70102434365606
83.0,89.37625891163299
83.0,85.81616814801993
8.0,8.883373449346152
8.0,75.01374765282884
60.0,57.636647102050404
60.0,22.5196313497716
70.0,74.85531278704144
70.0,72.76876655353493
68.0,75.20497262673405
68.0,69.22905290307403
70.0,73.70208129829916
70.0,72.14357094538639
67.0,71.59492498118271
67.0,71.83109568380343
39.0,43.66312877700909
39.0,66.03965476752057
51.0,49.817008298863755
51.0,79.71313080766168
67.0,69.52221696574878
67.0,85.17601250645595
69.0,75.33500378650956
69.0,72.17100464762285
64.0,70.42421664310001
64.0,67.38415714630202
54.0,52.68660468841637
54.0,25.474720734336927
69.0,75.2554121793944
69.0,46.332053306083026
82.0,88.33564364736634
82.0,81.43580177957381
71.0,78.46961844500657
71.0,64.7295886549756
62.0,69.1078380476464
62.0,70.6070204067305
21.0,7.588942442120754
21.0,74.09361168523958
68.0,73.11270871345249
68.0,65.72361665248116
74.0,80.73773346525093
74.0,68.09127896244843
56.0,63.542956954669876
56.0,80.90947440357138
69.0,71.21650846330948
69.0,45.33318961491915
71.0,77.4448168349083
71.0,51.072821070856605
39.0,40.22896067106626
39.0,48.21741742453975
51.0,52.05775646072789
51.0,75.2086537436532
42.0,40.99485339194831
42.0,39.034445230927815
38.0,29.139349307100304
38.0,66.63179485052882
73.0,76.98116410380328
73.0,32.87239816737514
78.0,83.99034587689778
78.0,52.20908847695273
59.0,63.51737049626314
59.0,42.26665904093073
76.0,81.3366607540811
76.0,53.78610039939855
56.0,60.72303296391965
56.0,51.58158011765778
32.0,24.833322697190795
32.0,75.9958360785933
44.0,41.67486845651547
44.0,26.744743832050858
67.0,73.01840067065086
67.0,73.89846837127993
48.0,40.977401611672576
48.0,68.72111809236986
36.0,35.779354259437696
36.0,57.68174294513187
76.0,83.65318643695741
76.0,54.6849390273772
71.0,74.59035923547742
71.0,67.78414164566806
58.0,59.62501359990114
58.0,67.3832897101824
37.0,34.04253254381064
37.0,67.28081805126283
73.0,79.40953914773598
73.0,46.105766186476785
73.0,76.89550681504369
73.0,74.23607998903918
52.0,46.526880063688566
52.0,48.30407210358288
59.0,62.42834329377041
59.0,23.80987192317201
69.0,73.81392369415556
69.0,58.333870712012754
62.0,64.89974495768035
62.0,48.82053277824872
61.0,67.22548045214506
61.0,73.42280522853451
73.0,81.06891692588806
73.0,46.78064222014228
38.0,35.50277079236895
38.0,81.24108583543949
63.0,67.2287477778994
63.0,41.97289624441726
79.0,87.53588873757752
79.0,86.55539905215335
72.0,77.16769302081826
72.0,73.00262652712718
59.0,61.30129720471888
59.0,62.57441914610132
67.0,73.23131048768334
67.0,79.01800012254813
73.0,79.69242396368651
73.0,71.28888812223119
64.0,68.56027516992322
64.0,38.18811220394883
66.0,73.94758667552185
66.0,77.52534152533576
62.0,66.61599615350872
62.0,72.52130531140205
64.0,66.89642859604118
64.0,77.03882244190544
59.0,64.08530511096842
59.0,60.68197044778009
71.0,73.7986562868648
71.0,62.93066961730608
89.0,97.73734532509911
89.0,69.91273625999611
67.0,69.21320665395314
67.0,23.80987192317201
73.0,80.85973706875018
73.0,42.58324361910053
67.0,68.00655008854648
67.0,75.69945957836785
16.0,13.737871587354789
16.0,62.6686546669921
64.0,71.89034754245904
64.0,39.92634692331882
44.0,45.76412418446273
44.0,76.91732266393035
63.0,62.743527222600164
63.0,54.41949040600326
62.0,62.62888844552373
62.0,48.197388632144396
67.0,70.11431123880033
67.0,60.89967225485327
49.0,51.876297122057565
49.0,76.7428393820474
71.0,76.8831067447694
71.0,65.75639511696932
35.0,28.57738700316503
35.0,61.2583681305872
59.0,56.974804635709575
59.0,74.65137366447948
64.0,69.7121661486268
64.0,48.5994444284039
38.0,38.365324638586344
38.0,34.53752592779745
49.0,51.5035422737397
49.0,83.43860616646526
38.0,32.22592890317742
38.0,76.41516058102553
73.0,83.3565229729798
73.0,82.11920658578259
54.0,56.73795347814297
54.0,36.863526797582495
36.0,29.537477629539524
36.0,93.17928283513646
53.0,52.40909645148719
53.0,64.30849860238658
50.0,51.66841662456062
50.0,34.73511939655691
54.0,57.00167302501853
54.0,53.02302970830357
73.0,78.59083369006208
73.0,0.22770129404602812
67.0,70.43988601133219
67.0,80.13239987568596
35.0,32.53889854295511
35.0,79.52018329085331
47.0,49.49702813399227
47.0,65.8930427744694
62.0,62.6519701433956
62.0,29.39437737727951
24.0,19.800370673963016
24.0,86.88536002840686
75.0,80.48525070308051
75.0,41.94831674515996
60.0,63.75604572146722
60.0,73.92718467775012
75.0,81.71495829104663
75.0,76.14331805244257
54.0,55.13215848643807
54.0,73.0059699296504
63.0,66.53500888718474
63.0,55.67578014807475
67.0,75.10066862125223
67.0,68.37164808383625
49.0,51.2873835058507
49.0,29.56313996044281
53.0,56.18945114111648
53.0,67.10568296422599
56.0,60.98186079273313
56.0,37.47471244054458
45.0,44.55806769313381
45.0,89.1159157737086
30.0,26.93166787536586
30.0,71.05189268513988
64.0,68.9986366641823
64.0,74.34349808378352
40.0,38.361491861315415
40.0,81.68936554133705
66.0,70.59450186686286
66.0,56.8326943303739
75.0,79.32761839590415
75.0,88.23078070000668
55.0,55.669609462274934
55.0,67.22548045214506
22.0,16.84211033317291
22.0,81.29866217432715
43.0,42.06416534434749
43.0,84.80247247786684
71.0,78.40185151657698
71.0,87.89703160498709
22.0,17.94033760525076
22.0,45.96405649044988
63.0,68.14295670568555
63.0,64.9831662175381
67.0,69.38004758566211
67.0,63.26508901721053
63.0,64.44148351852868
63.0,58.43281359592788
69.0,74.79017044433908
69.0,53.51527221483332
31.0,31.471404113019105
31.0,61.83655444485129
61.0,60.039398393467536
61.0,30.431181361527592
74.0,78.73858555421714
74.0,68.36497332207466
48.0,50.13771312006685
48.0,44.30940709744874
50.0,58.09095986067666
50.0,46.072311177284575
37.0,37.37287763573897
37.0,16.88688291864179
59.0,63.64460409439209
59.0,40.913144886845146
66.0,68.33101288816891
66.0,70.19469261781637
69.0,79.16729536338556
69.0,65.38094871627351
19.0,4.859498381243782
19.0,47.71800627977035
53.0,55.39252958545296
53.0,92.14562680848769
60.0,59.913308087359894
60.0,56.33820172123603
36.0,32.023078898403696
36.0,84.29764040065271
28.0,27.751831178841144
28.0,36.45973828130792
67.0,67.51301826258214
67.0,67.92190603201226
66.0,69.29652508464204
66.0,72.12390229547805
63.0,69.86379268048864
63.0,73.34661524239596
75.0,79.77946860406774
75.0,66.88299767846257
58.0,61.200965546839484
58.0,66.24943602537212
75.0,80.34803028326638
75.0,67.5388842014948
59.0,67.51355285860302
59.0,63.995866663948846
72.0,81.60952105996478
72.0,74.38804076892183
71.0,76.12319188604295
71.0,22.739695812334503
65.0,71.301865457475
65.0,71.73425191276954
61.0,63.27602770698604
61.0,79.1919517784861
49.0,49.3192073392417
49.0,64.26597214570762
39.0,39.123206598734896
39.0,77.19298795972486
68.0,72.15310110917619
68.0,82.91363392658292
64.0,70.6514817675918
64.0,37.147961754123514
70.0,75.09627147826217
70.0,29.262901155270583
74.0,76.97126147390236
74.0,58.964836729961576
62.0,64.78007236157634
62.0,50.321878265761654
54.0,58.00599872075867
54.0,73.47598072971454
74.0,80.46535150833853
74.0,71.35054037357156
64.0,69.02311620857552
64.0,70.14135226768508
60.0,63.82354445994008
60.0,54.44277035214361
65.0,67.67437529727755
65.0,68.73243874824277
45.0,41.656828462165834
45.0,54.556471015713726
78.0,82.89736561194849
78.0,65.53528574434256
78.0,87.09537367062785
78.0,63.764096531312646
60.0,61.62935747853135
60.0,42.18484108474934
73.0,79.78109637652005
73.0,85.70907724748872
67.0,72.16069486136593
67.0,83.11020498191152
73.0,78.20993166911978
73.0,92.11508035257975
63.0,69.78332194147623
63.0,70.91715171012436
68.0,73.15891281238959
68.0,81.22379871135001
41.0,42.05379553906323
41.0,52.74698264267823
65.0,71.01038731450296
65.0,63.75309284717332
28.0,21.158140053093973
28.0,89.45189199992626
71.0,78.77600615156342
71.0,79.57914104485184
73.0,78.95198591507813
73.0,46.66749631006559
38.0,31.16388300103779
38.0,69.54719435420577
48.0,47.248581859760804
48.0,39.34059302311914
65.0,68.9834632221336
65.0,71.59782520987926
35.0,26.44152380156629
35.0,79.57306737549953
77.0,82.88451607531329
77.0,63.000821806826764
55.0,54.91956558216822
55.0,74.30135800076533
54.0,49.78163491493467
54.0,56.768918992039914
62.0,62.28741075524778
62.0,37.665517763609216
69.0,77.27352605007076
69.0,79.73052919344525
52.0,51.77152868959706
52.0,58.80535097835423
41.0,39.32368416786784
41.0,72.77362831037556
42.0,34.50019376879703
42.0,80.15598507700895
58.0,66.66987184110371
58.0,78.59783974731931
64.0,67.27270507104112
64.0,41.06119225775103
46.0,48.04666411611419
46.0,66.61995794914287
80.0,86.31432453055913
80.0,49.02263572788439
68.0,71.63355885389359
68.0,78.50363981545695
59.0,67.98114822621295
59.0,38.37258934885921
58.0,53.752544425738336
58.0,67.323413770596
46.0,52.26962303656961
46.0,71.21807255851587
37.0,30.79945694817826
37.0,18.443443247619314
51.0,46.00926733510374
51.0,70.05004630746186
54.0,56.3076464476797
54.0,49.773198794900736
68.0,74.03963975686821
68.0,68.63884261897465
53.0,51.920897133428184
53.0,69.44895721638295
62.0,66.15945576380813
62.0,57.57696410517741
63.0,68.98735406585291
63.0,90.30590763737678
60.0,61.84676239679203
60.0,76.83377655526573
61.0,69.39915929041524
61.0,77.63732727136102
58.0,61.872699368435065
58.0,47.736583118570934
39.0,35.4528154308511
39.0,50.58169027220106
68.0,72.18192586090987
68.0,52.21459934338856
76.0,80.73250539089696
76.0,49.842051984564534
72.0,76.36565524534785
72.0,85.85268250992169
57.0,53.864590185188206
57.0,60.01117582795848
46.0,47.7835081106619
46.0,83.33828928670636
44.0,42.721521962799216
44.0,61.08171434294684
52.0,46.77754736951374
52.0,59.54486258001458
69.0,76.16729795861602
69.0,54.88697896692071
69.0,75.42333436118685
69.0,64.52216700513202
76.0,81.7894017190884
76.0,61.37040533654266
48.0,48.06820214148263
48.0,67.14215731657055
51.0,48.378935707175344
51.0,71.4811261978441
28.0,18.16012869695578
28.0,68.4136246989687
49.0,50.55363268271168
49.0,75.48885108123272
77.0,82.65494597087172
77.0,63.886363314515904
78.0,84.56468701408022
78.0,35.532385555718804
77.0,86.66536212107155
77.0,59.444973871008585
35.0,34.83742742262734
35.0,53.522469561001685
75.0,80.7275030612621
75.0,51.30667147328444
43.0,40.274801577316055
43.0,72.98319570360331
67.0,72.69602520842494
67.0,75.06844065968704
51.0,52.43157425992723
51.0,42.834122852714984
21.0,22.11978057258284
21.0,68.29797748035264
56.0,58.039591287914675
56.0,51.96165579999422
61.0,64.24477019321597
61.0,43.772329748359596
75.0,80.96364672987278
75.0,79.70514311297319
56.0,58.12764154948661
56.0,49.240487818490635
63.0,70.26387604837453
63.0,47.48682469521583
54.0,49.3081193944098
54.0,82.43137321150198
67.0,71.542583488417
67.0,71.95494868751967
70.0,71.77414405359735
70.0,62.94165951011445
79.0,86.75972220212537
79.0,66.5751723733207
19.0,22.25009106755448
19.0,28.70537082560054
69.0,75.53036840482486
69.0,72.64842945764218
63.0,70.48181740588166
63.0,57.48849534762769
54.0,58.03854045695914
54.0,81.4775781060967
58.0,59.89130351011289
58.0,66.99523476041242
61.0,64.92766447059739
61.0,24.689688662857577
68.0,72.23619599184826
68.0,79.54859805896609
60.0,64.98976200514704
60.0,78.24307310131769
48.0,49.25211699321545
48.0,74.05087274609082
73.0,79.31689266733468
73.0,26.616991005455475
69.0,76.19666388110159
69.0,26.244378201302027
63.0,67.41876491011664
63.0,37.614851235645745
23.0,18.31515461749825
23.0,44.146906905825574
69.0,71.34285328556115
69.0,62.75420954258209
54.0,61.04860721188288
54.0,43.66602724221201
60.0,59.62137526430769
60.0,83.86707283425682
61.0,64.1189007101433
61.0,56.83848780235729
65.0,68.6164627598348
65.0,56.55378832091088
64.0,66.05427972240369
64.0,59.442100300113054
68.0,72.73472445771921
68.0,44.07728298559459
19.0,0.5229625377959906
19.0,87.74567601198208
61.0,62.61609458576174
61.0,88.89819150632536
60.0,62.360289528017745
60.0,52.38539282519844
74.0,82.61764506183204
74.0,43.27073073074678
69.0,72.17951846466076
69.0,82.9540351358354
67.0,72.03987767638483
67.0,35.18740415696044
75.0,82.37957195339175
75.0,80.66358698581428
70.0,74.22400779131925
70.0,50.04028715321658
49.0,49.81886068232245
49.0,34.70721212342477
43.0,45.31921529357135
43.0,57.52839719110955
70.0,75.07159378505327
70.0,30.612777212664582
69.0,74.12736246428176
69.0,81.9222772504686
54.0,55.53832887904542
54.0,59.788487850060335
67.0,67.23152594525521
67.0,81.74376706494007
67.0,68.74472854445696
67.0,70.06423259869649
37.0,30.382982077825943
37.0,49.62081366184441
75.0,80.661594891748
75.0,53.083686106492394
45.0,50.62914154533297
45.0,74.90195246358587
54.0,50.273716809096356
54.0,21.887013904397236
75.0,84.76393101391915
75.0,68.25707142256408
57.0,54.89867344325819
57.0,66.63423189967386
24.0,22.0345196277612
24.0,51.398998529452285
73.0,78.02547580724195
73.0,63.886926215320955
48.0,45.861128244789825
48.0,31.542311016820406
47.0,45.03830506199864
47.0,85.3571689103386
55.0,58.15819879860243
55.0,51.936921862705105
57.0,62.22748669140822
57.0,49.711662389513094
75.0,80.98295528568775
75.0,81.52265444082661
50.0,53.48726227904734
50.0,17.29713771389561
67.0,71.5495432781293
67.0,74.59779582318333
65.0,71.52663194841415
65.0,64.01933178151984
77.0,83.18718761192292
77.0,36.53802815120429
68.0,74.53257359969808
68.0,87.42639186795628
64.0,65.01876369653223
64.0,77.47094147027752
59.0,64.51434723020884
59.0,60.390459228814564
55.0,57.89331822435082
55.0,74.5031759380413
73.0,76.65748515383308
73.0,75.10494585503824
24.0,19.44290396635722
24.0,81.4386710309376
41.0,36.51409653724596
41.0,64.78458243003746
50.0,51.38275376451895
50.0,35.82152486359627
29.0,28.111969114077567
29.0,75.3702566496188
47.0,42.065471871007105
47.0,76.48584151843147
71.0,74.543953888239
71.0,48.69668420844005
77.0,84.4137062750113
77.0,62.5434803866612
71.0,78.39502395019252
71.0,11.029799285342506
76.0,81.81644860479543
76.0,82.7559862151802
60.0,65.2293875561075
60.0,63.042689438492346
45.0,47.85700578836247
45.0,71.3758738899457
77.0,83.27950158325251
77.0,37.67859949432557
65.0,67.1264587100597
65.0,31.740462938424685
71.0,70.83668646046215
71.0,70.27350433129044
61.0,60.28367558412094
61.0,76.0990308737372
81.0,86.5950699592587
81.0,50.056398733801075
63.0,70.63440486786095
63.0,48.43885180226869
38.0,28.920069176206596
38.0,72.63284936900271
61.0,65.01534186813217
61.0,80.77105126661723
67.0,71.14491273116937
67.0,82.68471369880888
58.0,60.93112962132727
58.0,60.24087930708873
70.0,72.94904450018186
70.0,73.14242436658145
81.0,88.0551223079915
81.0,67.46350168822391
81.0,88.25034475397729
81.0,63.60449910436279
60.0,61.251831883213754
60.0,70.07184252453504
21.0,21.63972526135558
21.0,2.2780452908085635
48.0,47.230380731932314
48.0,60.61414653095943
45.0,53.34277393328165
45.0,38.297338639388386
72.0,77.96096907513999
72.0,58.29324174144938
58.0,58.44654943311036
58.0,11.938811329667658
66.0,72.19299619988118
66.0,40.618333621993656
65.0,69.78790707034437
65.0,79.94648677086144
57.0,63.18301909163148
57.0,75.74576166322686
66.0,68.12178488366271
66.0,64.60969256947044
55.0,55.240380641982256
55.0,71.39461199905384
66.0,71.69563419668134
66.0,37.02464000982695
70.0,74.38404779188579
70.0,53.59821841763744
50.0,51.052596182168486
50.0,35.62190863252869
43.0,38.792823160330386
43.0,63.801761373555394
72.0,78.1948247850446
72.0,78.47260488087107
60.0,61.14534369535073
60.0,39.53423890891548
57.0,63.44472593720059
57.0,47.5446403074007
43.0,42.865051485079675
43.0,25.208535866477007
54.0,54.547535554626506
54.0,51.40529250192645
63.0,67.05558006003457
63.0,57.21442070114023
54.0,51.33819578924107
54.0,46.84469163752334
54.0,56.774950168684995
54.0,74.09018858969603
62.0,68.62568340452731
62.0,41.63750727311026
48.0,51.37464261309742
48.0,28.850134930076308
51.0,54.10066526001361
51.0,77.71843943606746
83.0,88.30459074537009
83.0,31.245332876014118
72.0,77.28300603997707
72.0,65.9653477405472
25.0,21.63972526135558
25.0,66.72899750380418
64.0,66.82391658174379
64.0,68.7797815787556
62.0,65.72773980900854
62.0,6.757309775429178
33.0,33.6226851701619
33.0,16.408052040922428
72.0,76.03860521500764
72.0,54.1052680710913
73.0,79.89821340039379
73.0,36.126749282673586
42.0,35.480190425234014
42.0,78.53934755139204
61.0,62.470837598799505
61.0,63.679975089470645
64.0,68.31504407544486
64.0,78.33692397593597
84.0,91.44310671429008
84.0,74.68203427330661
51.0,51.24818200415808
51.0,71.04785745411658
58.0,62.695997597607175
58.0,63.58671703605626
58.0,65.42445458788256
58.0,57.26114287650762
67.0,69.56015164988747
67.0,31.14441507987857
80.0,85.59528089354853
80.0,87.26459141951966
5.0,4.152242942361852
5.0,81.36028327646284
69.0,76.73209712413535
69.0,83.36489926607351
63.0,66.67118666635531
63.0,61.9865282898225
63.0,63.25912878132954
63.0,60.35374248615665
73.0,79.54247256854336
73.0,44.722930039886705
69.0,72.13856553317407
69.0,23.336797351649807
66.0,69.47240469876539
66.0,46.83768878780808
73.0,76.9523567210727
73.0,72.99867823954975
64.0,66.60359335526749
64.0,58.317483905936285
45.0,47.37705035242317
45.0,36.17408708075192
60.0,62.43999427694382
60.0,24.32615002154921
74.0,81.18453659684855
74.0,60.58620175278821
72.0,77.59072030582865
72.0,54.94722305785973
48.0,55.063531761932836
48.0,70.94317120264014
66.0,67.67297685198969
66.0,37.81237699274817
58.0,59.12830868688411
58.0,68.72755758322404
64.0,67.97428659914004
64.0,20.30065465216842
69.0,70.83950868011453
69.0,56.98433192336279
16.0,7.278759213993055
16.0,80.02492151480067
86.0,92.1522852396655
86.0,86.73627934300418
46.0,54.6380889148578
46.0,68.65726519709136
72.0,80.57667492484143
72.0,73.72138798818224
55.0,55.09424906178856
55.0,64.87645795080635
40.0,40.66775077877418
40.0,87.45660538017438
55.0,60.93490743432608
55.0,41.7746282185924
72.0,77.92635649584423
72.0,73.40474014502786
33.0,29.670839754998553
33.0,86.1817573899159
79.0,86.26006385434368
79.0,60.80249917650019
40.0,47.01089868932098
40.0,64.01149379638014
33.0,32.01740560120544
33.0,60.66262227822938
41.0,39.29649449051573
41.0,44.35975636672703
69.0,75.08682184230861
69.0,78.69695202454642
49.0,52.48000371827601
49.0,33.2633415094279
66.0,73.90518189946937
66.0,75.66461165924295
51.0,50.21974516644099
51.0,69.84180228620471
72.0,75.47812259169672
72.0,75.1757887259821
66.0,70.99252978855719
66.0,96.48775450969924
84.0,92.90874399458886
84.0,72.43567273236744
68.0,71.25893331000015
68.0,39.10178981129411
12.0,7.328528252081583
12.0,53.167328215627606
65.0,65.6971866075292
65.0,73.82764630743912
73.0,76.70702316618582
73.0,43.15975590068439
52.0,52.26764913992025
52.0,66.4963374713675
39.0,37.397452468332176
39.0,49.873771993603555
33.0,32.85968277275083
33.0,71.95357663435777
68.0,76.11664736876264
68.0,23.930097632792013
72.0,79.80454190901412
72.0,67.5992863852444
42.0,34.93869290435083
42.0,38.821173190888146
9.0,-1.333191625057168
9.0,42.29116544214588
59.0,57.8136805982773
59.0,73.8481718015193
76.0,83.0684814682653
76.0,57.41588967090797
25.0,25.37176039069351
25.0,84.42394331318206
55.0,58.496971895124375
55.0,84.51396526304131
75.0,81.89353983911019
75.0,59.3092347551671
43.0,48.3927932077807
43.0,63.7270443862966
70.0,76.89998287231089
70.0,71.09080101427571
62.0,64.51837440683539
62.0,41.68620082156633
81.0,89.95231919093038
81.0,56.13679121149056
56.0,55.00777973586855
56.0,43.71640393355352
23.0,25.558980580447837
23.0,56.868644107879504
66.0,72.83530851700971
66.0,78.74133366538973
59.0,63.215454423379185
59.0,29.675836442643742
67.0,71.34200075910309
67.0,75.62191572208428
26.0,14.803006868681564
26.0,59.934864305469205
61.0,67.5385364220765
61.0,63.23748572332079
77.0,84.49846665585426
77.0,71.81360960921972
63.0,66.45787927246187
63.0,68.05043749690572
58.0,63.91632919885967
58.0,54.511466223025025
50.0,56.63543349197869
50.0,69.04189328134379
47.0,44.15579835299468
47.0,22.10164472212989
52.0,58.87330519217443
52.0,53.0953403305835
34.0,38.951437214196574
34.0,68.20585367038768
66.0,66.0173130285558
66.0,61.85863747154019
74.0,81.92452737944944
74.0,63.00752897570868
35.0,40.227832213730665
35.0,14.766431390934827
55.0,59.23096513526718
55.0,63.47153283258757
67.0,72.17599722731308
67.0,81.65581913327924
13.0,15.626663937959279
13.0,87.33050971948393
75.0,81.0669668629863
75.0,68.19664483011093
60.0,61.00840509829732
60.0,68.76857974860832
58.0,59.25272332021706
58.0,64.49701790077842
71.0,75.87286199093529
71.0,54.85286568469098
61.0,65.42398392116979
61.0,72.71722024957654
69.0,71.88937551032893
69.0,51.907003103133206
72.0,77.336393442168
72.0,58.75782784796462
62.0,64.03819047781059
62.0,66.40263690028735
62.0,66.06862562826427
62.0,74.65320992084457
26.0,34.398380613673055
26.0,75.8759169813535
60.0,66.07940342291869
60.0,77.97289783126922
65.0,69.37236788257758
65.0,78.0457609336583
32.0,33.42243700547084
32.0,74.43819033130632
67.0,74.64229495879937
67.0,51.758013868266005
39.0,37.06797759834171
39.0,78.87534107747854
33.0,31.969098972327913
33.0,80.81313596707491
43.0,41.853981660634645
43.0,75.24752548416456
70.0,76.85561230215751
70.0,48.95972994489483
48.0,50.79454466304986
48.0,81.79013861486612
60.0,67.54125460055769
60.0,52.715787627048826
62.0,70.7633608509147
62.0,51.58330393776225
69.0,76.24826524782412
69.0,76.211326581847
64.0,67.39420714153215
64.0,63.35167043824117
51.0,51.804570924038615
51.0,74.32429975074643
68.0,74.12383460168132
68.0,34.19801011954098
27.0,29.78634627340392
27.0,61.81655906128606
43.0,44.01485035501514
43.0,37.83440333105301
63.0,70.92553336462367
63.0,50.193663880894576
68.0,70.59502853586622
68.0,66.71412921730655
79.0,87.53576928980186
79.0,66.33125468612377
62.0,63.81839820594831
62.0,56.33820172123603
68.0,70.93386665456183
68.0,64.98745473698318
65.0,68.64097863147725
65.0,73.38283059660989
66.0,74.69899635418699
66.0,18.760998175331963
37.0,38.49381452205159
37.0,72.38245930098736
51.0,51.01861204278907
51.0,71.72547536264523
64.0,72.19354740681683
64.0,52.3757038103476
67.0,69.6191788913174
67.0,53.48021730718369
76.0,84.18271348070027
76.0,75.05345665003898
56.0,62.127546342506605
56.0,80.25460296550386
72.0,80.53105512041799
72.0,59.30010235891592
37.0,35.532385555718804
37.0,49.35826856809507
68.0,74.21183057253836
68.0,23.23639629650421
20.0,23.778176033983357
20.0,75.51041677420164
72.0,75.53861718222703
72.0,25.95494708056043
53.0,51.069965993465075
53.0,77.61271244535641
66.0,71.65974881768875
66.0,81.6889304143329
74.0,78.12648232381116
74.0,83.86818521332731
69.0,75.08267305995872
69.0,48.849064173981844
64.0,67.06890167612045
64.0,85.40216926503138
62.0,62.78401181462601
62.0,42.92227860698779
74.0,76.17039617582367
74.0,62.81510195678703
65.0,69.20463232270941
65.0,42.09706924166187
65.0,69.89389858297142
65.0,64.70485742784228
57.0,59.560660868005414
57.0,45.126859452813505
71.0,75.07020066400423
71.0,82.60623250377915
73.0,78.6591020556994
73.0,46.71665573713864
23.0,20.530589646024282
23.0,66.55933356252729
66.0,70.98213511398575
66.0,77.72453635340833
69.0,70.5374137400159
69.0,71.29062335632858
42.0,36.486016473902794
42.0,56.51123227635691
64.0,66.32989698638829
64.0,88.82647759757833
52.0,53.483267984290194
52.0,67.70891684851875
73.0,76.26232802597718
73.0,90.65019953861065
44.0,40.07824058013222
44.0,44.8947588094768
72.0,78.63351358089142
72.0,64.78677124027996
69.0,74.61652862064142
69.0,69.957107148629
31.0,24.954193951969728
31.0,65.17623036719061
13.0,14.969928895847886
13.0,80.09185966597329
63.0,67.56759790227778
63.0,56.21380477610444
43.0,42.782346086514224
43.0,77.50733877804163
63.0,68.03024029287775
63.0,54.71312856915807
63.0,66.20678560828969
63.0,62.579351665962804
45.0,45.325724899423676
45.0,71.67389932959395
62.0,66.04166907806137
62.0,53.250287683114266
68.0,72.85371743074899
68.0,79.15098689796417
71.0,78.13432081072187
71.0,59.55330173208887
50.0,42.41645861436024
50.0,63.54672966813723
67.0,67.16681479198257
67.0,72.5999458244176
30.0,27.394475303370825
30.0,34.7916889081464
62.0,61.51441808612611
62.0,87.02341077292681
30.0,26.920721712879867
30.0,84.39537673049733
64.0,68.04836895180131
64.0,4.988587906848977
64.0,70.37209023638314
64.0,51.96133512639557
66.0,69.45902316868944
66.0,79.01837185255948
46.0,40.86599207281927
46.0,82.73116883012466
61.0,60.19312195604505
61.0,75.15742582130207
76.0,83.14317360024512
76.0,77.99513266785232
38.0,36.47164215579215
38.0,74.09134162532052
37.0,32.04216732018517
37.0,93.60848538712162
68.0,74.01127599279829
68.0,74.4985214424612
41.0,39.720407099718955
41.0,82.58374816457427
64.0,67.73798322115368
64.0,48.709708570083535
32.0,34.64076247174353
32.0,19.634361474585205
75.0,82.90086137524247
75.0,94.20491752909498
63.0,65.31142839439747
63.0,51.1325492764409
69.0,75.24043642241315
69.0,88.98779203211393
73.0,76.32112546990282
73.0,61.381044532425506
72.0,77.7459038179415
72.0,78.14856946457434
34.0,24.138599323559333
34.0,28.919372122286063
57.0,60.499213162709225
57.0,52.27227462785322
36.0,29.60771729271886
36.0,59.16490953940814
21.0,15.568762286534252
21.0,46.40363842972994
45.0,42.026124886604805
45.0,58.15316241057616
66.0,70.22894003116261
66.0,46.13371890117975
70.0,74.06573083202147
70.0,78.30070858517837
70.0,75.79264527016295
70.0,83.18591182926536
46.0,43.32271420017463
46.0,61.81760541559618
52.0,48.93793567916424
52.0,52.76449247702709
51.0,46.45127591691346
51.0,42.73358792766766
61.0,68.86144744459972
61.0,69.20463232270941
71.0,78.1482876840281
71.0,65.19964956510438
74.0,80.25624591077514
74.0,80.19145257683198
70.0,78.16851254561175
70.0,74.38514289102568
60.0,62.22704371427909
60.0,48.68162002185346
76.0,83.29899076768464
76.0,73.46573647444393
74.0,81.85698726546497
74.0,82.78596456166036
75.0,81.85779511475317
75.0,83.9135673988851
73.0,82.42923981043992
73.0,21.90894648105069
73.0,74.31177600898565
73.0,72.9213920482049
67.0,70.84956950212649
67.0,63.93575573917275
66.0,68.30005399842264
66.0,43.402775693933336
63.0,65.94626597935303
63.0,79.30848118345403
40.0,28.327387975193062
40.0,54.46770602009019
66.0,71.1967898755961
66.0,57.19264211358859
49.0,48.79593768537745
49.0,60.331351821678595
43.0,42.22580956048711
43.0,70.42920270725745
70.0,76.42934042498229
70.0,59.25806399067852
52.0,54.91824523965107
52.0,73.63050059749929
52.0,51.75029419687911
52.0,81.3233752832781
46.0,43.02963339608624
46.0,71.34837743004857
27.0,20.33290500281521
27.0,87.14063263305945
58.0,61.69328041471698
58.0,38.18811220394883
38.0,31.927380965122495
38.0,71.6056379761946
53.0,48.67087099683067
53.0,22.467789099385868
50.0,53.116514478293766
50.0,18.861908523318107
29.0,24.669143402222574
29.0,61.719434118365484
28.0,19.56886461130682
28.0,71.05920832148126
68.0,72.57545280439211
68.0,76.22210738170543
39.0,41.39910139026341
39.0,86.79565172142924
59.0,61.69933341294637
59.0,75.43597250310427
70.0,77.85361236206006
70.0,82.40340156454101
59.0,65.97525519078783
59.0,57.44221181617911
41.0,38.05791526080725
41.0,42.42355809393308
46.0,44.167525067793974
46.0,63.433881927876655
70.0,76.89039280139241
70.0,75.26082273876898
17.0,8.81502645363247
17.0,76.46550064219718
47.0,50.72182507767201
47.0,82.83319247252757
63.0,68.51494028401669
63.0,28.56648691924414
72.0,78.23271150821239
72.0,70.54719012755055
71.0,74.83067817666313
71.0,42.7924225350834
40.0,39.3227987862561
40.0,75.72317616172813
58.0,58.27610356960861
58.0,17.822485079561034
72.0,77.28679844817162
72.0,80.65124538898249
56.0,56.88949367026373
56.0,78.21836207427634
50.0,48.962995493181495
50.0,49.74798517194074
58.0,62.87071371067441
58.0,34.9018273966696
72.0,76.52660183016667
72.0,76.64995799730656
62.0,65.79361816659798
62.0,43.772329748359596
60.0,64.68708283751317
60.0,75.06208693163836
66.0,70.31594851829323
66.0,68.33948647887519
57.0,60.08694899837525
57.0,71.60277361483861
72.0,77.9953700475026
72.0,62.79452177381086
30.0,31.995457030630803
30.0,37.52731856295105
59.0,57.18681395401501
59.0,74.89441056148286
72.0,76.94218062478211
72.0,75.78046804625171
55.0,59.17308821816738
55.0,64.33566750706666
76.0,82.24886785326618
76.0,75.61005217237488
72.0,78.16166240694412
72.0,83.52091419987016
38.0,38.19652577754772
38.0,42.157803509189534
64.0,65.43068498695396
64.0,39.47562510713004
59.0,59.87571326397841
59.0,74.37878224031488
36.0,25.356473214606922
36.0,56.308555416153354
9.0,12.965214947683307
9.0,56.93558311352518
72.0,75.14100835419532
72.0,47.46080361124854
17.0,0.3891700632966604
17.0,80.2568601017611
56.0,57.68670406942965
56.0,40.71905876595628
44.0,43.954555029808546
44.0,71.56481911863852
73.0,80.31800624336148
73.0,89.03953843273695
35.0,36.15005471023193
35.0,76.57779130812037
71.0,76.33828029284666
71.0,67.09033384393211
61.0,67.0663536232463
61.0,62.457919798481726
65.0,68.21105911457977
65.0,61.94792342379833
75.0,80.08690323021341
75.0,46.211431611520595
67.0,73.3698086795456
67.0,82.44597390795707
57.0,59.59369805186691
57.0,29.14149254951161
82.0,91.94956182096428
82.0,78.63602591219643
78.0,81.08244509911367
78.0,40.43628323641235
73.0,78.25624705218945
73.0,54.70236145579764
50.0,52.952943020318855
50.0,59.2747800151252
71.0,78.33327483723843
71.0,57.743033284149476
69.0,70.94759823548856
69.0,21.323708254021767
36.0,29.257080057773123
36.0,9.76546282672814
43.0,50.75392612820815
43.0,71.93523683627802
69.0,76.21055627994201
69.0,77.17726426719383
70.0,75.7916165354178
70.0,65.20990689783872
71.0,74.95759027362107
71.0,56.20963464044695
70.0,73.77592677622062
70.0,79.67322162717488
33.0,23.07690877805362
33.0,68.77912805873729
69.0,72.61918473053265
69.0,71.47469981432727
27.0,16.505777723628853
27.0,87.02050712597065
70.0,72.55134241419074
70.0,37.16083006252069
51.0,49.391319257429416
51.0,65.77048303066715
73.0,79.32717139619558
73.0,20.643175917739825
55.0,57.43478736518529
55.0,49.16915029077171
73.0,79.34388329735003
73.0,35.64478222020466
67.0,66.78308290055628
67.0,74.572785088243
65.0,69.22361136234179
65.0,80.31154915601167
71.0,74.71863547197285
71.0,57.265647942991734
69.0,72.17951846466076
69.0,58.333496318587436
40.0,35.03448999446317
40.0,60.09317693241479
77.0,80.4664696357267
77.0,33.11964030696407
74.0,77.21798043085886
74.0,68.62221766912893
26.0,25.116976837328878
26.0,52.893524904114884
63.0,63.69359783562055
63.0,62.74334299181169
64.0,70.97980720394497
64.0,67.62350597492593
71.0,76.83084886180228
71.0,52.25286848015605
73.0,75.68063652806757
73.0,17.514082170518748
77.0,84.04114159175839
77.0,75.37968864168522
57.0,56.33694117777645
57.0,49.463508384736144
38.0,38.55664638555248
38.0,46.883125085064876
62.0,68.33566126921932
62.0,75.13293145678233
50.0,51.20056774227726
50.0,69.70463069582263
69.0,74.57492602178013
69.0,82.01322783853016
49.0,48.564139413266844
49.0,43.04430882284976
68.0,71.22462041438166
68.0,80.62509417283252
65.0,66.29251769233065
65.0,72.69011867417385
42.0,42.07294272563354
42.0,59.10651014521011
73.0,79.27542603000938
73.0,84.28901732526901
69.0,72.32329638813661
69.0,72.03049473832607
60.0,67.13488805875858
60.0,69.69053505316947
75.0,83.43560898647695
75.0,75.69945957836785
70.0,76.65012789523081
70.0,76.2977034949584
67.0,72.71337766490166
67.0,38.042961491298854
74.0,80.09487925505749
74.0,73.19052604048579
73.0,79.16577052054589
73.0,90.08023142402516
63.0,68.2977867392392
63.0,73.70351783425093
57.0,59.399084544599475
57.0,61.332648909741295
59.0,56.73311058882655
59.0,68.71337094748753
63.0,64.9473640487061
63.0,49.34267890064558
69.0,72.24712985836516
69.0,81.66670557324306
28.0,27.426794961429607
28.0,9.276355748517346
72.0,78.41706483326158
72.0,60.622727443201086
70.0,76.94240204277048
70.0,70.27978964930355
40.0,31.010632675877048
40.0,60.60208734516954
62.0,68.11786082568085
62.0,64.07429919839547
28.0,34.907918177232546
28.0,18.002004796498
60.0,63.14698922154054
60.0,50.83032386482978
36.0,34.005408948936406
36.0,36.32592343820892
14.0,5.395669454291692
14.0,63.65568529246502
73.0,77.77256609391202
73.0,26.37699129048275
75.0,77.6210070009003
75.0,22.467789099385868
61.0,66.64534866680873
61.0,46.10073838808023
37.0,34.30619837671793
37.0,48.279588938129734
84.0,89.930727070356
84.0,37.62569529339345
44.0,41.22583822085096
44.0,63.86595489957517
66.0,70.93406584056589
66.0,85.60705200472489
75.0,81.86420235171448
75.0,66.30398212240345
54.0,52.469207103793565
54.0,57.74710996466638
75.0,78.91235045474963
75.0,62.41186576101899
66.0,71.42465103851123
66.0,15.19418740822806
71.0,75.40430359613129
71.0,75.08762017826695
23.0,17.09712238684409
23.0,74.40261901431319
57.0,63.0776430442624
57.0,64.6027788301987
76.0,83.55757629365587
76.0,78.18448540512998
70.0,71.73085181349785
70.0,64.46431390360897
72.0,81.41667656111696
72.0,70.34997172806413
42.0,34.92926873428473
42.0,71.82088514180697
41.0,41.68745106095173
41.0,58.34437275651965
52.0,51.79571582150311
52.0,53.85827119938068
61.0,61.67194775785737
61.0,47.01089868932098
62.0,66.85259648929167
62.0,79.48338078821575
82.0,91.51331229555677
82.0,58.72975617447457
74.0,81.18060525842543
74.0,48.12668014115644
53.0,55.88534882907322
53.0,74.64728371928453
67.0,74.04937851967964
67.0,76.66066443200191
39.0,31.245332876014118
39.0,73.79143232322735
62.0,60.19063403524399
62.0,57.294279525661864
78.0,85.38607383118296
78.0,85.50023792546773
4.0,15.31725287849622
4.0,17.444789955489966
68.0,74.73722476457766
68.0,34.477007738801774
49.0,50.34363333033292
49.0,62.65023089381589
75.0,78.28165762521377
75.0,56.94513195380017
61.0,65.38746042406922
61.0,24.157013183093397
37.0,34.61266308955828
37.0,30.055065320883273
70.0,73.91959745475339
70.0,77.31019910918178
51.0,53.67867449027813
51.0,41.856745468390386
58.0,61.19337028630065
58.0,82.22277942340503
52.0,53.2179148975481
52.0,74.48094517903576
72.0,77.03956553326282
72.0,80.84384132508376
39.0,40.024900005853226
39.0,31.389410457031886
72.0,80.16082122893778
72.0,75.38024361717362
70.0,76.60822937589188
70.0,78.04556390681171
30.0,24.44282713141149
30.0,35.026777495014755
57.0,54.82975215647849
57.0,58.8647025912569
64.0,68.16523791754491
64.0,62.11109445704676
47.0,47.31469903599452
47.0,53.91911340528634
64.0,69.7210059679328
64.0,74.64993670520528
66.0,72.20930867051311
66.0,81.92940938797909
70.0,73.72459226188829
70.0,77.42026868429184
44.0,47.520957895485765
44.0,81.3251090813506
64.0,70.21894312483977
64.0,81.99931123922414
81.0,89.60803407645221
81.0,76.02216912705228
54.0,62.292911823656084
54.0,74.48783891156563
47.0,49.79052332546587
47.0,66.98630519453053
54.0,54.61816753479587
54.0,33.569332611962864
69.0,76.3908083582221
69.0,68.93780846580881
76.0,82.3475068640418
76.0,67.30245085101558
57.0,61.88661424105419
57.0,66.47116204287056
75.0,80.19924577426661
75.0,62.00362346278325
84.0,91.70722579138277
84.0,46.49736752321098
74.0,78.06065116295434
74.0,69.94703510877719
24.0,22.0345196277612
24.0,71.19450700908072
59.0,62.40178646141487
59.0,80.29166385715769
68.0,71.96169200217793
68.0,47.6892552432501
50.0,49.78240294161685
50.0,69.43168100629094
41.0,43.22619685112869
41.0,65.44499682901841
41.0,29.75695367083472
41.0,34.43141987433785
62.0,67.0996423321476
62.0,63.723374746629304
75.0,77.48934730917858
75.0,20.638039507004294
63.0,70.52167521915351
63.0,55.66962866286849
75.0,80.57779269879154
75.0,62.29016548750491
70.0,75.89713988867925
70.0,85.12373143508017
54.0,56.91931114435596
54.0,80.79781296278566
58.0,62.492949297561495
58.0,70.9577710802136
49.0,50.780580696718346
49.0,50.79365209878506
56.0,56.148931285083904
56.0,59.991974912606054
44.0,45.31037371508364
44.0,61.92287326103491
69.0,75.37447455145985
69.0,66.3060604865803
65.0,70.76370337475043
65.0,26.704910910800947
66.0,71.1382660488909
66.0,82.73351383728789
57.0,56.371243357732055
57.0,74.7558018583452
67.0,72.33482910426727
67.0,57.81078504556041
81.0,87.2867397650133
81.0,64.21712626817032
49.0,51.58021859668787
49.0,62.540531906076865
17.0,11.745879845821776
17.0,30.247057145733947
71.0,77.76202744409636
71.0,73.55223209510115
75.0,83.017355906722
75.0,83.97234358447037
66.0,70.74944119502993
66.0,85.2512944703139
66.0,68.89133313667816
66.0,88.55034835872755
59.0,58.376792799828195
59.0,64.49591549482909
73.0,78.3524856462833
73.0,78.84770521320416
77.0,84.43642025841496
77.0,73.25120693735238
62.0,63.268612382435606
62.0,26.92499439926337
67.0,69.24627657878773
67.0,69.80187520306038
70.0,74.01869483872554
70.0,73.37457159390618
57.0,58.60093834687109
57.0,21.13398681519294
64.0,69.16378151896379
64.0,83.52350673410814
47.0,48.26060961671595
47.0,64.25580300986104
63.0,68.21571801798717
63.0,59.551316811783806
71.0,78.39298902880785
71.0,52.75886466137564
77.0,84.79440428181942
77.0,43.10052974483557
73.0,76.72258973141965
73.0,59.5543428696804
82.0,89.47845530573369
82.0,79.10797661724206
26.0,18.861908523318107
26.0,42.49413882362427
64.0,67.24460346383461
64.0,39.23208604265329
52.0,50.82184815033355
52.0,26.786526633519088
78.0,84.25025957729014
78.0,77.14641487299855
76.0,85.10284625052702
76.0,40.94574069699564
64.0,68.22428290771273
64.0,55.67777631961002
48.0,49.561564348198885
48.0,81.01946875865542
78.0,84.98001939342646
78.0,59.15724363361187
47.0,48.7242321376134
47.0,66.52576752426029
50.0,52.52059073200809
50.0,72.5279902877441
51.0,52.30120991551729
51.0,70.07342040069682
74.0,79.207447292008
74.0,59.69406775623736
57.0,60.748452290861394
57.0,66.87841888799113
59.0,62.2883175372595
59.0,58.42644749613095
62.0,63.431717478979465
62.0,82.37576313250696
67.0,68.46901841697047
67.0,37.2153481450988
66.0,69.29024658336931
66.0,51.757036218862595
72.0,76.50301510130288
72.0,69.66133060728924
60.0,67.80083573294053
60.0,69.76620257060603
66.0,69.22662794819001
66.0,64.14010266234311
46.0,48.60880105171401
46.0,68.75789896343679
43.0,45.55992671480607
43.0,56.96760613508002
62.0,68.2366469706061
62.0,32.924692532501126
60.0,62.11036542480929
60.0,73.41035703106945
67.0,73.57089225249774
67.0,39.24033775693931
38.0,35.43057094079296
38.0,7.70177839969233
71.0,73.67467921717082
71.0,72.360371119707
51.0,47.9281978949017
51.0,69.57636757130291
68.0,74.278670946332
68.0,71.90369226305592
66.0,71.06963755234136
66.0,79.65596047193856
69.0,71.78893132680491
69.0,28.0927328649081
56.0,60.88469390561096
56.0,75.68357948294243
68.0,74.00590616573066
68.0,68.1194428275972
59.0,65.67192463778014
59.0,33.1795649221167
64.0,65.40657337622275
64.0,31.075169072154495
41.0,36.60951973970873
41.0,42.79069886742775
66.0,71.24140353448007
66.0,55.4799544298387
36.0,38.67941549870841
36.0,52.550519693987724
60.0,64.19431328288073
60.0,31.32731515363156
59.0,60.19603517535785
59.0,71.27714448444777
48.0,52.39987247627255
48.0,47.74833745864629
69.0,74.77016063521012
69.0,65.40558118719105
61.0,65.58858232056122
61.0,73.42960804148123
68.0,69.81650450819723
68.0,89.17679424419782
48.0,51.158381412095196
48.0,71.0901312560996
15.0,9.63490132831862
15.0,70.02347084683493
79.0,87.24326895669543
79.0,60.87152598503849
73.0,80.54142887248156
73.0,57.141581943237156
70.0,73.44573662457037
70.0,32.646359425820776
64.0,68.79878379250061
64.0,79.83629112688016
70.0,74.76384233052147
70.0,70.00937861093314
35.0,28.62472424214002
35.0,82.28137117350064
62.0,61.38252001695304
62.0,85.23828696978393
51.0,49.163673295563
51.0,77.75542604563532
69.0,75.32959236322938
69.0,72.28318318853576
61.0,62.7957661166613
61.0,78.94919433787214
58.0,58.68032266426002
58.0,81.42869352469557
34.0,32.59728318805526
34.0,32.812025118335384
68.0,71.95291496821415
68.0,54.344177171874094
71.0,77.17426632934695
71.0,45.969919137593934
67.0,75.48120471561242
67.0,31.14441507987857
54.0,54.53633380938413
54.0,54.34384454189393
77.0,80.78875057536368
77.0,73.27485260621933
48.0,54.12974059506479
48.0,68.42216252042022
53.0,51.35349266897191
53.0,73.3542648956485
7.0,7.743487433766973
7.0,77.26535340852388
80.0,86.03731963981448
80.0,37.22571250372653
31.0,22.947732664304795
31.0,44.79398372508865
54.0,53.29722039466179
54.0,74.40795187777258
52.0,55.47294742458132
52.0,48.346788379571365
74.0,79.87575990454326
74.0,75.55565970856912
70.0,70.67735344475
70.0,72.31241633874367
69.0,70.44754470723416
69.0,82.25102801902926
71.0,74.47702049819327
71.0,88.04116463293889
75.0,81.93828370798957
75.0,55.73416226334626
70.0,74.20644321812466
70.0,79.92533213095038
14.0,23.145105288563855
14.0,62.15183303022445
39.0,39.74520675232691
39.0,72.26998614799408
61.0,65.39005559833157
61.0,79.20201746279258
80.0,84.69358577808737
80.0,71.59689670180842
49.0,46.40791416031618
49.0,24.965400344186037
72.0,77.70419345791316
72.0,52.464725859586906
31.0,18.484813737379795
31.0,77.48008000895345
18.0,12.755652305334536
18.0,62.052075445475566
59.0,63.555601305657376
59.0,80.71625006011107
48.0,46.8119191136725
48.0,70.18489444565864
71.0,76.9230551508183
71.0,79.17164572066571
48.0,50.123248521552966
48.0,76.48816811701789
63.0,69.9120521692576
63.0,55.80274488100554
62.0,61.76889437028285
62.0,19.34393084015312
66.0,71.32395683434845
66.0,55.92638545145809
53.0,51.48160007177523
53.0,74.8395256149102
33.0,32.85968277275083
33.0,67.15735814828645
67.0,71.39135404805506
67.0,75.7380324248818
65.0,68.89803479216931
65.0,25.933914874285563
62.0,64.32332378465952
62.0,87.59825548773046
42.0,43.23608968378545
42.0,47.63640535163955
69.0,73.98519287995293
69.0,77.79810582291555
55.0,53.560812952270794
55.0,75.92116614876966
76.0,80.77752177384167
76.0,68.66139561356238
37.0,31.37431553595502
37.0,72.79452699712391
59.0,65.45789020541616
59.0,42.807407669084114
26.0,19.777545274366503
26.0,77.92943507754677
69.0,72.95607160261818
69.0,25.3178253388715
56.0,56.1474204579078
56.0,76.5018491703729
63.0,65.41286094525867
63.0,77.64690597619102
64.0,66.56114781387515
64.0,80.79397105186297
66.0,69.16122782424992
66.0,50.07890830690229
63.0,68.36073671273562
63.0,72.4655742309385
68.0,72.64607992549713
68.0,57.89326356884408
64.0,67.40912490904401
64.0,49.76199273290774
41.0,39.32368416786784
41.0,56.76162068859418
76.0,80.80986898065657
76.0,47.071517696288936
62.0,64.58995985324458
62.0,82.16777838744639
67.0,74.3556389466637
67.0,83.68193245301461
73.0,78.92463299888817
73.0,87.274349819176
63.0,67.70767396137614
63.0,85.85008404891147
86.0,94.18556655096734
86.0,35.282361767677855
60.0,66.81021401443729
60.0,88.51979877838818
63.0,67.6720458117141
63.0,73.15836695745156
62.0,61.431661319245336
62.0,62.59147894342868
58.0,61.928211639563926
58.0,23.82830854287971
73.0,79.87202673653843
73.0,18.933211663410702
51.0,48.20938962105049
51.0,46.443641077365214
76.0,83.60417415529804
76.0,79.09809267590822
67.0,69.20318655723264
67.0,66.32034949388571
63.0,60.82639786152339
63.0,53.94808092558873
74.0,81.15095888526054
74.0,66.60067309096189
53.0,59.69429139168625
53.0,49.67799284731507
44.0,47.518295024428994
44.0,71.4819246972549
72.0,76.69496221989061
72.0,66.6808475720211
55.0,60.272434388730915
55.0,72.7548271570983
63.0,72.38455043337933
63.0,54.96370795709635
27.0,20.352892965313856
27.0,76.84275975022445
65.0,67.33880332102206
65.0,86.32010164642406
75.0,81.20246364059074
75.0,82.5456091123915
27.0,21.026073632063117
27.0,74.2238600511941
72.0,75.73843451827793
72.0,51.72585438475693
74.0,81.25641845903505
74.0,81.58875992452403
26.0,19.16687455473948
26.0,69.50754840712693
43.0,43.71343130369695
43.0,73.49849370486402
57.0,58.618636927931504
57.0,66.29985540723447
74.0,79.33874485381392
74.0,55.52148695296751
65.0,69.80834429751008
65.0,66.40880286257669
25.0,19.05055290080537
25.0,52.825839116100724
51.0,54.508961167971336
51.0,53.28683022529725
48.0,47.31534993687819
48.0,72.55264878464288
58.0,64.29681925663033
58.0,75.50165526152483
75.0,82.75217036671609
75.0,62.612996097614314
56.0,64.32364029015304
56.0,51.835904547459734
68.0,73.3117090028548
68.0,77.16081874038139
55.0,59.05746898393261
55.0,81.1159104436789
37.0,32.5992469946853
37.0,56.308555416153354
55.0,63.94927394259213
55.0,66.6908889468533
57.0,57.37768406145568
57.0,42.059477575389906
67.0,69.79373882296909
67.0,66.89810998960974
69.0,75.0338576140955
69.0,62.022175493906275
69.0,74.33111280032756
69.0,79.70990970743725
71.0,74.38089384186037
71.0,47.05053748243455
72.0,77.35459852509109
72.0,74.09059512699224
71.0,78.36306063684071
71.0,87.20472240824176
38.0,38.77485115718889
38.0,76.73173840083206
65.0,68.5700751479597
65.0,73.75957531333847
54.0,53.34626316261074
54.0,55.00367908120677
51.0,45.652128226367324
51.0,70.79335426694382
79.0,85.46572790413956
79.0,64.76629524990386
46.0,47.952844332153006
46.0,87.70215654802047
75.0,83.21529334557829
75.0,66.38699542895205
37.0,37.951171828035285
37.0,21.663699924469256
65.0,68.9630055098005
65.0,59.0804946154247
62.0,64.81444561228773
62.0,57.971976680537864
70.0,80.10917349237462
70.0,74.8984721884625
65.0,70.89374620801863
65.0,75.25264953286029
61.0,63.419849254631686
61.0,63.91516225213155
81.0,86.9270438444562
81.0,81.82139592683819
62.0,62.63561463328
62.0,73.64596643148235
51.0,50.522681155772375
51.0,83.33442586147305
39.0,38.042457150345
39.0,8.976380042195842
48.0,55.90907531459601
48.0,23.601628299765878
64.0,69.78890242819153
64.0,62.93169243421187
69.0,70.44986215628717
69.0,80.886053618196
65.0,70.05081820789894
65.0,38.70153893457922
63.0,67.53730845609545
63.0,51.3096791748801
37.0,32.53012305675196
37.0,57.79181702049726
62.0,63.52948736621505
62.0,70.17349542119183
35.0,33.491650133690825
35.0,82.65947620125678
49.0,48.314225603852776
49.0,78.21473344450823
59.0,66.99687294865146
59.0,70.66101901729985
68.0,70.99461231635428
68.0,56.32335398726519
66.0,68.75754117390721
66.0,63.74448038028089
66.0,70.62966917855215
66.0,76.4504949158225
76.0,83.71234287960283
76.0,78.01108410114358
48.0,51.69781428865747
48.0,55.18580701854751
59.0,63.7169384634837
59.0,31.371316906634604
63.0,71.52663194841415
63.0,59.73470962342611
31.0,34.32465458274004
31.0,36.05752740174711
71.0,71.62149670907723
71.0,79.27385849919045
62.0,62.59998396402136
62.0,66.97743217687213
61.0,63.760237902421636
61.0,52.278080798789745
62.0,69.55222225125169
62.0,62.41130591533533
66.0,69.91743096528705
66.0,86.51053938599011
57.0,61.62705244275685
57.0,62.61611581171775
76.0,83.04830737233868
76.0,79.0078728187375
52.0,54.840317279878946
52.0,38.84472130529815
55.0,55.285403299314055
55.0,58.998857382372364
68.0,74.12640649324072
68.0,78.35385149648096
64.0,67.82980921263771
64.0,77.15012834482178
75.0,84.42310398748151
75.0,75.58311817408452
56.0,58.55627398691644
56.0,72.23120681474836
26.0,25.469509739474347
26.0,69.10748775202404
65.0,66.35979757673215
65.0,79.58929598818185
63.0,68.25735471486479
63.0,67.6152919409522
71.0,76.20687189736259
71.0,89.58072314973754
65.0,65.5859921889359
65.0,82.71235617111466
71.0,75.22645686492825
71.0,58.785460303591265
47.0,48.54673491322416
47.0,14.546590433918595
55.0,54.53006141746823
55.0,58.2746714247578
81.0,88.15786991345277
81.0,68.28637204549511
54.0,57.011339799594
54.0,61.377824516418
61.0,63.78862357840495
61.0,69.34811422124972
66.0,72.64701720676709
66.0,69.57835539866608
49.0,56.39719610865052
49.0,73.05670847127163
30.0,29.79944932049324
30.0,39.904319357268264
72.0,78.6605154564491
72.0,58.850758829835286
61.0,57.942850016571015
61.0,72.3116211312248
60.0,65.19210014672768
60.0,76.12341145802287
52.0,55.068217400647086
52.0,34.412015820723354
79.0,85.84225772067464
79.0,59.401418616188494
57.0,54.9919571085714
57.0,57.29897168253399
31.0,26.329605038142745
31.0,38.99685115657098
70.0,73.30434224470974
70.0,72.49516946109179
47.0,43.48638830511271
47.0,44.31262248112682
61.0,68.72176780424991
61.0,66.35527363420937
69.0,75.39064724898384
69.0,70.25171891461582
53.0,54.65164805565735
53.0,46.634270197834724
62.0,68.21242272399502
62.0,86.9416092024768
74.0,77.87067287135409
74.0,57.33114756507081
40.0,30.46574190016827
40.0,36.94726653866178
62.0,61.604756130678766
62.0,69.41167249129484
65.0,67.72452705918579
65.0,70.94078997016521
79.0,87.59437056717115
79.0,52.30034767959893
44.0,45.633861025018405
44.0,71.12582184419733
38.0,38.485564040030965
38.0,52.16940833172043
26.0,21.552243758824147
26.0,76.37239371915075
70.0,77.69754847779001
70.0,72.62263465014803
66.0,71.36804826838858
66.0,81.58981097393138
65.0,68.8899272916982
65.0,34.096961395579854
69.0,68.31311979584717
69.0,76.63969888953369
78.0,82.37667525671606
78.0,76.13212071410277
74.0,81.85623204670713
74.0,23.32693075915114
79.0,86.48995977560264
79.0,84.36330635315187
59.0,65.08949171997733
59.0,48.11477675110194
65.0,70.01672995877902
65.0,38.1195722278876
60.0,60.52899265873373
60.0,23.568395158160286
60.0,58.499335214625944
60.0,75.37185990219945
54.0,56.15668302778852
54.0,71.45970207958715
80.0,85.39339544832393
80.0,84.27035524415203
62.0,67.45474187176131
62.0,84.60009810517795
60.0,61.608334274748245
60.0,40.38763867179057
66.0,70.19456730722555
66.0,66.1208430055251
77.0,81.99269987298288
77.0,80.03470913428748
67.0,68.01339879692853
67.0,59.57605729028063
69.0,75.84167261347329
69.0,76.34602628664169
65.0,69.9481734163013
65.0,87.87924233985825
26.0,23.301752149991557
26.0,76.22480801725436
51.0,48.42165796538865
51.0,45.236483743091355
63.0,69.16041180385287
63.0,67.7935396229899
66.0,73.12481579802852
66.0,69.90776604295155
58.0,63.56433721366204
58.0,78.95177889064871
65.0,71.55496846014489
65.0,67.8909375357182
77.0,85.09343095816826
77.0,72.86975236136988
68.0,70.84491710213621
68.0,80.47127504326807
81.0,88.39547095437473
81.0,88.86238326654978
68.0,71.38931203677674
68.0,70.77188926284163
55.0,54.9398830991816
55.0,85.43377067390406
58.0,57.39809782461782
58.0,15.357933295127395
71.0,74.61016963554232
71.0,41.648110055660084
80.0,84.66296046900266
80.0,72.69725317805268
37.0,33.45862309365867
37.0,43.68437284057978
58.0,58.96311804026959
58.0,31.313471315621143
71.0,77.24276140552121
71.0,42.59946264816176
83.0,90.27063232979026
83.0,72.10085832100731
61.0,62.154619306523614
61.0,58.794901771786044
66.0,70.39361413873223
66.0,15.941311944932409
58.0,63.36682023061661
58.0,23.185293759325134
41.0,35.498274179865575
41.0,67.46345948597144
39.0,39.16903573908132
39.0,27.50358468239301
66.0,67.0988041712036
66.0,47.102008335118796
59.0,57.44700121974415
59.0,90.11703351426036
80.0,86.15069734937322
80.0,31.679842886907466
54.0,57.05253624061339
54.0,32.97658521095627
44.0,49.638180576517925
44.0,63.05080154390555
74.0,77.51533132356451
74.0,76.82693500756528
68.0,71.75025981657404
68.0,86.29833467725899
72.0,81.43083916489849
72.0,61.97709239612328
39.0,44.080290220592644
39.0,67.49892728971201
45.0,40.07729485576516
45.0,57.5510192891839
59.0,61.90871854268346
59.0,66.18607699164363
65.0,68.90039989496228
65.0,24.36194557010583
70.0,77.37664595852499
70.0,58.08158265079709
28.0,16.426172511663253
28.0,12.291653426232642
75.0,80.55643334271394
75.0,41.76319018091243
38.0,35.868208824472276
38.0,47.626596037047705
75.0,78.48963064642481
75.0,72.15512804264546
69.0,71.08190045265945
69.0,60.449031299907574
66.0,74.6667402370108
66.0,67.58358043174286
70.0,73.90658802036285
70.0,49.623459907865424
57.0,59.07447920852832
57.0,67.14070047819854
74.0,76.26372863211873
74.0,66.83610397917545
66.0,68.75195889791684
66.0,45.770862971639076
67.0,72.6232076264588
67.0,16.138671779374363
62.0,66.44203998260093
62.0,71.67073632770814
61.0,63.74428079124232
61.0,76.0128776529811
70.0,78.06073093761921
70.0,72.48111085257057
61.0,62.77986964017464
61.0,82.14106764583767
63.0,69.85215490662233
63.0,73.14803836554808
39.0,39.54478010141327
39.0,78.44054528030154
58.0,61.558283331242535
58.0,66.22816130637284
65.0,68.34608865420807
65.0,62.96780681627615
58.0,60.58252409498846
58.0,82.29081889065827
68.0,72.40009941352702
68.0,86.29365317372822
66.0,68.50236941268741
66.0,79.20287864993486
68.0,74.05411469973694
68.0,69.75972535636214
39.0,39.758138873565144
39.0,55.29906924066108
73.0,79.91140518781754
73.0,74.14903081624863
58.0,64.97264980116381
58.0,52.18632795205593
56.0,59.427481346122306
56.0,55.99313180254734
46.0,47.1722755052682
46.0,71.50922923186823
66.0,68.98150810798933
66.0,71.40902945657308
60.0,67.37518588422711
60.0,90.52468937221096
60.0,63.14338115091806
60.0,48.020780364360576
43.0,39.19748431052528
43.0,65.96057479871553
69.0,76.13436956058473
69.0,27.073460579456082
59.0,65.95423555379483
59.0,69.90114954943795
53.0,56.2531201981314
53.0,72.13569566485148
58.0,60.095386838890136
58.0,59.138285657198594
57.0,62.429066205080915
57.0,61.89522090160085
72.0,78.83478999557997
72.0,19.68994339239407
74.0,80.95832630965032
74.0,37.43734157586158
55.0,55.20438622856324
55.0,64.33634938257353
65.0,68.0592341503654
65.0,75.78527157584898
58.0,57.102131022918
58.0,62.68350750017777
76.0,84.18333805839666
76.0,56.315147176618495
56.0,60.355004659302665
56.0,64.91506623286915
50.0,50.0794057867941
50.0,33.36722565409457
77.0,81.00585325823653
77.0,53.01276965921278
49.0,53.3880998980834
49.0,54.903410562087004
71.0,73.90664366880696
71.0,74.67624285477416
29.0,16.656973168456375
29.0,72.96654539841592
29.0,22.78434427964612
29.0,65.06990186255064
64.0,68.8676579449027
64.0,47.32320351241344
45.0,41.61977494402862
45.0,78.40891413973179
64.0,68.33164495558844
64.0,76.86566117780484
71.0,76.78853594874454
71.0,56.11199727348287
37.0,22.79264084639607
37.0,69.37063459713863
34.0,36.95818020845178
34.0,82.66894834271267
79.0,84.97629128332972
79.0,30.912772409326408
56.0,55.47702565253803
56.0,49.32470136998694
58.0,62.031354640268376
58.0,83.78489860072602
59.0,62.52813849429606
59.0,65.1344613987419
58.0,60.84938926232837
58.0,81.3284996903746
45.0,49.6437758788656
45.0,74.84006232569874
24.0,19.25688693100824
24.0,6.229784834331781
71.0,77.2941420527124
71.0,63.98997857337224
77.0,83.56755075899133
77.0,69.94880569026219
48.0,46.13297843947106
48.0,63.78314219084717
68.0,71.25580593886838
68.0,74.41750662508872
65.0,67.697677494071
65.0,33.410264074873965
73.0,79.48986688229962
73.0,77.02789990019636
64.0,68.64432045724163
64.0,64.84689202858885
65.0,67.06091704703294
65.0,64.48985731302406
43.0,45.334640973514865
43.0,87.70460082646548
30.0,24.207847804308074
30.0,68.60223539851995
82.0,89.15858589323011
82.0,44.63384771732569
57.0,63.0203256708412
57.0,63.99047229408194
70.0,78.28201820942655
70.0,70.24728727012564
35.0,28.90914179876205
35.0,54.217651501078194
71.0,73.71998732282583
71.0,67.64162679418763
64.0,68.07308992214297
64.0,76.6774392412683
73.0,81.39203110809837
73.0,55.00124544530905
65.0,71.22682249461155
65.0,71.82864511834117
55.0,54.60320311220107
55.0,46.4067671280348
67.0,73.2593595110838
67.0,68.88549981858256
75.0,81.86725702967323
75.0,42.447285174286606
47.0,49.87793857835686
47.0,81.20835125235703
70.0,75.45004921030625
70.0,96.23585411648867
71.0,75.86657640619114
71.0,78.41048900695199
43.0,49.40359050774413
43.0,73.45695752195172
65.0,69.38117606656942
65.0,76.1871812958068
77.0,84.61666487386066
77.0,60.69826269994604
64.0,69.83840953391729
64.0,38.55887883913027
18.0,19.34393084015312
18.0,84.56090328018962
77.0,83.09548071279113
77.0,72.35549715020755
70.0,75.43494768079279
70.0,82.45372259603545
70.0,77.38313706889716
70.0,62.73121214016328
29.0,30.13647003877054
29.0,30.022775358175068
59.0,58.97252933841702
59.0,88.0051113786235
57.0,61.197001892708386
57.0,45.41906331267916
66.0,69.93313178772581
66.0,94.58375236330824
47.0,47.19215532710251
47.0,62.685127333313574
35.0,28.442180141147958
35.0,68.49081658686578
55.0,58.80569030148047
55.0,81.94356512141417
69.0,74.28558944602304
69.0,33.457478800274714
72.0,76.2186576448579
72.0,80.17792077930375
60.0,57.90154922050556
60.0,69.67933692634398
72.0,75.40776050002648
72.0,81.32997931996829
79.0,86.18167873260609
79.0,70.15323083750638
74.0,77.79391662609044
74.0,70.10517372100622
76.0,81.65534119539399
76.0,60.495584999444986
63.0,67.90450880031699
63.0,73.03099742273713
53.0,51.550999768416204
53.0,33.41631155921203
47.0,49.06506406067177
47.0,71.63466091145915
60.0,59.36052054680994
60.0,80.48679862191824
39.0,32.69067258675966
39.0,54.77331984026438
40.0,40.32999604920553
40.0,71.93803049711897
54.0,53.84025342054986
54.0,82.17388038259418
65.0,71.74391635573028
65.0,69.07073010963126
72.0,77.79675030082569
72.0,78.35958972518296
62.0,66.03073682326499
62.0,26.34771810906409
71.0,77.40665724295053
71.0,21.956541573258278
61.0,66.27822907266068
61.0,41.01339599137566
68.0,72.53337592405751
68.0,25.59460387779717
72.0,78.87290042663273
72.0,66.1399550180056
76.0,83.45965290183187
76.0,22.62520993897482
53.0,59.552214137371664
53.0,82.52633341793506
69.0,70.08605634155822
69.0,47.500274867698806
51.0,53.72331879855011
51.0,74.16152771135717
64.0,68.7817631601792
64.0,56.86561740228103
65.0,68.6376127255972
65.0,48.314225603852776
27.0,27.362708841515996
27.0,85.79480910754592
76.0,82.42614658194663
76.0,53.84636604503879
72.0,74.18462171839775
72.0,61.3927079084591
67.0,71.61600287231113
67.0,67.45309781067289
71.0,78.59269748321793
71.0,38.03215072123936
79.0,84.8315262472434
79.0,94.24547864279083
51.0,51.67574150596846
51.0,80.9480363853445
37.0,36.37558893916503
37.0,68.20326808382521
75.0,80.65366406479149
75.0,67.07415429678889
67.0,73.55141141241552
67.0,77.50196683880841
72.0,76.89150892710052
72.0,63.61780823090788
27.0,21.026073632063117
27.0,5.404116613993665
47.0,42.67993622056031
47.0,53.871052577698265
64.0,69.17746859865571
64.0,73.75644426509689
39.0,43.87231901358729
39.0,47.1957391482855
78.0,86.44876469986048
78.0,87.32870617549003
63.0,63.63600859419057
63.0,82.74195515197283
64.0,68.8921191617253
64.0,44.55572707524095
64.0,67.85893813261839
64.0,74.51186027749031
70.0,77.38843338964494
70.0,81.25697058637564
84.0,92.5925843924611
84.0,62.19810865204403
75.0,81.09462576264303
75.0,55.13841767016169
64.0,73.39282312533584
64.0,48.69643863770136
25.0,13.679158713204572
25.0,49.087300397479
59.0,64.99341231158786
59.0,53.7082141224854
79.0,86.29771302227954
79.0,20.56798563922314
65.0,69.37089917528493
65.0,20.767097840252234
19.0,17.01817205367263
19.0,83.38818124152567
58.0,63.70833812582299
58.0,75.05334866509247
64.0,65.91723784941377
64.0,64.67309016085915
63.0,69.28737824258536
63.0,70.08911414380185
64.0,68.28604194837652
64.0,51.14359786858216
78.0,84.11509868146857
78.0,78.33311720241517
33.0,34.049074807335955
33.0,69.45698284258128
78.0,83.91769449216298
78.0,57.99411695363267
80.0,88.32919707793599
80.0,68.90406572975832
74.0,81.45611360029147
74.0,39.34294413489198
55.0,54.55130800519379
55.0,68.79669728250087
51.0,44.47038067627483
51.0,69.8574957402015
76.0,83.3658306841482
76.0,58.6148609597239
55.0,51.77433098427207
55.0,11.152702806473599
57.0,62.393001940336774
57.0,55.69158883244302
62.0,66.18750754094975
62.0,69.06013239602919
55.0,57.91271618405017
55.0,54.13958028392415
77.0,83.58116773322172
77.0,65.66192310255082
43.0,31.542555012618664
43.0,29.407144162430768
55.0,53.390036785719815
55.0,69.31342009060722
74.0,79.33305899127481
74.0,41.7746282185924
68.0,75.17086310388055
68.0,57.13437729744197
24.0,24.995129667400477
24.0,53.50954381018238
58.0,58.286704588594944
58.0,70.39552157268048
52.0,57.224262106470576
52.0,49.224550103306285
68.0,68.43080515284362
68.0,74.25712431573214
69.0,75.17630138881361
69.0,65.5558896479364
71.0,75.68904520935234
71.0,73.49769088833852
59.0,65.27023126144036
59.0,48.025992823834656
80.0,85.74357661230687
80.0,65.25446605462696
46.0,47.2618455295372
46.0,86.4329424413674
49.0,48.61366768373591
49.0,44.670407904529725
65.0,67.8831008620096
65.0,67.4766055757417
52.0,49.52878886439805
52.0,65.59422270194892
50.0,48.37988041057105
50.0,68.84981599921633
72.0,73.62053912398466
72.0,62.94304311810862
22.0,15.814233742195881
22.0,61.59086549259172
61.0,63.01792528141533
61.0,5.947224579962551
55.0,62.85577675393125
55.0,36.94573741962864
61.0,61.646927513094454
61.0,50.04537552011806
62.0,68.4566769766949
62.0,79.75893458721094
63.0,70.48745635874911
63.0,68.32063310101739
67.0,72.44170476857181
67.0,58.87758274878121
76.0,83.16242570754656
76.0,53.222931397557204
56.0,58.3127046003288
56.0,64.89560920979238
63.0,67.1438850236359
63.0,80.52507094246579
65.0,72.73939497756498
65.0,73.7043930128433
57.0,61.82612580891765
57.0,80.74331488826476
79.0,86.53630780392427
79.0,64.08384266522438
61.0,66.3222012570705
61.0,72.08354937309429
63.0,64.8331191960566
63.0,44.26469093866058
70.0,74.46834497696494
70.0,82.73914897303388
20.0,8.452256762549155
20.0,88.00797105882282
58.0,60.690374194347044
58.0,64.52498238316059
45.0,48.19990564676493
45.0,75.73583471392715
63.0,68.36565254694358
63.0,69.61225968326323
62.0,65.36476687473191
62.0,44.028257694276704
75.0,82.88279775185538
75.0,72.93046619951315
32.0,18.93713636188886
32.0,77.67279727176805
74.0,79.92524978785906
74.0,31.894251806752038
75.0,78.91006885790415
75.0,85.8101521651306
62.0,65.63017784878576
62.0,92.80732874949598
60.0,59.14962725598264
60.0,59.75892867834153
68.0,72.0853320864644
68.0,64.81996712898723
69.0,74.8205657671009
69.0,51.098259086341216
48.0,45.27746664692529
48.0,74.45371800277536
41.0,44.9411369914273
41.0,43.840717745334814
55.0,58.0698921910689
55.0,46.842832971378584
42.0,38.725729327410875
42.0,65.82681587707043
43.0,47.75097486647945
43.0,69.75943027541393
54.0,61.23148859739143
54.0,77.80720088467842
56.0,57.36953570329172
56.0,68.48291703155957
63.0,66.2478627936162
63.0,60.8774254601949
72.0,75.98737237568412
72.0,57.59787363856958
65.0,69.9938451150893
65.0,90.36347733863636
55.0,55.809587250840934
55.0,84.46747538695365
70.0,76.15727571257008
70.0,73.54500138718231
65.0,66.21711298590179
65.0,75.74323908987367
84.0,92.0645726036339
84.0,58.06932260983814
62.0,66.19236338228666
62.0,26.783019227984425
68.0,73.3453268813567
68.0,17.515684677743764
42.0,45.645741299247334
42.0,56.457258239267674
80.0,86.05446870982564
80.0,71.97688243019445
54.0,58.69406666187359
54.0,64.53968008648513
64.0,71.58293295613123
64.0,64.46371711509323
66.0,72.4241910831442
66.0,80.3416024165358
74.0,79.52117470088223
74.0,27.362708841515996
42.0,40.598000044365335
42.0,80.02086694967022
85.0,92.28582871611417
85.0,46.70685168552848
78.0,82.68058826257584
78.0,33.279983061848554
11.0,14.391131225253673
11.0,64.88000008377412
52.0,55.31500465582826
52.0,75.25281654144925
57.0,58.691799177314635
57.0,47.429022550898424
70.0,72.80706698073249
70.0,38.19328047912944
58.0,63.366969584327535
58.0,88.03075901811104
64.0,64.83871252020509
64.0,54.385205148042644
63.0,65.67148640155642
63.0,68.94573601264017
33.0,33.491650133690825
33.0,73.13266841930562
41.0,41.108055433803656
41.0,73.95898934310634
54.0,59.144456844485944
54.0,71.28344338382573
51.0,53.15885579498598
51.0,70.68824794166363
69.0,76.08127445141673
69.0,39.3431662920334
85.0,91.38714182101234
85.0,52.75391777068006
34.0,35.319893385004946
34.0,67.69436494801954
41.0,35.79406910856062
41.0,84.06289313275477
73.0,79.07909168695562
73.0,52.88488950799723
69.0,74.52622953980159
69.0,44.44640793584006
67.0,74.20655479554131
67.0,68.15150855115127
74.0,79.15406823072198
74.0,77.10599766138694
74.0,79.82466982044201
74.0,47.7171638760874
61.0,64.5388050603296
61.0,41.26253121597989
70.0,75.65176284552155
70.0,33.89453300867433
68.0,71.44293674235746
68.0,76.31128592673383
63.0,68.84647885590635
63.0,83.08987707109571
65.0,65.15877119845476
65.0,34.98260207929002
56.0,60.27674793411052
56.0,44.86396653880888
66.0,67.07926512464115
66.0,73.71964921601193
71.0,77.83998152809278
71.0,84.69641860338044
58.0,58.58943218756292
58.0,70.44082513701022
50.0,51.99410377655738
50.0,76.25960441344546
24.0,18.784973172521802
24.0,65.30301253362234
28.0,26.73685104679862
28.0,15.58926886456885
66.0,69.97915452621191
66.0,79.29933559729972
70.0,73.94913496649963
70.0,70.74559764677144
59.0,62.37140850723222
59.0,73.48071602091176
74.0,80.51073152091641
74.0,86.98566702123611
72.0,80.13557312418698
72.0,58.10141039696191
65.0,66.03724541743327
65.0,44.346601107809306
33.0,22.299170844975038
33.0,41.74012486948982
67.0,71.51381418252475
67.0,78.79349987600227
74.0,77.32532358264768
74.0,77.49387606631109
52.0,56.72183954330961
52.0,60.36813061199041
43.0,36.489449446564095
43.0,63.730515892140545
79.0,85.49196020716965
79.0,64.20960313689199
66.0,67.44640444116192
66.0,59.166185471294796
68.0,72.06639826954927
68.0,71.67286736934051
56.0,53.59595692377036
56.0,38.898570621031126
68.0,69.95818800606037
68.0,52.54113323740751
63.0,63.64215368772665
63.0,71.41019935020375
11.0,2.6368210851815093
11.0,72.35964368430513
41.0,34.05939349551505
41.0,42.31376082990283
76.0,80.12452596447429
76.0,62.500706570765544
21.0,17.515684677743764
21.0,70.8370008824736
52.0,57.52968493579402
52.0,83.75263869956626
77.0,82.79137298075523
77.0,14.208766775822028
54.0,58.9604323141603
54.0,74.71288821632373
68.0,72.22633277167125
68.0,18.760998175331963
62.0,60.18321477143081
62.0,64.68759888419868
69.0,71.90359693544042
69.0,85.31396633159233
66.0,71.81214357189953
66.0,61.28038853859732
72.0,75.81910375627353
72.0,73.81545157503359
29.0,24.63171312215684
29.0,5.48280184280344
68.0,70.1856440107295
68.0,52.9717675788242
76.0,83.30063992541778
76.0,79.09854548100293
68.0,73.02153216904429
68.0,69.6217608155655
64.0,71.95681209626156
64.0,75.70597365675593
52.0,51.21688058596419
52.0,30.33673405770378
53.0,54.65886625348088
53.0,57.12479992608553
62.0,66.92892840419165
62.0,64.04166641597578
15.0,14.3404511841307
15.0,87.91358363092894
71.0,77.57132181755617
71.0,67.92893405459597
73.0,77.85335126208929
73.0,24.669143402222574
72.0,79.34224573073152
72.0,68.03244142651977
57.0,62.32569823166415
57.0,40.87581920753598
69.0,75.80686331248813
69.0,78.80537483249896
74.0,78.23534855479994
74.0,82.8487911954823
40.0,34.27001339073718
40.0,25.855852620610506
70.0,76.73054537859832
70.0,77.64097037577267
49.0,53.59862306315915
49.0,65.09511104658674
60.0,64.64765520578277
60.0,78.96952174281694
68.0,74.68857231821852
68.0,73.86826765273673
36.0,31.574060741882022
36.0,36.60951973970873
55.0,55.18240599206905
55.0,61.86537444507411
60.0,66.9043270821528
60.0,71.28846036326979
63.0,65.81181900725818
63.0,72.1967630073691
76.0,81.90086149402077
76.0,77.30544201232055
59.0,62.358130796097385
59.0,66.36652735940817
56.0,62.94375487187938
56.0,8.837468583549764
70.0,73.92755360928516
70.0,75.4400830658006
56.0,60.18766579206289
56.0,84.36401670123365
70.0,80.01400317639474
70.0,77.27393881624909
71.0,74.13598556726095
71.0,21.032630927655532
35.0,35.43259704794565
35.0,22.476518669176585
77.0,84.95292166336776
77.0,70.24721938117557
79.0,87.17394593604337
79.0,43.0838516761018
50.0,43.313643426155295
50.0,78.1212091348994
75.0,80.45246193481609
75.0,51.77285564386335
76.0,78.47822403575424
76.0,65.89026410883264
79.0,85.58222642024464
79.0,57.367196748341314
48.0,43.78259484377145
48.0,34.994055087548986
51.0,46.329248749994576
51.0,47.650533620193414
61.0,63.27431088216133
61.0,66.63005053579866
56.0,58.13304129872466
56.0,63.03212209539333
53.0,54.43091386302143
53.0,59.9221891025428
62.0,65.51522094568094
62.0,60.362961769968194
73.0,77.64015890288692
73.0,60.31681767582319
71.0,75.373415649209
71.0,53.49995016556153
71.0,72.70737344044915
71.0,25.7498029826927
72.0,79.13597683065507
72.0,63.544300540460426
68.0,73.36760422717435
68.0,63.85454148338772
55.0,55.34197104807248
55.0,44.679233656005465
48.0,43.70373897003708
48.0,69.06067128783747
65.0,69.67670504337542
65.0,74.05825727752807
63.0,67.71392193279826
63.0,83.59390202125115
64.0,68.67417907109905
64.0,59.218143549435354
75.0,83.90930470189375
75.0,67.84655433257825
66.0,70.12800822409804
66.0,89.22390513831618
71.0,78.97789037072806
71.0,83.44113895765321
73.0,77.63961784180088
73.0,80.83782066675815
77.0,82.36766035161503
77.0,47.610907641292044
82.0,86.82941238825998
82.0,70.77340249175569
72.0,77.79959797925676
72.0,75.95215430994887
64.0,67.70263819507431
64.0,78.83247265954975
65.0,69.24831923095991
65.0,69.46308387574328
74.0,76.75584231170865
74.0,39.90486468182837
61.0,68.84964393623397
61.0,47.439548802212926
54.0,56.11922622864137
54.0,79.98450521072215
67.0,73.08017138454096
67.0,14.26236486148349
35.0,29.58772370375135
35.0,62.02715706529585
74.0,77.83127392474375
74.0,61.283252422625196
58.0,63.65517751468116
58.0,66.56796814847604
67.0,68.72701397172222
67.0,67.36186589601692
75.0,78.75437907578083
75.0,49.60833382518052
71.0,74.96517295484233
71.0,62.38984886496678
50.0,51.41881213878736
50.0,30.268768753352845
27.0,26.284477509747774
27.0,74.9125477896136
57.0,57.48713755707553
57.0,68.37119116038178
32.0,21.25168954946298
32.0,83.26570511952553
33.0,33.692527010590595
33.0,75.90901716686074
33.0,25.733992927113718
33.0,23.928107197524866
58.0,62.28849200015554
58.0,67.63970259445006
27.0,26.115967835376352
27.0,57.02243712372575
62.0,64.18137891091379
62.0,72.13886421269154
72.0,77.98242260226755
72.0,72.59817413307616
71.0,74.45922209649882
71.0,47.57317920769054
58.0,58.381870932276854
58.0,48.459988200414784
47.0,44.69896006394782
47.0,67.00653048907003
56.0,55.21206730339634
56.0,57.99285110459459
78.0,84.48257598362989
78.0,61.10548586138083
68.0,75.00710427121754
68.0,68.79249768506725
51.0,49.681807283894216
51.0,55.898965363184914
80.0,86.13531456245414
80.0,66.64764865462206
31.0,23.543937988714617
31.0,74.80050129149254
70.0,76.05271525926509
70.0,62.65420008293353
49.0,53.50035292522364
49.0,42.880479169610965
65.0,71.63466091145915
65.0,68.50933637923856
46.0,46.185039185350035
46.0,75.65306121230935
30.0,19.432492251561655
30.0,71.86729344385958
39.0,40.68674993129309
39.0,80.77832571440035
83.0,88.34850918234827
83.0,79.19014125942402
61.0,62.71638688305643
61.0,54.95909076368525
31.0,27.51214157335795
31.0,64.91723529563694
70.0,76.38977777693214
70.0,42.344945040464836
69.0,77.57061331890145
69.0,61.16269572540705
73.0,78.30896451868597
73.0,18.192345178424716
64.0,67.52837898685459
64.0,55.40298532071938
60.0,58.424707835969514
60.0,79.94006801142058
77.0,82.31023525726397
77.0,75.9435994336211
74.0,81.93465858869206
74.0,3.447387923701285
70.0,74.1905738613126
70.0,68.80047740415631
80.0,86.85999418265413
80.0,75.85447935017947
49.0,51.238411264171646
49.0,62.24266390768031
65.0,67.82796795406153
65.0,79.09664505582782
69.0,71.07444414136154
69.0,77.54548792132618
62.0,62.49688969339229
62.0,82.07523116044558
76.0,83.01786731284449
76.0,72.7423543916887
64.0,69.51740912680395
64.0,81.58036736877295
62.0,66.66443831366433
62.0,38.66351782004608
69.0,72.39885906191438
69.0,61.70774442709717
38.0,25.509652595896625
38.0,81.00734938945601
50.0,47.849773500582955
50.0,74.41261376909222
67.0,68.09088879162084
67.0,79.09850724388065
71.0,78.35115955752667
71.0,74.98926830934903
41.0,40.95941094287582
41.0,81.91396918132028
68.0,70.59777378182628
68.0,81.05658624353191
71.0,76.33111615464361
71.0,91.24426982377884
63.0,68.29244340217747
63.0,68.71193717096764
62.0,63.493748658377
62.0,61.93576970170449
71.0,73.2574519236635
71.0,66.16653793221764
62.0,68.49143500557096
62.0,71.3361088184642
25.0,23.338174989354343
25.0,46.89318522996177
57.0,63.388151756788204
57.0,68.03179724200731
57.0,62.84307046967842
57.0,69.57633101548316
48.0,42.67164955261592
48.0,40.29426928566562
48.0,50.47851156111915
48.0,60.97790952386856
77.0,82.8579536139128
77.0,54.19479057331449
61.0,68.30413377654082
61.0,66.94721234489913
50.0,52.61272373582011
50.0,74.45566067875973
53.0,54.91192625807844
53.0,79.0032748652547
64.0,67.77330671858078
64.0,75.28763746925824
53.0,55.59832515265788
53.0,51.36378221957568
63.0,62.65259366310886
63.0,68.80776066572759
29.0,29.381718505758215
29.0,43.37020315547875
29.0,16.992265647082206
29.0,89.12421119029614
78.0,82.8475297905502
78.0,49.06172123654693
18.0,11.075477443441741
18.0,35.11145931237235
80.0,85.52383212180348
80.0,58.748457853770674
60.0,63.65022918738663
60.0,48.51404731775739
70.0,75.95169727372507
70.0,69.68217392385469
66.0,69.17852344283153
66.0,47.15978755822357
88.0,96.70668977205224
88.0,74.26935004604792
76.0,82.4058778386397
76.0,42.57667657354364
75.0,83.62196212026782
75.0,75.56153146300409
74.0,80.07403442663622
74.0,78.48207384811172
50.0,55.830207168057086
50.0,80.40781614170794
60.0,64.00593159670831
60.0,61.29275732108488
63.0,68.70839747447224
63.0,75.91127173499319
61.0,65.93382388529653
61.0,36.05752740174711
47.0,45.4021341055153
47.0,67.81173221194001
66.0,70.2881473476429
66.0,73.82954050891988
73.0,74.84553283330422
73.0,81.32109980452566
58.0,58.57117765390922
58.0,67.47247141683124
53.0,55.2244287163814
53.0,49.79012705450816
63.0,65.70731700391656
63.0,67.93296934578751
72.0,77.61526912001
72.0,69.32293958665275
55.0,55.203783050390655
55.0,76.93567931620515
69.0,72.43674015446578
69.0,69.38469607554896
61.0,70.05480894561049
61.0,74.61170811880328
71.0,79.24429602076623
71.0,40.84283433076865
57.0,58.72263324669973
57.0,62.405459682626486
64.0,69.96935423526025
64.0,40.95617122826695
50.0,50.62465298051529
50.0,13.435958768392652
68.0,70.05749757210111
68.0,68.88059971686806
58.0,61.199144797192616
58.0,64.65238411934376
50.0,52.52859795655081
50.0,81.2644334548254
31.0,25.933914874285563
31.0,51.884064271482316
47.0,50.498929471264034
47.0,14.546590433918595
56.0,53.41029778587773
56.0,43.77528000957102
41.0,40.34795486311833
41.0,79.00582508409428
66.0,72.88062697703731
66.0,85.58893713344543
69.0,76.71366823491246
69.0,68.95587468591896
23.0,23.086756299172066
23.0,80.68306737402543
51.0,51.804374576638736
51.0,65.47170460217927
8.0,8.883373449346152
8.0,62.407669471826466
70.0,73.09804870120638
70.0,4.507175964741691
54.0,55.87144301218774
54.0,43.17458553317101
70.0,77.41358232951467
70.0,61.71549573070439
46.0,45.168484740788585
46.0,78.84911477761926
53.0,59.6187593268441
53.0,86.30444004082995
64.0,69.61982690948798
64.0,67.98913908026032
45.0,47.304051829436276
45.0,77.20691440460274
49.0,51.72965717360057
49.0,70.15828729636274
46.0,51.187245321460125
46.0,70.98819765713603
73.0,75.44453511689045
73.0,71.69926708550628
54.0,59.9916281340611
54.0,70.25107381659711
68.0,74.5587125544169
68.0,44.47100769424168
80.0,88.32892440242802
80.0,64.42971105966194
59.0,62.40816155435181
59.0,74.61170811880328
74.0,79.85121255358007
74.0,44.876049640015026
37.0,33.356189318793156
37.0,55.90513373297824
37.0,34.938603880997675
37.0,75.54964304498208
60.0,67.16212763160087
60.0,49.80087017300667
55.0,56.63261525304489
55.0,72.70759587177946
64.0,66.62268273030116
64.0,37.796475757176836
63.0,67.97694441755908
63.0,50.39270557963454
36.0,39.791930446802496
36.0,88.75886531709978
44.0,43.886336436429474
44.0,46.488211705990125
73.0,78.63303972472329
73.0,63.415941863567014
45.0,38.96650250429792
45.0,89.55205157160918
62.0,66.23151028861878
62.0,36.37008091731133
67.0,68.10590525215821
67.0,60.38363413288158
48.0,49.055264301458294
48.0,27.648448613081882
37.0,30.647734536198982
37.0,73.70094553514537
50.0,49.15929502836991
50.0,68.39058066743684
69.0,73.71480434801646
69.0,44.370776325561735
76.0,84.90918688508395
76.0,79.87247188638474
69.0,73.49377543245623
69.0,90.40745785254967
65.0,68.77594833254966
65.0,39.96651791394612
76.0,84.56625719300155
76.0,42.056618487300796
68.0,71.11694933559556
68.0,31.32307430927989
69.0,73.2585642448442
69.0,33.49619105884136
81.0,88.4389387014541
81.0,78.8210867754758
62.0,65.77263663016845
62.0,64.77127419736576
41.0,42.38307537146403
41.0,35.144028916534126
66.0,67.83774844731215
66.0,61.68982603626665
23.0,16.05841936768536
23.0,76.47961380500789
70.0,80.65528139185977
70.0,81.44743771918542
70.0,76.41693601582881
70.0,35.45233324131715
66.0,69.52221696574878
66.0,57.038366117228236
49.0,53.441470476652114
49.0,72.82743518484057
59.0,61.9417076690911
59.0,57.6569710837241
85.0,91.17312004720225
85.0,76.53544775327367
63.0,71.19094872459141
63.0,36.54245853133091
59.0,64.39084747713707
59.0,51.24280940228226
41.0,36.96099938870458
41.0,72.27589899649325
40.0,36.71062106134883
40.0,47.518236212913564
38.0,32.16822779013137
38.0,79.24616456248128
61.0,66.07990482386526
61.0,75.80306168065573
41.0,43.68524187483047
41.0,71.69847843975248
65.0,66.86462444609867
65.0,66.30230626437822
30.0,27.394475303370825
30.0,39.58416155019842
60.0,62.75154024927275
60.0,76.16857587084093
32.0,30.66840089378934
32.0,56.17655217591806
54.0,61.27119217492236
54.0,84.42027500233564
44.0,39.47227353840998
44.0,77.52370818871071
76.0,80.79138667854909
76.0,69.9188567379748
32.0,32.410726800568796
32.0,86.13902895967976
49.0,50.48450178918796
49.0,39.720567479029114
70.0,74.08816768051418
70.0,60.77644235602935
44.0,40.03438998644367
44.0,71.38763313591107
81.0,88.51737106777114
81.0,55.547653898887745
78.0,83.25071349674818
78.0,85.36350254789176
72.0,78.13252850580665
72.0,78.67242453543105
66.0,69.77810518060949
66.0,47.139813685022546
14.0,9.397910293421546
14.0,71.48374448143073
31.0,26.754614379965915
31.0,63.483555109687074
43.0,43.07035840413977
43.0,64.39276619689286
74.0,78.90143108977065
74.0,24.602278634438505
72.0,77.32607935126049
72.0,66.72296307004166
65.0,70.42995486068952
65.0,51.58449767489503
57.0,60.25650055722076
57.0,55.42495856251554
65.0,67.76612443491933
65.0,74.94729726747886
70.0,74.48795040280686
70.0,84.56513544032197
31.0,21.6715495208648
31.0,51.8332041695532
50.0,49.723058261847314
50.0,23.433748630474497
34.0,33.66442719964857
34.0,90.75212693636473
74.0,83.13215895328773
74.0,74.8964406061479
73.0,77.33957642992993
73.0,40.18252051114911
77.0,85.75390175036767
77.0,75.06161818577453
69.0,73.85424018557961
69.0,68.98560992855647
60.0,64.7232497152516
60.0,79.32591327070338
69.0,72.8657196364095
69.0,75.08663239761717
76.0,82.78320313876617
76.0,67.58823150682053
67.0,70.69824119718066
67.0,83.66554031889297
74.0,81.52815834711811
74.0,60.75652465375117
71.0,76.53980568138002
71.0,74.07750618433977
35.0,31.84360045502558
35.0,12.810012607221836
56.0,56.76959149067653
56.0,72.58636830414798
41.0,44.11490176705291
41.0,74.644980699175
58.0,64.13640418647816
58.0,54.50795653885973
63.0,67.3367868059998
63.0,79.99678731309712
75.0,83.40593950936432
75.0,37.44824202601859
29.0,15.591043670492923
29.0,55.80908594252071
64.0,67.05869542863343
64.0,79.10038204581838
46.0,45.27242311410595
46.0,74.81178129306431
39.0,45.72605378665145
39.0,77.8837912409054
63.0,63.496370587160925
63.0,47.06051283719438
63.0,63.80913982580762
63.0,68.20233251054384
76.0,80.9973075352205
76.0,41.81872431902838
46.0,49.885334871889654
46.0,35.61858232527044
58.0,55.71968771907149
58.0,75.36746025222925
68.0,69.76131402260728
68.0,78.00003001527881
65.0,70.05901589888822
65.0,80.91120132947975
62.0,66.44694864841449
62.0,68.8474558775178
64.0,70.1790932102636
64.0,58.683366813757004
72.0,78.58581198831013
72.0,76.47915869003543
77.0,84.75213086612285
77.0,43.31297143576677
11.0,7.664173429501602
11.0,41.97354420999625
41.0,44.69094961675364
41.0,62.02240367077644
70.0,76.67648188216299
70.0,73.14258035485187
41.0,40.38463061824194
41.0,65.76446126262806
61.0,67.73884694383378
61.0,77.88617305479625
77.0,84.40606690911011
77.0,58.735906720070545
71.0,74.51048835227778
71.0,78.65596248876773
79.0,85.08942033781
79.0,44.8130819987544
77.0,83.7266221358338
77.0,51.884064271482316
68.0,72.26701698180557
68.0,77.38273562179262
42.0,42.35996071579683
42.0,61.76652430540639
49.0,45.394422768738764
49.0,59.14676992021208
69.0,73.789472221496
69.0,37.815021592334915
77.0,85.37690671826772
77.0,18.804818661283605
70.0,75.06318944768793
70.0,65.99536549347403
22.0,22.92769773054124
22.0,79.92943779474069
60.0,60.993503667630875
60.0,75.5514922966014
37.0,33.30613877226557
37.0,23.930097632792013
52.0,51.44222486323156
52.0,65.78691525770381
75.0,82.62843963015314
75.0,90.4974169335797
68.0,73.43841063928505
68.0,45.68350318142177
49.0,52.17062590283962
49.0,87.4979471962427
59.0,57.475833672387694
59.0,48.1676858303361
76.0,83.29761725430626
76.0,81.09345759648846
32.0,26.831265828887126
32.0,77.90828900399089
58.0,59.66252703491193
58.0,76.37641262772553
68.0,74.41915442884562
68.0,77.25235425496402
76.0,82.2143111737654
76.0,92.08650712330825
72.0,78.92463299888817
72.0,74.53181177212053
71.0,77.2260471019747
71.0,79.12010769699015
62.0,66.02216880050145
62.0,78.55212418364607
74.0,74.98225666303131
74.0,73.46824599341147
58.0,64.41273652665421
58.0,47.79255350504525
25.0,20.630694604189898
25.0,46.20175424663944
65.0,65.80214932637438
65.0,79.82025141063764
32.0,20.605250572950638
32.0,69.28529394053533
71.0,77.20433503916661
71.0,28.649559373250668
56.0,60.31922456301061
56.0,21.28128232728733
68.0,72.66327536782586
68.0,30.8544632033109
64.0,66.94670863753328
64.0,68.26626306560678
68.0,75.15591322649692
68.0,41.1485579942605
50.0,52.061051432914724
50.0,75.02612687732636
68.0,72.93936342053519
68.0,62.063588609782414
47.0,45.599324089642096
47.0,70.1905275121876
57.0,57.84534014303034
57.0,65.83091700343249
82.0,89.40473716196527
82.0,85.38958713182416
70.0,74.61908640053429
70.0,72.04570079200005
77.0,84.87646694813793
77.0,69.92442170821028
38.0,30.486496752629023
38.0,62.073219459882125
65.0,70.30479386137131
65.0,64.12823124020093
42.0,39.102265179804135
42.0,55.57173235642307
39.0,36.06033674639053
39.0,68.06288099593644
69.0,71.87867656194447
69.0,82.61883347544955
66.0,67.32521876826115
66.0,65.55514857975919
65.0,69.24349734577089
65.0,65.55321480165009
60.0,61.56486965441445
60.0,35.32092011364318
54.0,55.00004417094095
54.0,64.01526693743716
57.0,63.67025684279264
57.0,73.38151266259217
39.0,37.28628170668469
39.0,37.996646798412655
27.0,31.355210976314254
27.0,55.90215825202023
54.0,59.69175748125923
54.0,74.20924842647952
81.0,89.38951770763936
81.0,84.27118510921713
67.0,68.90492064856738
67.0,17.49240574266014
48.0,49.561564348198885
48.0,64.13968178976921
70.0,78.05442294326912
70.0,73.72315618028085
36.0,39.91262461693657
36.0,67.61307720138888
57.0,63.01099712842
57.0,26.65060969712505
40.0,43.12660017992505
40.0,56.49249441711561
73.0,79.97594409764224
73.0,80.57745110027872
48.0,51.8638546053179
48.0,44.88076935406286
64.0,68.4482435527292
64.0,23.144967699839924
73.0,79.35233607756754
73.0,76.39753205767897
70.0,77.72022292994865
70.0,50.647146489915826
68.0,74.53224118002083
68.0,67.09246943327605
75.0,79.93203723967116
75.0,47.171163643196905
37.0,26.877062223095606
37.0,63.204745350256815
52.0,54.24224801478408
52.0,49.42406010331831
19.0,17.90032518770397
19.0,81.93510040171753
81.0,87.08405315359039
81.0,52.90298539918473
57.0,55.45984760210848
57.0,20.419194200932054
75.0,83.4090776879845
75.0,71.72689086273664
69.0,72.72660655914308
69.0,69.83196470214995
71.0,75.54420499668123
71.0,31.825958798932675
68.0,72.58013585868304
68.0,81.53011776101812
55.0,55.43143340216284
55.0,66.60302218547514
27.0,25.755463135859657
27.0,59.746001229398985
76.0,82.45932088430555
76.0,72.59601095298109
29.0,22.344122007530302
29.0,68.33211978848573
75.0,85.25031861155236
75.0,64.6127442151959
31.0,22.947732664304795
31.0,69.66437273358594
57.0,64.27320261537426
57.0,63.2731416643436
29.0,24.60702716030005
29.0,80.67837115741742
48.0,55.00323151457093
48.0,74.18826546599303
51.0,50.11466266997712
51.0,73.67755894271698
60.0,62.97599341508601
60.0,72.394330450805
58.0,64.44213904291587
58.0,64.7419612092587
42.0,37.388220704785624
42.0,64.26348495093725
76.0,83.54472603621588
76.0,70.07192590420357
38.0,36.031636546823506
38.0,62.31732708124417
65.0,66.73826938962878
65.0,45.05233630327638
80.0,85.70372452323619
80.0,71.89152060071115
43.0,46.64537913753736
43.0,69.86193432919913
71.0,77.64490002326835
71.0,73.44259832814453
32.0,28.61721166693013
32.0,50.199409702699825
40.0,43.432216269094454
40.0,84.83099024264357
68.0,77.3895998040336
68.0,66.43809161362628
69.0,73.35485058792091
69.0,68.4951183151004
68.0,71.00773992352947
68.0,19.898820041696865
71.0,74.72447366265305
71.0,62.89326698660517
46.0,47.803162244151
46.0,64.38534332042957
46.0,50.9429746723917
46.0,38.3369175889743
67.0,71.97727091879199
67.0,49.99039725046566
74.0,82.03148786510047
74.0,23.568395158160286
45.0,45.417577468730826
45.0,67.25529372967355
63.0,68.04886639595105
63.0,83.58146120389341
73.0,80.77322121213075
73.0,41.915462284380965
60.0,61.81762682005433
60.0,41.84928355796296
53.0,53.732606811696996
53.0,30.444913428329926
63.0,66.2525143808142
63.0,68.88948590728035
60.0,62.83465936992917
60.0,72.73085825617977
75.0,82.44101171061556
75.0,88.87070866141448
69.0,76.00599915100435
69.0,66.02925334229633
71.0,79.59994900144108
71.0,74.89054849441084
50.0,51.02917702825215
50.0,80.81014607518313
41.0,46.94100780858719
41.0,55.41592101456723
61.0,62.43735426815141
61.0,85.75403207181176
38.0,34.73558825199069
38.0,77.48545491751668
67.0,72.39568126500495
67.0,66.20539106738767
75.0,81.38011630261599
75.0,44.08592500083273
80.0,88.7053147716282
80.0,79.40216544068323
65.0,69.90954537294868
65.0,89.58246309027527
73.0,79.32717139619558
73.0,49.8848906341521
42.0,45.07514222461498
42.0,62.44700061075389
46.0,50.138817674521135
46.0,84.3741514172084
62.0,60.63398993645342
62.0,61.62294942081712
66.0,73.923867091126
66.0,50.454073401937194
74.0,82.30800897102654
74.0,35.621569660450405
67.0,73.8026856884145
67.0,45.41635088650406
71.0,76.66291161147086
71.0,84.81415277257202
28.0,22.76793338500306
28.0,24.986898091475496
68.0,70.69753214217224
68.0,69.16347354231345
77.0,84.52634054905849
77.0,51.69455004680168
78.0,82.57613472053816
78.0,43.79624182262114
71.0,79.87054348119642
71.0,44.136170675029916
77.0,82.69600230104186
77.0,72.36501469998211
64.0,66.56583754955335
64.0,46.40028836045411
55.0,58.26116165250039
55.0,72.6153521473691
60.0,60.951945254481814
60.0,71.16281143405638
41.0,37.58599835403385
41.0,33.83643389160039
79.0,87.4328023128678
79.0,52.25588784944114
27.0,20.669166531387248
27.0,67.25256704576395
16.0,8.443785722896848
16.0,66.95524437437467
69.0,74.85260360397007
69.0,53.73013650539701
57.0,60.83786967109444
57.0,25.840055289164866
71.0,78.70740977449998
71.0,56.03413786621445
68.0,73.58044557841794
68.0,53.936101664829664
72.0,76.22678720172848
72.0,40.00519385739938
20.0,16.211932289467313
20.0,84.32296119893772
67.0,72.48431005558814
67.0,26.32386970632757
64.0,63.81786189691667
64.0,83.36324929487125
42.0,42.618637319936624
42.0,74.62515059653191
28.0,21.994722403913897
28.0,26.741962105992513
47.0,44.53370526173785
47.0,54.90868307313082
49.0,48.962995493181495
49.0,63.372107488142206
61.0,61.901425343493486
61.0,32.35834438971057
70.0,76.68256500446512
70.0,58.626425943453455
49.0,54.188589819508366
49.0,41.773208618484375
23.0,22.187710740271086
23.0,81.95002376468528
61.0,65.7102628468208
61.0,51.35515295895982
53.0,52.445390958453345
53.0,64.64338188452786
49.0,44.132121024665196
49.0,40.10470690408596
73.0,78.70031027738082
73.0,53.4158740074825
69.0,74.86323062718958
69.0,67.95840457652554
75.0,81.18377665128361
75.0,41.08131125979918
61.0,67.21618332238575
61.0,77.91688028675878
72.0,77.56419411016503
72.0,22.16616380163697
74.0,79.32669069653986
74.0,52.72760168235982
58.0,57.05962695757057
58.0,46.45936864891439
39.0,29.081005065458783
39.0,21.14325952326857
72.0,77.67857353433965
72.0,54.168850210284745
56.0,61.65084274810391
56.0,31.56559730693516
69.0,73.36617924330636
69.0,44.63384771732569
26.0,16.470021200326528
26.0,53.41396302200832
83.0,90.78371760092483
83.0,72.80839640853685
28.0,24.08756607915052
28.0,74.10649055888081
64.0,67.12802580114521
64.0,53.2649510724666
70.0,74.17096477374173
70.0,38.157058397933724
27.0,16.67706799036813
27.0,58.14464695036264
70.0,74.21296893369788
70.0,62.25673275358878
61.0,59.412990846332434
61.0,59.03010591039265
73.0,79.14100942435022
73.0,42.72984028192701
51.0,49.769289612902185
51.0,66.35555683068856
61.0,67.30277055369618
61.0,82.21991974684732
38.0,37.48137566712495
38.0,78.45101693041659
71.0,77.1725727957359
71.0,61.23057679993843
50.0,48.519089182835785
50.0,82.81501188955019
63.0,65.31527966863302
63.0,83.32894125266387
56.0,60.31985351029789
56.0,73.47727249171754
57.0,62.35230492825201
57.0,26.579723099635885
74.0,76.5371796474775
74.0,66.08708603039594
65.0,67.91434223847386
65.0,45.23675984524402
53.0,55.78181370614999
53.0,29.86644879832903
75.0,79.00944599489668
75.0,93.3354221741211
42.0,30.510345993838712
42.0,77.57400943635452
61.0,59.63341934463858
61.0,80.31730708336272
63.0,65.24531277439507
63.0,61.780530637354616
46.0,42.68134021830514
46.0,56.85152510195098
61.0,59.809684405320866
61.0,23.091896523732828
52.0,55.566174326811336
52.0,66.51338057194528
34.0,35.726653019025036
34.0,81.36818717758217
47.0,51.884064271482316
47.0,53.34277393328165
67.0,70.34957763075602
67.0,69.34794439076416
75.0,82.26289224418633
75.0,51.375962949894415
63.0,63.54157863445181
63.0,56.323194509205734
66.0,67.57419161098602
66.0,77.14919695325023
27.0,29.51735265530948
27.0,20.142640413881225
81.0,89.29867026090272
81.0,58.27816764352758
69.0,75.49561238343694
69.0,28.61304662074025
68.0,72.929436023562
68.0,26.363441760355897
45.0,41.43201082639388
45.0,35.86975334948744
69.0,75.17523742795669
69.0,85.10837779551565
52.0,54.642602111148165
52.0,77.5258447338756
71.0,74.01098035716404
71.0,32.260929270588576
65.0,70.65621797837622
65.0,55.08568926063538
62.0,64.71340738565812
62.0,63.82227554452061
62.0,67.75978887508944
62.0,66.67682781446746
43.0,41.45808602580138
43.0,70.2978368079867
48.0,54.222200780291246
48.0,73.52056476754916
73.0,78.42211836142855
73.0,69.44535855057472
4.0,5.802127837490332
4.0,80.91918281209723
49.0,52.047131888303454
49.0,82.27312855116816
58.0,63.29365267704395
58.0,25.68768198918582
40.0,28.327387975193062
40.0,69.83493751901898
64.0,66.82587536785462
64.0,77.32756747821065
53.0,50.5957462474351
53.0,69.97207273976028
41.0,37.18808442974807
41.0,48.22119863662573
31.0,26.23513425971612
31.0,34.9018273966696
73.0,80.57693496781314
73.0,81.91554765513325
49.0,46.81908456664996
49.0,56.39351585815422
66.0,70.65964951074449
66.0,72.77012457637932
60.0,60.181267029867286
60.0,59.543488219440576
52.0,55.20053527732716
52.0,71.66273331566344
45.0,45.20451858668514
45.0,62.78950890767027
76.0,84.72111100875833
76.0,76.99762306967307
70.0,75.744079473682
70.0,69.51524194620572
33.0,24.769206691130364
33.0,68.66619101430763
63.0,64.65728658314464
63.0,61.53227071557319
24.0,10.998599012879652
24.0,81.57155372273456
62.0,65.43671874833223
62.0,29.63284911756614
42.0,47.56296819477183
42.0,77.51218095065872
42.0,40.98210799100417
42.0,46.97353348663245
76.0,79.89773650518373
76.0,48.875270967711856
31.0,31.77198285981916
31.0,52.152203434635965
47.0,42.29839727401475
47.0,22.61801945100791
59.0,64.90081579340836
59.0,57.55272285703796
80.0,89.0614840889541
80.0,70.73977571864242
48.0,41.96273337611103
48.0,69.82230046114705
57.0,57.06779184513499
57.0,69.29741984306594
46.0,51.050878321330515
46.0,79.7212635330576
55.0,54.10423549319671
55.0,67.65722920672079
47.0,46.450091270714154
47.0,65.99860393731586
70.0,74.29550557597867
70.0,49.30940642334588
67.0,68.88798295170068
67.0,56.56433973725245
72.0,76.13612580476195
72.0,75.7273779502354
74.0,81.02803016429675
74.0,83.79893577302295
70.0,75.08263106859567
70.0,75.81381089987502
47.0,40.76228155531754
47.0,77.98155159294254
68.0,73.4644466644965
68.0,64.15709828602405
55.0,55.37513367498127
55.0,40.36742624590124
72.0,77.27393881624909
72.0,66.64007050717368
62.0,66.97217119324745
62.0,12.754217894814587
53.0,55.210670802575066
53.0,75.48448748038743
24.0,27.30382933260188
24.0,67.89734017642348
58.0,61.63763407218846
58.0,71.89922719119159
71.0,78.68483531740031
71.0,70.7125143596802
60.0,64.56663054105638
60.0,60.56975182727791
64.0,67.97854233837359
64.0,68.66317178723767
55.0,55.75058157176966
55.0,16.96174721273536
65.0,69.28936113266354
65.0,70.91623464603782
78.0,85.58059197988075
78.0,62.28310052733485
66.0,70.75969794597916
66.0,49.46030983086666
78.0,83.48889586808104
78.0,32.04501604907102
72.0,78.35115955752667
72.0,81.10084448267384
54.0,57.068558908067246
54.0,68.90119143400693
66.0,72.66307852726896
66.0,73.8832787911436
41.0,43.08622819162895
41.0,31.235806779430504
82.0,90.22678061245335
82.0,75.95316022158755
78.0,82.39625760767422
78.0,62.63295814544949
57.0,63.24571248668843
57.0,79.82485349815465
63.0,64.9387057656781
63.0,76.999841580804
69.0,76.36643223880793
69.0,69.03664735867989
53.0,48.34622441694779
53.0,92.1942130970599
67.0,71.12804315351269
67.0,48.79945148879028
30.0,28.196934728436645
30.0,81.70225154143986
78.0,86.47230846452834
78.0,63.62604552253424
56.0,54.26190312812338
56.0,43.05801100318109
39.0,37.55057273862474
39.0,74.73335195337148
76.0,83.0124600250673
76.0,66.2803322645915
56.0,60.43197619152801
56.0,70.67765310574873
48.0,52.87757685374078
48.0,63.460939067200854
54.0,57.09565239856397
54.0,75.12418788017214
53.0,53.94070405780195
53.0,37.06797759834171
45.0,46.90321520035326
45.0,49.48531248643678
73.0,79.06656187382646
73.0,72.2795088308888
58.0,61.687696058457846
58.0,60.2575341819969
24.0,27.494048788555517
24.0,1.7450965987963514
31.0,36.0441542611959
31.0,67.15211009113102
76.0,84.64739849047379
76.0,29.903430445111724
70.0,73.15776485778946
70.0,15.374568855519726
26.0,26.63638548217739
26.0,74.89780595910872
68.0,72.25504829305265
68.0,26.65630479716134
77.0,85.11556639325886
77.0,66.8031117304107
80.0,88.95705779856752
80.0,72.32012835992015
85.0,92.28030069958118
85.0,67.97362731818322
60.0,65.85839961387518
60.0,73.41667505868259
76.0,80.59805375737733
76.0,77.20647549623914
74.0,82.25069411485055
74.0,42.57583583919876
57.0,61.35075276727548
57.0,66.12316819855721
40.0,38.204345993572474
40.0,54.43362684594496
72.0,81.67558283138698
72.0,55.87963697144079
57.0,62.04528678532557
57.0,30.784053202559562
67.0,69.2697857493452
67.0,78.84618245921763
37.0,37.82655321706284
37.0,63.02108889210183
61.0,64.49044909387567
61.0,61.53863037191542
36.0,32.075355357523335
36.0,72.64682800225108
44.0,41.902313254746105
44.0,58.34208971561452
40.0,35.97987029221031
40.0,40.10470690408596
17.0,0.3891700632966604
17.0,25.567508503303372
35.0,37.745138592892715
35.0,6.36560282391099
46.0,46.68748109739414
46.0,54.98400026190188
45.0,36.757520577149535
45.0,74.06941900005546
56.0,53.76071832120596
56.0,38.5256532085383
73.0,81.14223902639321
73.0,66.85512383823561
69.0,74.66283328203957
69.0,55.94617364687423
47.0,50.09861377564283
47.0,73.57339911263898
67.0,72.57223649132573
67.0,35.929893093771966
32.0,31.183863044582097
32.0,57.95339067906502
47.0,42.211802454114036
47.0,72.88853541203235
76.0,84.14209608770534
76.0,79.3584628784111
43.0,41.98204715322885
43.0,69.96849913699475
54.0,56.32130653797077
54.0,67.88507893497086
64.0,67.36338165577689
64.0,58.693880397169494
68.0,73.31320276536883
68.0,60.093110327117415
72.0,73.28190420946783
72.0,68.47721569783164
57.0,54.13922858447279
57.0,61.54181825579053
63.0,67.5820923509147
63.0,70.27919435618219
57.0,57.2064734452037
57.0,69.58472654452407
57.0,63.86860418883293
57.0,75.29862310387023
28.0,23.43974048833769
28.0,81.47793773736225
84.0,91.64231420870937
84.0,80.72160413254312
51.0,51.90795344802967
51.0,49.995625449719284
69.0,75.84250800255006
69.0,58.0316184134785
57.0,57.673048415215476
57.0,66.81438305319847
52.0,52.24926801289371
52.0,33.93555025356898
47.0,53.03333507932496
47.0,70.39965443878191
70.0,76.64763818973694
70.0,46.159399635051784
48.0,46.00347721144078
48.0,85.17411624392793
43.0,47.889985566401094
43.0,70.72578818468764
70.0,76.19327833323126
70.0,27.082549695585385
68.0,76.61483161613972
68.0,22.636904531718812
76.0,83.91292367999
76.0,29.49453971329723
62.0,65.80117537568464
62.0,63.90365009835455
54.0,52.134744118905815
54.0,35.20862164556371
79.0,85.78883444973997
79.0,73.27789202723574
60.0,61.90023503107051
60.0,65.52658807738453
61.0,62.392624923506276
61.0,64.49565331344905
74.0,79.43651513836915
74.0,66.97472386869015
66.0,69.78692530798997
66.0,45.27242311410595
68.0,70.48277588355165
68.0,68.2194843993405
76.0,84.13014922849578
76.0,70.05209044121295
73.0,78.10923612762213
73.0,64.15363638360338
54.0,58.927353785537264
54.0,52.464286470513855
48.0,53.47595676446724
48.0,48.09812901615237
45.0,44.63384771732569
45.0,34.8087540925643
66.0,70.6674519920063
66.0,82.81995911700346
49.0,46.08809048695878
49.0,43.04430882284976
68.0,73.68023412737222
68.0,36.23181170162809
61.0,63.61875576373734
61.0,29.728435286479055
46.0,43.717922184971485
46.0,68.52207783689943
11.0,4.8390119131177585
11.0,72.67699545190078
23.0,18.332179010051107
23.0,79.9745271591018
67.0,68.49706288199201
67.0,53.74150945390198
77.0,82.05350159404628
77.0,76.98413670781275
73.0,77.40323095407518
73.0,23.39258250402031
33.0,34.16036669723587
33.0,65.44012697464484
82.0,89.75665102246228
82.0,66.10068925408706
79.0,87.13195374214757
79.0,81.37694321260011
54.0,59.51469640883806
54.0,65.05262496028917
74.0,76.99061986741111
74.0,76.06524162896505
68.0,71.69122265573719
68.0,69.05438544302808
77.0,84.27360301446527
77.0,51.59631700535425
60.0,58.75912544937523
60.0,72.20875109646181
84.0,91.75884684615295
84.0,79.45698227808595
32.0,32.112721355924975
32.0,66.8935477002592
56.0,55.07156656210827
56.0,51.35083514497586
69.0,74.54354191443849
69.0,54.39409868696356
63.0,62.82738962580396
63.0,58.25092194579935
50.0,49.50666382980842
50.0,58.1655565477418
35.0,31.39733408219638
35.0,63.81324076729351
47.0,48.01100928628142
47.0,62.85246985701741
63.0,65.49099238195174
63.0,41.52420665088573
25.0,29.511281724564867
25.0,41.56097425750738
72.0,76.64310832339754
72.0,25.928197074594493
59.0,63.85273103389852
59.0,85.63567536600891
40.0,41.60159576131474
40.0,30.17451587418924
44.0,35.919555228844104
44.0,54.69614322258752
68.0,75.28583184694827
68.0,57.81239249136718
56.0,58.18941645421859
56.0,42.834122852714984
57.0,59.707037318656376
57.0,14.848690393458241
89.0,97.37982321805714
89.0,81.67458841292995
29.0,22.572669857430526
29.0,44.06518796563529
62.0,64.43913262825077
62.0,69.43270496872293
60.0,61.16634842100774
60.0,82.42502591459987
73.0,77.61919114140721
73.0,69.31792568177042
73.0,77.33217349346296
73.0,57.352750607175324
65.0,69.12561422705079
65.0,69.34191155813636
67.0,71.17435000189522
67.0,49.34106570128466
66.0,69.57062049296707
66.0,60.24739006002221
54.0,53.871052577698265
54.0,74.62333080030083
59.0,65.63838428341558
59.0,84.35004334779586
52.0,55.448320457509965
52.0,78.47658819053635
33.0,33.73168160197099
33.0,49.211400999793625
62.0,64.4948914386593
62.0,76.0813596141212
41.0,39.84641983050972
41.0,73.7093884030603
48.0,47.27555511959906
48.0,87.50232477445405
35.0,31.0070692756442
35.0,86.67889972723731
69.0,77.90517512753712
69.0,67.35362520236384
61.0,63.4758189751127
61.0,64.9246698060308
69.0,72.26521847529415
69.0,60.08526183673456
74.0,82.12441535328247
74.0,63.70431273480176
47.0,45.383705682127584
47.0,47.85831102968666
76.0,80.74442119607784
76.0,58.948819488476715
25.0,29.469611840492746
25.0,66.37910281723998
61.0,61.502368871575754
61.0,41.19886942225486
59.0,60.2765254166755
59.0,62.850121981952555
61.0,63.96739844758855
61.0,80.40820644141036
66.0,69.04442556160257
66.0,73.43112369184041
66.0,73.11829601572038
66.0,62.490081679444586
42.0,36.72102249114397
42.0,10.960779588361959
69.0,76.38991051127175
69.0,71.99009150627109
67.0,72.83384620691197
67.0,70.80826730118673
40.0,38.39692104853543
40.0,64.06117815089516
73.0,77.8692544308683
73.0,78.14380987907265
65.0,68.18846253931963
65.0,79.1004982846801
59.0,65.2538776438148
59.0,47.76098824171606
44.0,46.94186605352246
44.0,68.37986952393703
79.0,85.03892651715671
79.0,80.65578361426577
64.0,69.78669686696037
64.0,29.93542495639491
75.0,80.91781133306307
75.0,91.42470824879996
70.0,76.16431463534565
70.0,76.72571577700603
66.0,72.12072986929479
66.0,79.09471548738634
38.0,30.570303716690887
38.0,47.93838843042613
58.0,56.93207354911567
58.0,74.93823020074825
43.0,43.11103510600401
43.0,63.572384285064516
71.0,77.51999130655122
71.0,70.68276187354422
81.0,87.73697368956545
81.0,72.95486263153623
69.0,72.24052875690171
69.0,56.44647355956943
58.0,58.71567715494598
58.0,73.7520588678205
52.0,57.280469271840275
52.0,37.06797759834171
61.0,58.348727445312875
61.0,45.213308067231935
76.0,81.73696109077139
76.0,70.52892262365441
51.0,48.31315851182052
51.0,59.392905422689125
80.0,85.13930410346182
80.0,25.32022677715827
73.0,78.4164191766265
73.0,14.600643768800467
75.0,83.87591234191638
75.0,76.55301462881215
70.0,76.56867633712307
70.0,61.03900872726126
68.0,74.35575496119947
68.0,10.949857651369143
74.0,78.92742485448946
74.0,39.06142421489062
55.0,58.100858519848884
55.0,64.55804569947452
52.0,57.57021650894319
52.0,74.15292162370622
26.0,19.068214854788152
26.0,77.0897662311034
72.0,79.02936782962195
72.0,68.31723197596688
40.0,40.64531805993556
40.0,80.2189324043344
58.0,61.66360822423269
58.0,37.3503107427253
76.0,84.13439369276512
76.0,86.33809900031486
80.0,86.77432904377935
80.0,72.91498922584196
68.0,75.50955636696091
68.0,38.42424663764473
61.0,62.40271807528842
61.0,83.83432208590813
32.0,34.93793502753425
32.0,69.97065579855933
66.0,74.91599884913717
66.0,57.12096794541833
31.0,28.276429712968593
31.0,80.22694818645635
63.0,67.22978237224794
63.0,77.26273148333644
9.0,12.965214947683307
9.0,56.30395434047364
42.0,43.00942471901192
42.0,62.845459844342486
68.0,73.38700608943549
68.0,65.2308621760792
45.0,44.761124087122084
45.0,75.60567450741246
65.0,68.49857119924548
65.0,32.73608562681363
49.0,52.57557191054423
49.0,81.41783575247337
77.0,84.5673589035701
77.0,57.97363517972639
65.0,67.95028823571397
65.0,62.299034305913835
42.0,45.646354241302845
42.0,49.078750340423596
47.0,47.457989261177374
47.0,47.340603222087736
66.0,67.08877610333877
66.0,87.35638391103458
51.0,50.07474594811663
51.0,85.72256724800735
82.0,89.18958105470972
82.0,53.16327484486243
75.0,81.70404084062744
75.0,70.8768753016779
46.0,41.28459200981331
46.0,76.16749732190533
65.0,70.71290598156656
65.0,75.21527809084148
74.0,81.5986310946763
74.0,67.61014808108331
69.0,75.0075623974164
69.0,54.92517455521306
64.0,72.84568674658453
64.0,18.52740370093221
66.0,68.7559340793585
66.0,72.39045426587637
85.0,93.395276058575
85.0,69.61350018812988
72.0,80.29163974227356
72.0,42.024948893278065
62.0,65.56536160227029
62.0,68.91440978336561
57.0,56.80091380854299
57.0,72.42612959953209
70.0,72.62122566368043
70.0,42.40217888264425
75.0,83.31870931075707
75.0,39.05082672077572
54.0,58.90225171723387
54.0,63.544781021410074
59.0,60.374275780281664
59.0,82.73988418760058
74.0,81.60635461691822
74.0,81.4431095679717
47.0,42.20140757766677
47.0,21.276730933013482
35.0,33.313156864333564
35.0,49.777352979177635
47.0,47.54895396253073
47.0,77.20428601209755
54.0,57.057551770290786
54.0,49.43546695217037
37.0,33.044343777779204
37.0,66.6186423603512
39.0,35.690652872435805
39.0,38.84859465942992
67.0,68.50439595504463
67.0,71.0077365695505
63.0,62.484599919846005
63.0,60.010044801577806
77.0,83.34334670112054
77.0,53.74068071619706
54.0,59.39728833200695
54.0,73.58903561404122
57.0,58.02889989916309
57.0,70.97382962101403
64.0,72.02719951020538
64.0,63.587901378750985
87.0,93.3562805431153
87.0,70.25049950198985
77.0,86.06615327129498
77.0,48.89548021876067
78.0,84.9888794605526
78.0,73.40144632627687
54.0,56.85676580654956
54.0,60.35404473222388
75.0,80.67007835482434
75.0,20.03882336595501
65.0,68.55034131607175
65.0,79.23119688353955
69.0,75.19552974182739
69.0,79.27386153353285
37.0,29.218007144438218
37.0,36.986515803701934
66.0,70.30647965044079
66.0,62.89496205629706
53.0,57.88437015723633
53.0,80.83843962146506
49.0,48.68134625089448
49.0,59.91896054835075
59.0,59.32344783316432
59.0,71.4819246972549
79.0,85.2680266508035
79.0,84.95857994424921
76.0,78.87437866895777
76.0,71.6480477337019
48.0,47.05839231222615
48.0,61.02440170409403
23.0,20.325542456960818
23.0,58.334773732435565
70.0,76.55796715409747
70.0,75.05574979444617
48.0,49.52581545496827
48.0,10.175181310172263
28.0,27.209115160509384
28.0,72.32195859391237
68.0,71.34498316282543
68.0,84.81824220759671
61.0,67.03791281495063
61.0,59.60737152198192
59.0,55.24562959182748
59.0,46.27918428634666
65.0,70.23974676886439
65.0,67.72254969363024
69.0,75.44381703751998
69.0,20.303034184630405
60.0,62.25587909649175
60.0,24.44282713141149
38.0,41.71814087144219
38.0,66.93286718650035
28.0,28.766987098786842
28.0,27.940564023236163
38.0,42.96662607582948
38.0,65.71538239710605
66.0,70.18755136898244
66.0,48.8111784778273
77.0,80.54850901381104
77.0,43.66602724221201
70.0,74.64192922289953
70.0,62.40271807528842
54.0,58.20845265588957
54.0,51.72103778801193
45.0,50.803239759240114
45.0,27.829617351681975
68.0,69.423387706906
68.0,57.87672017517576
41.0,37.06464862671362
41.0,56.19246773410896
73.0,81.65002023405572
73.0,10.716109234265275
76.0,83.62006586123658
76.0,77.71786979353772
60.0,65.61901960721542
60.0,77.96972189431489
73.0,80.83528620060451
73.0,74.97174169502438
48.0,49.444194268859746
48.0,70.20412233501372
48.0,46.00347721144078
48.0,55.63176321938181
73.0,80.29672442937715
73.0,45.121426868753645
78.0,85.7434836510514
78.0,57.67910764095228
73.0,79.14068939295652
73.0,55.35461572749142
73.0,77.9059508087883
73.0,48.99234973111163
48.0,47.35658248026209
48.0,78.40560289293387
55.0,56.86973871361545
55.0,81.71155827009613
73.0,78.0756155925767
73.0,64.74154138790033
72.0,79.03559934471338
72.0,43.59431930625664
68.0,75.38504595336474
68.0,72.27193889342664
57.0,63.051183086867695
57.0,82.66758289988502
65.0,72.50708933644916
65.0,50.75665923509462
70.0,75.39265070473414
70.0,69.0019947757329
69.0,75.4610375309096
69.0,15.772318751934108
30.0,30.060386599469155
30.0,68.50621385186679
62.0,63.56934564442179
62.0,62.4083768444799
64.0,67.66052083482191
64.0,41.688430714382605
43.0,46.077605723229965
43.0,76.86570564282857
67.0,76.06003087702788
67.0,76.53743783628806
36.0,35.883694119676704
36.0,91.25352054394108
62.0,67.40571043008191
62.0,59.441037964697216
75.0,81.23140469916922
75.0,80.28217285220325
40.0,33.72498026912626
40.0,87.23847947650336
68.0,71.29266439132243
68.0,66.27806296536392
51.0,51.51722115554071
51.0,70.35028245191626
40.0,35.929893093771966
40.0,73.5474091063603
46.0,45.377525045182836
46.0,26.485474774126715
71.0,75.67472986429692
71.0,61.79642832118981
70.0,76.08680480244897
70.0,61.731792140411756
51.0,49.126760088595006
51.0,50.656721168569334
65.0,71.24140353448007
65.0,70.7671512587014
55.0,58.47777649363883
55.0,85.76471384793098
43.0,49.05028755643906
43.0,28.77650115772161
62.0,63.53740078358135
62.0,55.489115342893285
7.0,7.743487433766973
7.0,64.8241174906733
69.0,77.22784192909626
69.0,66.28992339321223
69.0,74.48094517903576
69.0,57.99664928336887
50.0,53.48666099407154
50.0,81.73472042784255
18.0,13.76937768118188
18.0,28.208445888631843
33.0,30.439806432691114
33.0,53.33606861102527
41.0,42.131488262323444
41.0,48.16854266356131
68.0,73.53219992162076
68.0,77.36661459781851
59.0,57.44586326881796
59.0,56.03315212635215
72.0,79.38887615250115
72.0,70.2436529093286
71.0,78.67853891887444
71.0,83.16913305316996
65.0,69.12726375095082
65.0,74.42001442595023
77.0,84.17449061164672
77.0,47.475368490265225
71.0,77.11269789652908
71.0,75.33538590470357
72.0,81.68933136551635
72.0,85.38818597527455
66.0,69.76451465286101
66.0,60.30480220410135
62.0,64.26773805429315
62.0,48.10661310570515
56.0,55.162183257720585
56.0,61.777731149660724
72.0,76.99165907753303
72.0,61.85023036551968
41.0,45.81353337119276
41.0,26.86686128758174
57.0,52.713815672399164
57.0,70.26013811526889
58.0,62.14689580000663
58.0,72.73002977652635
65.0,71.33780138962157
65.0,38.36708804282023
40.0,38.84585432822303
40.0,94.85227853557791
74.0,78.71823742636639
74.0,3.447387923701285
42.0,47.32763928110961
42.0,74.47464425634269
46.0,47.76399443792769
46.0,80.13011699214036
58.0,58.71385344185427
58.0,73.38095445012544
81.0,90.17092945785765
81.0,26.67985741265761
49.0,51.796374624378984
49.0,45.46537483205316
7.0,-3.236665523762042
7.0,74.44488944565262
42.0,41.477764232532195
42.0,75.5834745768995
61.0,65.15345365726046
61.0,30.701713263443423
57.0,57.0480087239751
57.0,81.10443126956858
46.0,43.60111911504754
46.0,84.45880923869436
71.0,72.86742439338161
71.0,70.89572542065713
55.0,63.16853691461699
55.0,36.34638609456965
69.0,76.1172018868624
69.0,44.107923173209485
49.0,54.88912993700245
49.0,94.62718163339781
58.0,63.38530660636411
58.0,48.64077668268499
79.0,84.74138511701301
79.0,65.3719950171199
74.0,85.02866843111872
74.0,41.60856362506519
72.0,78.088660876951
72.0,78.7834176502152
43.0,41.44803469443332
43.0,58.01812412923124
66.0,71.2831319881239
66.0,50.026084279489
69.0,71.12209575690423
69.0,70.10807488748975
71.0,74.21419292998706
71.0,67.7032481829084
28.0,27.03919781966664
28.0,72.45383759058899
59.0,64.1550509933536
59.0,63.60068558644798
56.0,61.02315296665682
56.0,80.5645116585568
57.0,60.76472807569644
57.0,64.62723713212006
46.0,45.60180010524522
46.0,75.61535094073531
68.0,69.14307427775321
68.0,47.81432265766159
48.0,44.732539893608646
48.0,77.9647353871826
38.0,31.66284011379912
38.0,91.56756641370595
61.0,61.22646283476496
61.0,68.17335205116348
52.0,48.12809100944395
52.0,40.34115252885806
55.0,58.51397995140263
55.0,83.60964422740085
72.0,77.61183719096488
72.0,22.704133318604306
56.0,61.532759318311264
56.0,84.11303258525044
64.0,63.932267504010895
64.0,59.151353266257274
66.0,72.82693242293112
66.0,74.1056743561349
70.0,72.52385716911971
70.0,68.64956888543588
79.0,83.1869769389495
79.0,75.04433045300834
58.0,59.101616281603924
58.0,57.92424841823748
29.0,16.814704497795844
29.0,26.29009409706765
64.0,64.0531865197737
64.0,74.52482333891624
62.0,67.05075893865887
62.0,64.25365030095242
64.0,67.08387455143611
64.0,19.553029511650664
52.0,56.515491078687205
52.0,45.87107892275441
58.0,61.92165891807565
58.0,59.10602983234122
68.0,73.47849790698939
68.0,67.79283239445874
72.0,81.34993713597316
72.0,80.12216439937981
49.0,49.30414415005282
49.0,49.69598296555489
67.0,73.28719161344566
67.0,84.10872021942879
58.0,63.88473375419915
58.0,73.31665554069514
65.0,67.62567529685526
65.0,62.91033185172586
69.0,77.33332128484062
69.0,71.63390126796548
55.0,57.65345632945872
55.0,72.91503536325433
52.0,52.742473018228566
52.0,79.02819090358702
68.0,73.52751852645639
68.0,53.37694980542312
62.0,62.585408856422134
62.0,65.29681593125491
55.0,58.333496318587436
55.0,69.0614686422191
59.0,63.161141152090124
59.0,31.169954565005128
32.0,19.898423906254607
32.0,32.62807145522521
56.0,53.633193762266444
56.0,70.52812040699462
50.0,56.047363405691215
50.0,44.34613078360201
70.0,76.3935289630216
70.0,44.69721212422962
68.0,71.86775539864675
68.0,67.21588870254749
62.0,66.44361693579651
62.0,62.1321790870694
33.0,28.166269594006394
33.0,60.37621869150496
53.0,58.30242526483073
53.0,70.31964676274868
67.0,68.40746049284661
67.0,71.65772989368446
59.0,59.85066417077297
59.0,85.11159391041815
26.0,11.195611110903826
26.0,44.34613078360201
74.0,78.83099178780918
74.0,53.17858937553149
63.0,65.81989822141861
63.0,69.31209503422303
57.0,55.99205913255656
57.0,45.95923850272942
70.0,77.95803441198257
70.0,63.94624126791149
44.0,44.00462791388787
44.0,14.800315053451584
51.0,47.6566113252984
51.0,70.09295996656635
67.0,70.07845658195168
67.0,74.94084838115657
64.0,69.2239778333107
64.0,75.87328889559615
51.0,49.91770031090539
51.0,52.006746807215336
44.0,40.54964623376003
44.0,81.90558159634725
78.0,82.9173319842385
78.0,65.44037022296357
61.0,60.43275508345266
61.0,51.40529250192645
74.0,81.42881512464544
74.0,71.08344007506582
64.0,69.79876423060642
64.0,79.81908942770838
44.0,42.16883796937719
44.0,45.9975351313289
62.0,62.17552094380386
62.0,60.474054996639325
52.0,54.28410719094501
52.0,70.6938452867613
61.0,66.58541369896403
61.0,72.00473173462143
74.0,80.55675970381026
74.0,62.96099808209516
73.0,81.10332952622349
73.0,50.546692507487535
74.0,77.95517857979866
74.0,79.11560065751087
62.0,68.08399680157902
62.0,19.65587911361814
32.0,26.984510016523416
32.0,48.98801438783937
50.0,52.02132900718078
50.0,47.38618866549973
55.0,51.92647331809292
55.0,59.186592610025286
70.0,74.88134356964343
70.0,49.54704631744653
57.0,53.859622789727496
57.0,62.055521888944384
44.0,38.584935924006004
44.0,87.31286955092764
61.0,66.47683069224422
61.0,42.95548819263598
72.0,77.8960029302122
72.0,71.00037957934813
65.0,69.72745312785821
65.0,32.34626645885288
45.0,37.96943966541272
45.0,77.88850069813827
78.0,86.93726495658149
78.0,70.85006516932322
66.0,72.57992185392419
66.0,90.07468025711711
43.0,40.55689706984856
43.0,68.04148746439193
59.0,60.92515835922046
59.0,37.52331730678242
59.0,67.39963427249313
59.0,76.86609890388979
76.0,83.23611797094401
76.0,58.68017216620302
39.0,31.14441507987857
39.0,72.55644349752475
69.0,72.58323853553014
69.0,86.360987787581
56.0,57.73434824669141
56.0,78.67946611692855
37.0,44.003111179191364
37.0,57.29627395522755
71.0,76.2016391198531
71.0,60.66101535320092
75.0,81.3884147109444
75.0,49.21172131252024
56.0,58.76499450483942
56.0,80.64920024622353
66.0,71.73664038028926
66.0,74.94545638705625
51.0,55.66316025793435
51.0,85.97580654691609
34.0,35.932521589691476
34.0,84.54364436373999
22.0,10.601566488142964
22.0,66.31017742407596
80.0,85.88970089357639
80.0,46.185078567269386
78.0,83.522313596468
78.0,70.00146204464738
61.0,63.87752081090389
61.0,42.70069267092043
59.0,61.41538550689222
59.0,69.4663463226114
69.0,75.5817146671398
69.0,70.99622968406766
67.0,69.69408304514064
67.0,50.09996650361586
61.0,66.33571060232373
61.0,74.13319799910408
56.0,55.31310784352479
56.0,77.09729618167142
61.0,58.74402429104941
61.0,85.3492103672126
58.0,57.84714266010991
58.0,71.25334552714264
37.0,36.811829690812544
37.0,82.02389040908025
44.0,42.200663371115866
44.0,74.07900317677968
41.0,33.83463433429972
41.0,72.3987057654158
46.0,48.48293031688547
46.0,82.1751396656486
48.0,41.3531018635212
48.0,66.81711859097044
78.0,82.92733328593607
78.0,45.93951454696304
64.0,64.6857106802338
64.0,70.8038354482249
48.0,49.29307551910898
48.0,63.90796439351544
43.0,41.001056959240486
43.0,85.37378067337471
60.0,65.50170519488904
60.0,81.87992672799277
71.0,73.7426021992315
71.0,71.99547830410074
70.0,73.40008942017448
70.0,53.1163110601002
64.0,66.14555707924819
64.0,82.14592971058647
49.0,45.286879141035115
49.0,75.09740157420583
75.0,80.78612833081223
75.0,73.56514597144348
52.0,55.408967711665014
52.0,83.81697207563025
67.0,71.5619423589552
67.0,60.448608214123055
59.0,58.92882970014483
59.0,77.58232637416137
71.0,76.88126657089288
71.0,46.67156312908287
67.0,73.04507575200682
67.0,73.85551988607642
62.0,64.7689442175755
62.0,78.05718757164072
55.0,55.63884221640626
55.0,88.79905259849113
69.0,76.25909419824393
69.0,63.25827937320764
56.0,56.44027317637813
56.0,79.47876687389817
41.0,45.526307294756066
41.0,71.00379883078693
61.0,64.08923760470594
61.0,65.44499682901841
54.0,52.8428482288283
54.0,29.965027218841612
61.0,66.19991425533902
61.0,34.073557399515096
65.0,67.66988663198447
65.0,82.88579857614292
48.0,49.05299820431401
48.0,46.0190811403304
69.0,75.3163102368149
69.0,62.85671587153007
62.0,66.90126898771445
62.0,87.76485322339965
77.0,80.10279855572571
77.0,72.73551092389454
79.0,82.93254949737548
79.0,62.392624923506276
49.0,46.768910958170636
49.0,64.46669853755708
39.0,39.947600381743655
39.0,50.92473401734685
57.0,61.69315948333218
57.0,37.5061315817706
63.0,64.18276008804946
63.0,38.98724432004951
78.0,85.18266561649108
78.0,73.81518416487938
28.0,20.43242848617666
28.0,48.97077017495525
59.0,53.85162610635189
59.0,52.50438941416377
44.0,41.05937710116291
44.0,60.4752202325127
76.0,78.19462157811523
76.0,49.40063276937042
74.0,78.6643535557144
74.0,31.772544575749635
71.0,79.01027609770017
71.0,72.02798862558967
36.0,32.075355357523335
36.0,85.16562059885092
73.0,77.86618124300333
73.0,63.7022221215027
63.0,64.92680660217638
63.0,53.65744795103814
47.0,50.79365209878506
47.0,81.04804006948928
60.0,61.850337417528635
60.0,48.61592106255574
69.0,72.73629674458664
69.0,70.21425909846039
56.0,55.18338231489918
56.0,60.09780086074892
25.0,16.173613044374633
25.0,70.47963617624623
30.0,31.169095171895663
30.0,79.01582014541378
36.0,32.53177947369693
36.0,66.1933425073932
43.0,45.88825156385212
43.0,81.08500960316576
50.0,47.289195101417874
50.0,58.65431714560191
69.0,72.72280140905224
69.0,60.098210246981296
30.0,25.67542309015363
30.0,77.09137582317368
60.0,61.916503751396704
60.0,66.38955103312145
66.0,71.95431242689659
66.0,75.51590074215869
42.0,41.50113971558443
42.0,47.14462937583892
74.0,76.84620168744004
74.0,47.72901652975344
64.0,68.7194547131499
64.0,46.15116122692302
70.0,74.54606843523618
70.0,72.07466217681889
78.0,86.07040127912416
78.0,34.110548859780295
80.0,85.8832591557279
80.0,71.20426057388983
67.0,69.11123129028817
67.0,47.87381755269246
66.0,70.7585981794382
66.0,67.54770047944186
63.0,65.94941583654804
63.0,46.68723679248501
34.0,25.884652904494658
34.0,85.55567236582016
67.0,72.71207468057997
67.0,77.94936639790922
75.0,83.22103218331802
75.0,81.84346143304037
41.0,39.669070940802555
41.0,61.16356136191081
19.0,17.01817205367263
19.0,79.22659460441861
68.0,72.55220528522534
68.0,34.10610376096457
65.0,66.94387759118104
65.0,68.98145076726337
56.0,61.80601346322135
56.0,50.31136674659899
59.0,63.89858516224905
59.0,47.463922669843555
65.0,71.37177559660194
65.0,67.57697504297403
44.0,39.295099546329084
44.0,73.03810192002987
57.0,62.02062402429726
57.0,76.75759692127826
51.0,51.92824713462238
51.0,74.05230747496017
68.0,71.43722981829512
68.0,74.8938508544062
73.0,79.14336819389825
73.0,64.71161966541695
37.0,33.356189318793156
37.0,44.55572707524095
58.0,62.80127304647027
58.0,84.56376028196183
66.0,73.38206837263601
66.0,69.72563628267437
59.0,62.4164190398501
59.0,28.838533351126102
41.0,43.08622819162895
41.0,77.78492700303377
45.0,46.51806097627724
45.0,83.22932501146397
57.0,55.06905833279359
57.0,21.8737554522412
74.0,81.97510660421494
74.0,80.62947005473768
69.0,71.66440062744738
69.0,85.56109327961025
75.0,82.02860992229796
75.0,73.96631349546732
59.0,60.9598854662911
59.0,73.07835460768575
45.0,40.83854853407331
45.0,81.09076816509304
74.0,82.98814554596106
74.0,74.08508056453587
65.0,71.41096316557616
65.0,76.14285062246256
39.0,40.23347536345398
39.0,77.99558067718976
49.0,47.139813685022546
49.0,67.54107108104722
43.0,37.26737067572583
43.0,57.02694038231317
58.0,59.82577631419912
58.0,73.4218153368991
67.0,71.08706152177973
67.0,75.04527536531418
66.0,72.53101232057588
66.0,37.59516592807728
75.0,81.89405039342313
75.0,80.1589059090739
72.0,74.4483326366256
72.0,65.7695316072037
74.0,77.78130578254115
74.0,18.5276646803556
77.0,83.2295564326974
77.0,68.87922246371664
73.0,81.84012078020368
73.0,82.46468376654315
67.0,71.81019740695854
67.0,65.26373013138124
56.0,56.72636683960059
56.0,61.05558883603953
61.0,65.75845275085868
61.0,68.88837163466837
65.0,69.77408906143648
65.0,44.407755860624036
76.0,82.24179665947656
76.0,82.57999569131147
65.0,71.74923697327489
65.0,74.6365617556607
74.0,79.85439975424026
74.0,70.56072148713992
66.0,67.68707524092133
66.0,78.61200225980241
40.0,37.225465138058496
40.0,56.66805806627855
53.0,51.11684763775361
53.0,45.06996682927684
71.0,81.16029460151526
71.0,71.92832379531256
58.0,65.63945845183866
58.0,69.29835065586002
53.0,56.764847587902636
53.0,77.89304912144075
69.0,76.74621970085599
69.0,75.34660356407318
40.0,39.019973216096105
40.0,65.1093438457678
69.0,77.05737202523136
69.0,66.666468699179
55.0,55.590096422045235
55.0,83.67539916003977
55.0,55.34521733194492
55.0,69.4849070023966
50.0,53.03458371114573
50.0,71.14709926733696
37.0,30.427452073785958
37.0,38.07035902601564
66.0,72.88193213166431
66.0,79.37638410535186
42.0,34.91881664184325
42.0,59.4031829743887
20.0,15.58926886456885
20.0,74.94053800712567
74.0,75.65390054691852
74.0,68.96835953944964
47.0,44.843089009646974
47.0,69.01862491844963
79.0,85.63413879529361
79.0,13.761269536247482
63.0,66.74630235628791
63.0,75.89293626442094
48.0,46.78447535374028
48.0,42.151059410938274
24.0,16.461007372816027
24.0,56.29244421968349
54.0,56.8458024511263
54.0,76.05101110431679
76.0,85.5373707672286
76.0,68.05081032986556
53.0,50.63958063856791
53.0,63.563318961115385
79.0,85.7137840647128
79.0,50.15008786694631
65.0,67.04480385895761
65.0,31.81814995457404
67.0,68.40762366455272
67.0,76.3946814130847
80.0,86.95568227966078
80.0,20.344061066987877
74.0,80.67139684286309
74.0,69.93911839030835
76.0,85.73046889005622
76.0,76.5549817012373
66.0,72.39919405183025
66.0,22.8753958799972
64.0,68.34229183815359
64.0,62.66303724483015
79.0,85.93606163060605
79.0,68.23425910469422
28.0,22.939961177461328
28.0,42.484277409218635
58.0,60.272926016017436
58.0,53.19665657972814
60.0,62.49741185520054
60.0,66.48157642386758
68.0,70.31113920463184
68.0,45.2162431234857
42.0,31.551513800166163
42.0,58.23348980172909
41.0,38.288318129653305
41.0,65.62536309427526
66.0,68.72650317307455
66.0,68.75535015646074
65.0,67.94157282368155
65.0,85.93433640903157
63.0,65.96708574716138
63.0,80.68715101927955
35.0,31.218311358678193
35.0,46.150569186530674
46.0,46.52955056100029
46.0,69.55597058943829
55.0,56.79108320323979
55.0,71.81570837951301
61.0,64.85294189648965
61.0,71.4459793343313
55.0,57.20541254962296
55.0,70.30435558454172
63.0,69.41183363764895
63.0,64.17519713161374
45.0,40.612089596576766
45.0,19.898820041696865
71.0,76.21342195303549
71.0,47.21894734690892
80.0,85.97429836895816
80.0,68.66175466707386
53.0,56.42104514865861
53.0,30.53175011489151
48.0,51.383269560417375
48.0,81.68140537276491
77.0,86.00332178775153
77.0,31.08546454271101
54.0,57.53628418182433
54.0,29.067815431482643
85.0,91.50400179003219
85.0,66.41146958755172
75.0,81.31730018578565
75.0,81.57086795098502
68.0,72.19084983267129
68.0,58.46330556231726
67.0,71.50439496506704
67.0,65.43525092429735
70.0,74.39471902297754
70.0,83.82006103430354
58.0,59.908783721220345
58.0,37.262443586716245
56.0,57.18460919667746
56.0,81.1159104436789
31.0,30.33514837062222
31.0,11.337122534909497
53.0,51.46157701693471
53.0,69.02083962240602
63.0,67.81155538620982
63.0,72.35111998928079
65.0,72.08614480195405
65.0,50.413801122324
22.0,9.615852996923195
22.0,57.79528392792929
51.0,44.847898821562865
51.0,56.331082181970714
60.0,56.0396567498351
60.0,42.852079900529986
53.0,53.15241968211609
53.0,92.44290628999869
67.0,69.70784657051831
67.0,81.34711508476249
72.0,75.56822482905318
72.0,72.792202933927
66.0,70.92939841979336
66.0,37.036372405537065
30.0,16.37898037222766
30.0,77.88376968555855
70.0,76.90448200126656
70.0,75.6240600981871
71.0,76.39851659840258
71.0,61.528606492210656
57.0,63.371218511163136
57.0,65.40558487862967
73.0,79.11191223508871
73.0,71.14182958966882
46.0,51.62344112029257
46.0,66.31270456397368
70.0,79.31967588898698
70.0,80.96146128480751
40.0,41.855027265726335
40.0,54.218018410824016
73.0,76.71393228080359
73.0,55.56102604102591
75.0,78.2911764731586
75.0,82.74513131921066
47.0,48.20815149745687
47.0,78.70944604318572
22.0,9.496762527450414
22.0,48.586174164081285
43.0,37.61048801098616
43.0,68.2409537999016
68.0,74.12085851781848
68.0,74.83261038421006
52.0,56.026415955406605
52.0,69.34077627723093
72.0,78.96440187335435
72.0,33.356189318793156
54.0,55.702277211220405
54.0,77.75749326230175
50.0,52.84230512214435
50.0,72.76045414471992
63.0,64.9334274639894
63.0,39.14974368316928
63.0,66.36145977773725
63.0,37.52331730678242
59.0,62.32220305189804
59.0,13.606090762546444
77.0,85.4808341203231
77.0,50.74465729080117
69.0,71.99138195029644
69.0,36.82146603228131
53.0,53.684194225615784
53.0,69.51210110465951
56.0,57.74710996466638
56.0,49.286624022469766
63.0,66.23257014932409
63.0,70.72026856797709
50.0,42.553516096827366
50.0,52.08221724944889
72.0,76.50343908715246
72.0,47.92894194712363
53.0,56.92507780527774
53.0,38.39692104853543
53.0,48.89166039845145
53.0,51.60906865996344
72.0,75.82807227551893
72.0,26.692651394978327
33.0,31.275652900760633
33.0,59.831691687939895
61.0,61.86129740430272
61.0,70.69205759627954
78.0,83.77762033944066
78.0,43.37416290269465
54.0,50.1560744957917
54.0,83.99840521226042
71.0,76.56312322836772
71.0,77.36806427141505
60.0,63.62873649911256
60.0,16.345686729083297
28.0,14.18989145521499
28.0,59.90836742742442
63.0,67.30001786050775
63.0,77.72154550210246
72.0,76.85131989947422
72.0,75.66197006356799
69.0,75.01131563722981
69.0,71.56330370895046
79.0,86.96522879600076
79.0,77.97718088250912
63.0,64.39517594924087
63.0,51.27356044411573
47.0,44.018576357371614
47.0,82.41310168452975
48.0,53.02348291738997
48.0,61.26466300576135
80.0,88.45590278854144
80.0,36.94636489671507
80.0,85.55425694586978
80.0,60.97247080623691
72.0,78.49334693454796
72.0,46.86948520140788
66.0,72.12996904110207
66.0,63.0638497228868
68.0,74.41846820014717
68.0,71.69013507225293
78.0,82.71135185223295
78.0,62.52384010477897
62.0,63.849393711440314
62.0,78.03137337236018
74.0,80.91452433705791
74.0,43.77642686543862
65.0,69.23164199794462
65.0,85.75339427267681
71.0,74.21124934769512
71.0,49.647250069901645
60.0,66.66785860449858
60.0,68.28144352684029
60.0,61.31524103001698
60.0,69.23252047652932
58.0,62.58246828860052
58.0,62.61935961831239
64.0,69.48704131723889
64.0,70.47643118288556
48.0,43.21463622016256
48.0,17.805986923467344
24.0,27.30382933260188
24.0,49.924323358982065
34.0,30.104835795197516
34.0,67.94412221652055
62.0,65.37422961147655
62.0,81.85214891653703
55.0,60.095808210102746
55.0,22.708223132301896
55.0,61.64469048038751
55.0,71.3298122648938
53.0,55.85549667722
53.0,69.6311020640751
80.0,88.36465672230707
80.0,69.23634144339741
64.0,63.881698388008886
64.0,58.375332053783836
56.0,55.708391931379424
56.0,47.070784904710024
40.0,38.39692104853543
40.0,82.32950293771387
74.0,80.08913420822478
74.0,70.22951080707566
59.0,63.26779329830521
59.0,59.71590460857311
69.0,74.16274405533244
69.0,56.161703515494935
72.0,75.59944137718105
72.0,10.156709789094236
55.0,53.98222800364067
55.0,34.72841614463567
33.0,34.64747066197282
33.0,61.99622011612854
75.0,79.85944116809765
75.0,78.80200765388429
53.0,54.5886937701726
53.0,83.884780400014
37.0,35.05104442438403
37.0,68.2545763882573
57.0,61.328773933966716
57.0,74.47585684857086
71.0,75.83815908809424
71.0,78.17239905308503
78.0,85.0514574075454
78.0,74.47606665577854
67.0,71.49709672128404
67.0,68.37875900398643
67.0,71.46214305456323
67.0,77.57232495840958
55.0,58.47777649363883
55.0,57.694928204408086
53.0,49.384420964682874
53.0,55.92602874490137
66.0,74.07902284207535
66.0,34.571370874134175
80.0,85.25158408451932
80.0,74.68690563124983
55.0,58.485613667156315
55.0,80.29509606503132
60.0,60.30865200009151
60.0,78.53722961651903
48.0,46.66155129059376
48.0,69.94119219126333
68.0,75.29454341225897
68.0,79.79755975371432
64.0,68.23060560165192
64.0,65.97676410310856
77.0,85.26883130369242
77.0,68.01499620871613
65.0,69.00392818108008
65.0,47.05491622424307
70.0,76.37286695576506
70.0,65.19500347935423
78.0,81.61010718142046
78.0,68.9737271285108
49.0,47.757875272110084
49.0,74.50002096636462
55.0,60.29024499268672
55.0,72.88629760142857
36.0,25.5305619942921
36.0,87.57975950207702
77.0,87.78135899013984
77.0,77.07301067034854
42.0,42.451045784203586
42.0,80.07411289878183
62.0,64.19181260861768
62.0,21.220043749377112
64.0,67.7968346336599
64.0,15.861832113587695
45.0,48.4666934492206
45.0,46.49158768265977
72.0,77.46562840581669
72.0,79.00655614988113
60.0,60.726092679930844
60.0,62.41181760593935
41.0,38.439375715356675
41.0,67.63932800563617
51.0,51.526917187099514
51.0,80.73221137374088
59.0,61.6224615813133
59.0,5.228196213897434
68.0,71.16717055593693
68.0,72.08603078121592
72.0,80.61420694220698
72.0,63.659807323365044
40.0,48.086443721285946
40.0,47.54177789204323
59.0,60.93349834102014
59.0,57.4739094427631
62.0,66.86910790061887
62.0,46.329248749994576
72.0,75.42754251678548
72.0,80.9588242687397
68.0,73.47156547492347
68.0,63.10318092815464
71.0,75.85518288382394
71.0,64.43165544803497
72.0,75.96921649650773
72.0,45.06060560884765
64.0,70.05894512882719
64.0,61.97053466343772
71.0,75.55427955235768
71.0,76.4730953211241
61.0,65.90277254833143
61.0,24.44282713141149
26.0,30.114144076168145
26.0,83.02562917459682
65.0,68.20182714119534
65.0,64.64336212379561
65.0,69.28787671487356
65.0,54.250329310261066
79.0,87.40816023280479
79.0,43.69412035856368
69.0,72.145873389597
69.0,27.741709288270954
72.0,77.03549549154275
72.0,80.02159353458256
41.0,41.97109937447806
41.0,70.49697630518847
72.0,76.4073086852656
72.0,46.98500746966306
45.0,41.531377695954404
45.0,49.85127897264027
62.0,65.75610608195234
62.0,43.67544608007205
55.0,58.75744877118569
55.0,81.27498713448085
60.0,66.28943592742951
60.0,77.57803779884375
75.0,79.84193903264816
75.0,78.27460346467291
16.0,1.8877576801650093
16.0,76.98981369437308
63.0,67.56962594838825
63.0,62.94909458876475
60.0,63.25583527626759
60.0,56.685987926441555
50.0,53.110573686232726
50.0,87.72662274518262
29.0,17.993212191582074
29.0,56.33234685137353
19.0,17.90032518770397
19.0,93.77877235958243
30.0,25.252705573631374
30.0,72.50063347946491
77.0,85.17510597854192
77.0,51.7442818171852
54.0,57.84638438061228
54.0,51.05924254839846
25.0,25.246963040580397
25.0,25.411158387257387
71.0,78.46386837361416
71.0,21.311245841769676
78.0,81.94618925800847
78.0,62.485116342325
33.0,33.738852656696224
33.0,86.64714508683437
28.0,23.08715545566821
28.0,78.33908967810328
34.0,33.38561848022226
34.0,55.48850988711763
47.0,43.48210461359554
47.0,71.6829290671285
46.0,47.2618455295372
46.0,65.32966846333727
43.0,37.76889341398788
43.0,83.83938155663833
56.0,55.455161382860865
56.0,70.68569034221241
65.0,69.98373807865335
65.0,52.638923555152246
70.0,74.76029899987225
70.0,67.56494631320896
71.0,75.53599046357425
71.0,28.43395232056588
80.0,85.10885554539789
80.0,47.44407227680858
69.0,76.05182426092875
69.0,63.72332212501402
17.0,13.832362713041107
17.0,76.28540892098448
60.0,62.21758784645249
60.0,64.68254379730814
68.0,71.97789747637881
68.0,75.4779431412473
72.0,76.5842338136066
72.0,53.00020365048226
60.0,63.07683602500339
60.0,80.82883050028579
38.0,28.480114974242895
38.0,24.41034422469727
69.0,74.45482003589052
69.0,69.42557280695007
62.0,65.76494144371122
62.0,54.78395505995309
72.0,77.72719892173757
72.0,67.91418201951831
58.0,56.130227436563416
58.0,64.70900580139175
57.0,57.84885793169667
57.0,66.35696576438232
55.0,58.65242699243959
55.0,33.78562060760464
67.0,71.09151483417327
67.0,81.0703344403567
79.0,86.18417865478358
79.0,66.46617517937545
71.0,75.56121205127869
71.0,79.60362985148845
72.0,75.4116621865075
72.0,81.0890385581439
27.0,17.91691817198881
27.0,74.60665704479362
73.0,78.96996686455532
73.0,57.781699140912565
59.0,60.67514376591464
59.0,63.50037662301287
76.0,79.45333493545462
76.0,75.41437535582077
65.0,68.62463302575435
65.0,82.97075190116743
60.0,60.61678278879111
60.0,83.55498429840765
70.0,75.59299704488552
70.0,41.584135557259685
25.0,12.520835036149379
25.0,59.66503870023399
54.0,54.54977694822247
54.0,49.82064547589346
63.0,68.68871656275371
63.0,45.186689571302566
56.0,56.23847249017433
56.0,66.41712786019491
75.0,81.4236257958541
75.0,80.23302978813575
70.0,74.46693751126725
70.0,19.800370673963016
51.0,53.66106365645982
51.0,71.8892894313351
62.0,62.14943918623794
62.0,67.19151205375584
48.0,51.59322618359124
48.0,79.0709559161375
72.0,77.67282675346723
72.0,62.7064124219566
62.0,69.0522204715582
62.0,64.75512872425281
69.0,74.20216448567544
69.0,73.72985893972475
53.0,52.94966849898208
53.0,73.45901093949578
74.0,79.86574567119942
74.0,78.598329069959
74.0,81.79013861486612
74.0,83.06697563039148
72.0,76.77408640989796
72.0,71.37551968716599
52.0,60.107275248274334
52.0,81.71953294967295
68.0,70.56008899843425
68.0,67.55051348525774
67.0,74.36521205330769
67.0,67.87751393195674
54.0,56.943889781750556
54.0,65.53927550951903
68.0,72.7753896720098
68.0,24.47169292310224
62.0,60.72347461609877
62.0,73.91733801904405
78.0,85.64579392459552
78.0,65.64128367597255
51.0,47.685277626922186
51.0,70.28501998327658
67.0,70.39615148232502
67.0,67.66270216609286
59.0,62.24266390768031
59.0,78.73771135760813
36.0,33.072307619692594
36.0,48.748070182107654
58.0,64.25613977141518
58.0,64.76951604243152
60.0,64.64044616629496
60.0,59.60042550302978
38.0,43.15399118585782
38.0,84.92518025793868
49.0,42.40272741861344
49.0,45.384828198938465
67.0,70.63006442831181
67.0,42.581747748954456
52.0,56.86653309836157
52.0,86.24831439021688
79.0,85.75403207181176
79.0,38.88864571823132
67.0,71.21876905859989
67.0,78.43506330226882
66.0,69.52221696574878
66.0,47.455772080843246
48.0,52.757023009517354
48.0,68.992681221782
68.0,75.74458415188866
68.0,49.94959132495819
45.0,48.441219580366464
45.0,62.18399509039301
56.0,52.923326195340735
56.0,46.01501542007128
63.0,69.55351722805977
63.0,78.47482538511133
70.0,76.60983776059823
70.0,68.69460700755212
63.0,63.260126156341585
63.0,47.497714055841186
54.0,48.6226850612444
54.0,65.76733484676674
58.0,59.06351874513018
58.0,58.75744877118569
30.0,21.20658961874318
30.0,78.45409936518462
68.0,70.80624024212977
68.0,74.70337750661213
72.0,78.44478120920155
72.0,82.98324374116515
58.0,58.02249019985135
58.0,70.12114706623476
68.0,75.8724436443535
68.0,65.36333849653818
69.0,70.67953120179595
69.0,65.03957956590347
56.0,60.41663816425125
56.0,80.35870977375657
77.0,82.9062723037357
77.0,14.208766775822028
74.0,79.43382500285963
74.0,67.48349761381218
62.0,60.2695528640877
62.0,45.55247822721827
72.0,82.0742249935148
72.0,62.371022332313146
76.0,82.0667633318979
76.0,74.29755053125115
32.0,35.93997791784051
32.0,76.94471297594805
69.0,73.26470434625969
69.0,72.00580593515855
53.0,59.631975645836235
53.0,11.391908975097977
61.0,60.60365847762682
61.0,33.22781454259518
75.0,77.7142966185981
75.0,79.85759636171849
35.0,24.298839529920087
35.0,81.05254071745333
79.0,86.9933069535524
79.0,77.15634547354131
38.0,38.27281922718316
38.0,77.95642889731863
66.0,73.81896992567658
66.0,78.13465131373852
67.0,69.96573376434151
67.0,49.71437384488519
63.0,67.11924230724134
63.0,62.68807436422088
74.0,78.04813034231267
74.0,74.41143959279526
67.0,72.44729983046005
67.0,68.92462350149191
73.0,79.66897676832241
73.0,72.77316211449983
73.0,77.06336129706301
73.0,20.608334299682042
60.0,63.84172311116362
60.0,16.37898037222766
50.0,59.336137022095386
50.0,70.8997941153242
79.0,86.7176660073996
79.0,48.56490637079389
65.0,66.3477644464702
65.0,59.46341859233826
71.0,81.03000182113561
71.0,66.234368780843
71.0,76.56363872768299
71.0,72.32923675744172
56.0,61.326820883853145
56.0,47.31650072052116
37.0,39.885406922873926
37.0,47.574028030724946
40.0,38.18777721904962
40.0,34.17998108976309
69.0,72.61481805111669
69.0,54.5886937701726
69.0,70.96228179980938
69.0,79.31076803507062
58.0,61.87693251257048
58.0,65.05252024731863
58.0,59.05050566485971
58.0,71.0889132585454
68.0,73.3356545889315
68.0,70.7194709137338
65.0,68.78851550040508
65.0,22.947732664304795
66.0,69.76641068731186
66.0,81.46991365666719
80.0,88.12585514318533
80.0,73.5295703311237
56.0,62.46396870175039
56.0,77.6431768983735
63.0,63.57280477680274
63.0,78.75301836845915
51.0,50.86970921414269
51.0,77.363535240624
63.0,70.06944960147666
63.0,73.52204383436549
75.0,79.3083898462919
75.0,61.16120943335443
65.0,67.81706752666497
65.0,70.48555965116532
66.0,71.31303746775092
66.0,8.837468583549764
53.0,58.661059716988575
53.0,75.12190087840258
44.0,47.37432000793615
44.0,77.42026868429184
68.0,73.43525328211206
68.0,31.92808986065438
67.0,73.2661281069407
67.0,78.81966735534564
42.0,41.87119639880416
42.0,73.02993667312649
42.0,40.98210799100417
42.0,60.47628664730547
59.0,64.02589054867764
59.0,76.90394472202303
72.0,79.8228826761349
72.0,51.916480738524285
63.0,62.5644411301688
63.0,68.17094805113067
57.0,60.56454383452535
57.0,81.24129057783603
64.0,73.29728626127934
64.0,64.1021624323891
65.0,66.38124332268586
65.0,63.93392413441785
61.0,61.770811731702054
61.0,74.70863680463566
66.0,70.96872594499399
66.0,61.0750537446134
76.0,86.25261452024421
76.0,83.38463677208819
59.0,60.39790223961444
59.0,63.37228160317454
70.0,78.11780822755543
70.0,86.41278637093467
74.0,77.03525149388861
74.0,33.19867916147513
75.0,78.64417043663906
75.0,52.722338397062515
80.0,87.75219265043484
80.0,20.16046901658791
68.0,71.28968218304527
68.0,73.5805321654284
72.0,77.33567986710523
72.0,40.05285923047944
28.0,23.61502287484751
28.0,92.46411416540838
70.0,75.15564227440899
70.0,85.09948271532068
69.0,74.0080569088355
69.0,71.67940280740447
38.0,36.48731259719773
38.0,52.594808907129845
54.0,55.020531615035395
54.0,72.05100015967736
50.0,51.83729942474582
50.0,31.03488549708527
44.0,47.13669272953092
44.0,80.55573654917742
63.0,67.8254990066099
63.0,70.57603182753826
64.0,67.08826730999994
64.0,30.734872485192
28.0,22.621772335115224
28.0,82.45333792539492
51.0,56.68187119826382
51.0,79.22249167555037
70.0,71.73780427718322
70.0,69.84885190689067
53.0,50.80897239429851
53.0,51.26264296480855
48.0,48.16832678901295
48.0,77.69521038644012
37.0,38.397864729348385
37.0,72.48143230773326
58.0,62.01148546205849
58.0,71.95918867202454
67.0,73.58132167100752
67.0,24.669143402222574
46.0,52.123112835911115
46.0,76.55839799241613
56.0,59.99548142298738
56.0,56.34805564343117
25.0,28.793830765221117
25.0,23.82877363773298
83.0,90.72522951601985
83.0,90.914617262197
67.0,71.49593651463243
67.0,68.7853817364404
63.0,69.69598276810677
63.0,55.454954651046705
22.0,21.382957706537127
22.0,69.01387823800985
26.0,18.486415699275256
26.0,76.36521401467485
32.0,34.471498611224604
32.0,89.31035917314188
30.0,13.143466544839669
30.0,62.701646207656495
30.0,13.480561357874024
30.0,85.19015299629308
45.0,44.92201264625248
45.0,63.720503668770505
86.0,93.3358293403445
86.0,41.87480544554029
64.0,68.07620777498374
64.0,82.07409035859081
58.0,61.233067908606756
58.0,71.07254459195656
80.0,86.12663860741276
80.0,33.49839468975165
61.0,63.21807634322215
61.0,78.69563222624453
64.0,70.63873070640193
64.0,87.51637013150804
26.0,27.322321028638044
26.0,68.02854920736866
61.0,60.72989127933971
61.0,37.99177673838187
53.0,50.72921439231732
53.0,71.93520462747426
69.0,73.73108219824258
69.0,75.7452738664432
65.0,69.11280384080953
65.0,77.74180272448308
85.0,93.60151643867448
85.0,55.94003839304702
69.0,76.00614164929061
69.0,55.49283251888869
78.0,86.53181124290029
78.0,80.17507276511816
60.0,64.95602533482986
60.0,89.68318612366414
48.0,39.31850539670222
48.0,60.94357422128388
77.0,81.7307404831896
77.0,69.64591523173056
70.0,75.59940056679608
70.0,22.445270543017386
65.0,67.20708391447005
65.0,49.1125078537126
71.0,74.61672478353614
71.0,57.17076564539019
72.0,79.74913129783465
72.0,30.71892526299905
74.0,81.68024759697437
74.0,39.540550358311066
73.0,76.74538167924902
73.0,69.90163078976684
82.0,89.22309043815443
82.0,51.856532322020655
67.0,74.4859991599368
67.0,74.50818812900138
55.0,53.535004388152345
55.0,44.82642365972674
63.0,63.46577364542986
63.0,65.533123650839
34.0,26.871450475877566
34.0,68.75995472477916
75.0,78.2889504107124
75.0,59.48204564569613
66.0,72.80281232897443
66.0,82.399965753049
78.0,82.4045165604415
78.0,74.05942677975077
57.0,61.1524801998865
57.0,68.24590087905398
62.0,68.95736017771299
62.0,68.683583584097
59.0,65.991268325698
59.0,67.15838690573855
41.0,35.87053283519981
41.0,71.7863366018945
43.0,41.35250918472326
43.0,11.309718242060512
63.0,62.67339849821116
63.0,82.97067842949201
74.0,82.86263100678997
74.0,74.98029771269353
73.0,79.41134561552184
73.0,44.82362643132541
48.0,48.20883181646997
48.0,53.10039247858077
61.0,60.63553749464785
61.0,81.22263790019525
76.0,81.61686309227053
76.0,78.69539410166198
58.0,58.340572142634585
58.0,54.07260026978037
70.0,76.14231682677143
70.0,63.4358397122237
67.0,67.29548768952594
67.0,74.44132463325428
51.0,50.367196612156135
51.0,83.66888836960885
60.0,62.995729168557375
60.0,57.30340241361347
67.0,71.03490439791693
67.0,77.96070949494907
56.0,57.326571562458184
56.0,73.00299484775348
85.0,91.62934294827704
85.0,48.05567615519442
74.0,80.69534202311138
74.0,61.83030992752623
59.0,63.26841298185553
59.0,11.391908975097977
62.0,65.97193641955312
62.0,59.90300788771282
44.0,40.65350639561376
44.0,62.038636127409575
67.0,74.93552943951101
67.0,71.68499895024001
70.0,76.73327810383898
70.0,70.46449876843394
36.0,32.664139920479954
36.0,45.39169279423703
72.0,78.30696994015324
72.0,72.92318789404152
63.0,66.22418172353144
63.0,66.06281933581437
66.0,70.35371025825646
66.0,55.69891930142461
67.0,67.35112628671078
67.0,37.183192837182446
67.0,69.70964295677669
67.0,8.976380042195842
49.0,46.951672703440124
49.0,61.43049172845127
53.0,49.42390660866994
53.0,43.07035068303719
53.0,53.58604723390573
53.0,84.24333530415134
79.0,86.82456696124922
79.0,23.145105288563855
75.0,80.91949976583396
75.0,64.21886865095854
44.0,49.39149723479596
44.0,66.64735655982253
52.0,52.015543987079184
52.0,65.88256312965763
71.0,73.27346554901277
71.0,80.38497381855302
57.0,56.866707247584145
57.0,80.80873719347397
57.0,61.73109120127299
57.0,76.01340095408813
75.0,80.4376033154926
75.0,54.879945901443136
78.0,86.20232626081997
78.0,52.81990275363319
50.0,52.581427001714474
50.0,36.72694463355083
28.0,30.46076101170314
28.0,17.35996875547545
72.0,77.90023432331401
72.0,82.37159855903411
51.0,56.7703198464701
51.0,71.42796466880424
60.0,64.84581635175675
60.0,55.34448726502188
54.0,58.515809232858885
54.0,55.88372154534426
78.0,84.82780063650637
78.0,72.45180277779826
61.0,63.96348111269009
61.0,79.64441118629901
67.0,70.86413811407607
67.0,60.66370480556628
73.0,79.95440405245864
73.0,76.68941393150203
44.0,48.586174164081285
44.0,81.78283865212876
70.0,75.13753894455573
70.0,62.868996731014306
67.0,72.16662178833411
67.0,86.08684897327686
69.0,70.23597836836672
69.0,47.93992178218764
48.0,52.048315475427216
48.0,65.82516445981997
55.0,56.63239549793366
55.0,75.29186938665077
52.0,49.75529641291121
52.0,60.362961769968194
63.0,66.41735084341963
63.0,68.51220286654359
18.0,16.463703503576426
18.0,75.95722401857603
80.0,87.77596829925739
80.0,22.141068267452283
66.0,70.21575746779382
66.0,61.53494111810028
57.0,61.71058004305337
57.0,45.75627306149124
61.0,63.64174735971852
61.0,76.35826445200746
61.0,68.11522857335171
61.0,80.12290231559086
51.0,46.45127591691346
51.0,56.67840880518463
53.0,51.46038793282031
53.0,81.47090690189054
73.0,78.35602043323058
73.0,73.61401936550192
64.0,65.20415328095942
64.0,70.89975939789531
57.0,53.28475863433408
57.0,43.00975773360523
37.0,28.11462725364686
37.0,70.11378764110555
74.0,78.1809160956144
74.0,51.052596182168486
55.0,60.014050981863534
55.0,64.20470168880962
76.0,82.27720732007941
76.0,62.61099001219873
31.0,32.95505539752395
31.0,72.98793967066092
69.0,72.29476526402993
69.0,46.13673377841525
63.0,62.96230588035206
63.0,69.18002564781989
78.0,82.31285696238695
78.0,75.4891253040746
79.0,86.63699253540074
79.0,38.84621321665145
48.0,50.343478977303846
48.0,28.19169746911473
72.0,76.92442760199032
72.0,62.14928549524609
44.0,43.3892230246405
44.0,21.956541573258278
61.0,62.785350673693586
61.0,25.411217493012145
66.0,68.19783726224131
66.0,78.07723842050581
66.0,69.32271435099562
66.0,83.87575459869817
69.0,72.31944297457136
69.0,79.05181685386015
69.0,73.78967223015167
69.0,80.76135227833299
52.0,55.74297516148812
52.0,38.5433092890554
48.0,47.463922669843555
48.0,77.01649930484285
70.0,75.6223518184122
70.0,65.99708897171769
53.0,57.89788421831139
53.0,74.0953145729797
44.0,45.46470873220028
44.0,76.7683247270341
75.0,82.59897958432356
75.0,60.68321159650884
78.0,83.91614652579341
78.0,53.67770798328297
67.0,74.7995885404452
67.0,72.19916559669582
65.0,65.71052258138286
65.0,75.71918481344636
65.0,66.22754075401326
65.0,72.6380045919816
52.0,54.758387613280036
52.0,77.47230950711571
71.0,71.73902202348444
71.0,64.90991728633497
66.0,72.3299718146049
66.0,72.7844646408692
65.0,67.67568925643792
65.0,44.891259338047234
71.0,74.40169995438572
71.0,51.15708904687318
50.0,49.156347811015735
50.0,68.49415375560187
66.0,71.9253238238818
66.0,63.06843447715045
61.0,64.57757875621814
61.0,69.38251352572752
65.0,68.99475413590051
65.0,75.13398929721365
64.0,70.62277347622205
64.0,62.09552820425404
26.0,24.42564118904113
26.0,49.377980918485605
68.0,70.53472238410643
68.0,43.080615321446714
15.0,9.753207939415518
15.0,54.1187301428086
64.0,65.45229331146226
64.0,23.82877363773298
59.0,64.33155885812408
59.0,77.46046409155298
72.0,76.41683716767648
72.0,65.59294344338707
61.0,63.79482335865208
61.0,79.05749693611375
67.0,70.9684455483802
67.0,26.791524828229853
42.0,42.07294272563354
42.0,69.17738419735446
39.0,31.776529814866876
39.0,47.2974619034577
63.0,66.81914598897276
63.0,65.33556145818159
38.0,38.485564040030965
38.0,40.58565609882379
68.0,74.61937486692744
68.0,71.9451008817694
23.0,21.757286390866568
23.0,81.73307567692473
51.0,45.93016353955386
51.0,52.163068663895274
16.0,13.894384723130031
16.0,69.93116804518968
70.0,72.52935499398382
70.0,79.95203664775215
49.0,51.847938478994024
49.0,76.1401575484137
50.0,50.669104320139525
50.0,85.43229715284707
65.0,67.14313949906102
65.0,76.76534129414546
67.0,67.64142515384935
67.0,31.574060741882022
39.0,44.15692018968946
39.0,75.17334430080501
33.0,32.18367147622507
33.0,33.5630452215795
76.0,80.98508234398895
76.0,83.45480042170055
70.0,74.42034110436816
70.0,64.69041693996923
75.0,81.96254754380237
75.0,49.99100031430805
51.0,55.377682259715414
51.0,51.66455819110723
34.0,25.57736937453467
34.0,37.49077691657095
48.0,41.56097425750738
48.0,54.0977914158085
57.0,60.26040718400327
57.0,72.95163424973549
58.0,54.136220624082625
58.0,65.8994445916577
40.0,45.6788754318689
40.0,14.208766775822028
50.0,53.63514860009781
50.0,67.96397846555118
60.0,64.23968716894234
60.0,66.42213593470416
49.0,54.7208175788337
49.0,40.28319786962794
65.0,69.0412580232242
65.0,78.16822760147272
20.0,14.700679719147445
20.0,64.8326840543424
62.0,66.98984208516868
62.0,70.43988601133219
28.0,28.793830765221117
28.0,45.032004153249034
71.0,77.02947367799584
71.0,67.05053885807024
65.0,71.30046443041573
65.0,76.19599702663652
81.0,89.19117473827748
81.0,86.89371045030214
42.0,44.2877932727331
42.0,59.517365898040396
64.0,66.28947833599119
64.0,63.43266594293476
72.0,77.04715331787804
72.0,45.758019881912446
64.0,71.57698821767531
64.0,69.34986027187131
67.0,69.25367126771226
67.0,70.74720748997976
50.0,45.40637519712135
50.0,54.11287203750351
73.0,79.18936325361108
73.0,16.299496281815436
54.0,57.011339799594
54.0,82.68442207828133
11.0,10.482360812744275
11.0,62.41077721047549
68.0,73.38377936052495
68.0,54.61320654724693
55.0,58.42010027591476
55.0,42.07294272563354
65.0,68.83098473909212
65.0,56.96727901496121
45.0,43.570408945528925
45.0,61.624203798854865
27.0,28.25880163529149
27.0,70.55301390865787
71.0,77.00365058025216
71.0,83.79019104235442
52.0,57.73259779029888
52.0,47.48133613117619
75.0,83.41654004786886
75.0,55.66316025793435
53.0,53.73974879820213
53.0,54.38878352513041
58.0,59.70545327025724
58.0,78.53761193843337
61.0,64.9310030862082
61.0,50.461253008727795
66.0,69.50917348564207
66.0,63.50907392518559
48.0,49.94836466142499
48.0,57.81482559736423
52.0,57.31914162162866
52.0,36.72102249114397
70.0,75.8472531343221
70.0,45.28416924858726
15.0,13.815640533572662
15.0,63.6785297824984
55.0,57.613835612134494
55.0,59.021535054810954
63.0,60.05053363903909
63.0,46.65053443122207
69.0,74.57740107736436
69.0,53.37770730085447
42.0,43.044144777849
42.0,44.055137757424234
10.0,-1.2521889821729246
10.0,85.86155578618275
52.0,56.26697522302959
52.0,74.26085452023011
64.0,68.04154114870943
64.0,76.41825743377751
58.0,65.04834773641716
58.0,47.86714015029713
51.0,50.656721168569334
51.0,73.05834556865966
59.0,61.87269112402589
59.0,45.334640973514865
64.0,72.29129173435388
64.0,44.05386729904933
33.0,34.16036669723587
33.0,37.4791067454446
68.0,74.21319226843616
68.0,77.13973974960771
51.0,48.54618231068338
51.0,86.5984731709313
48.0,54.529645043222956
48.0,61.381044532425506
48.0,48.788478394212405
48.0,77.11280928268462
74.0,82.11677525360807
74.0,64.77004193911301
62.0,61.76889437028285
62.0,54.04781073687002
69.0,72.70171918731569
69.0,63.59472202552769
69.0,75.82452322516724
69.0,55.18795228446231
52.0,51.54471171781955
52.0,75.02501026635355
37.0,36.65752736553094
37.0,63.7483640153381
49.0,50.833663370859995
49.0,66.27428583794068
67.0,72.26081384071455
67.0,67.9753008184486
63.0,69.297604876462
63.0,52.86826469729834
73.0,77.62163971362872
73.0,60.65329448416696
60.0,61.20256041563084
60.0,47.69405318461628
56.0,55.22051968983129
56.0,40.92380550834082
41.0,29.658720015218307
41.0,90.66945338546338
20.0,6.183043985720303
20.0,47.93435404341466
71.0,73.92530141333424
71.0,75.17424056856919
71.0,75.75070012213479
71.0,62.74839006007022
59.0,61.96609041830743
59.0,66.2479693074597
72.0,77.336393442168
72.0,72.43713649401701
74.0,79.57829520527804
74.0,75.84737823061408
31.0,26.749070203821248
31.0,71.25355471428145
68.0,75.06091432789134
68.0,34.063205793887846
69.0,75.1567827147814
69.0,82.32837758106274
64.0,71.54558907239021
64.0,72.66017707307503
64.0,72.17960263126179
64.0,61.38475397562138
73.0,78.25869591505273
73.0,73.51469249178922
70.0,75.20562297201434
70.0,60.49719562323452
62.0,65.9247137947475
62.0,73.97832429624196
26.0,18.16012869695578
26.0,71.62377874476704
77.0,82.39136350468317
77.0,69.67876966972949
35.0,38.051549158725095
35.0,55.80808875564679
51.0,53.22424013993657
51.0,78.45056251976331
52.0,50.78566166908598
52.0,25.469509739474347
39.0,43.22620169113969
39.0,51.33222764530524
66.0,71.73943569623862
66.0,73.88569631720048
38.0,42.820597480486356
38.0,78.87379618991935
54.0,57.82708923791722
54.0,55.64270626677785
40.0,28.327387975193062
40.0,13.968755034860635
29.0,24.669143402222574
29.0,78.53395471433987
76.0,84.11558808149329
76.0,43.08985826521615
53.0,49.57496175777811
53.0,80.3352083311413
66.0,71.45516825484526
66.0,72.7281904836018
70.0,75.87821967366511
70.0,33.862174026290745
64.0,67.74967196846927
64.0,44.234876371911184
66.0,70.19942895575798
66.0,38.87296408883509
55.0,53.15217351332939
55.0,35.0992165861681
43.0,38.657013122732735
43.0,67.40933210845662
70.0,76.54576558220288
70.0,65.07612721799705
67.0,70.54421327064858
67.0,73.23838155577926
74.0,81.48386646093161
74.0,81.23192008713016
73.0,79.10846711062243
73.0,13.326768353884859
75.0,83.16947616836904
75.0,25.54821461745712
85.0,94.38358529752918
85.0,82.29392901149231
80.0,85.17164025114397
80.0,86.77972332098352
86.0,91.39712869860864
86.0,74.41750719565994
67.0,70.92424602430248
67.0,46.44720991529732
66.0,71.53531406042515
66.0,71.24205932412838
65.0,70.81386003824719
65.0,69.5735397208764
68.0,73.3623491474238
68.0,53.414384073047984
59.0,64.24548120757026
59.0,71.1139843227777
79.0,88.01627842620877
79.0,65.49234932296986
83.0,92.71597434089256
83.0,57.82868559562104
72.0,78.69272378025738
72.0,32.84329959579122
60.0,62.49356994798097
60.0,72.51556799443046
47.0,53.07031995327986
47.0,62.21528944105961
37.0,35.93735877509329
37.0,33.356189318793156
70.0,75.4318859954654
70.0,75.88725980538288
27.0,28.25880163529149
27.0,73.46333881119853
72.0,77.21393644470635
72.0,46.211431611520595
24.0,17.09129649871511
24.0,70.47079586178165
24.0,20.01403020967558
24.0,36.86441090636157
18.0,8.08618165793689
18.0,76.1704118353125
52.0,48.316411239934666
52.0,26.084346853942407
67.0,72.44086629271851
67.0,78.47771059950321
51.0,47.980584004416926
51.0,94.97634514881833
56.0,58.48982730940577
56.0,48.847760680000704
44.0,42.64287433664214
44.0,59.80908090655015
80.0,88.88531985211011
80.0,73.71055891166344
47.0,48.26060961671595
47.0,25.952116960059925
61.0,66.02824356725546
61.0,72.84950901171567
65.0,70.8761963332521
65.0,81.1120999464834
56.0,56.76019447158819
56.0,80.57382468287682
70.0,79.87292692649038
70.0,67.73798322115368
31.0,29.055983428093953
31.0,84.21298318498964
64.0,66.39623081642975
64.0,82.65476922680187
70.0,75.49452337813523
70.0,82.3276522897113
48.0,43.4936682441363
48.0,79.77869834872166
15.0,13.423724877474456
15.0,86.7077877098967
66.0,65.9932487625212
66.0,79.02010227717142
66.0,71.89155668718718
66.0,73.42599829119092
59.0,63.37654184517868
59.0,71.29534042003314
66.0,72.59507267070222
66.0,68.23274404763532
69.0,75.51452866429463
69.0,54.58055384860762
49.0,47.00590681271126
49.0,73.898007276969
72.0,75.48134573690407
72.0,63.78456063024339
77.0,85.37853049992356
77.0,84.8516304827296
61.0,66.05546295791345
61.0,63.59206830049493
66.0,71.5029720096673
66.0,70.19072700714077
70.0,77.65729353007066
70.0,75.41652598845923
53.0,48.384364380370585
53.0,72.65330460950531
75.0,83.42579894161372
75.0,85.31905056125282
65.0,68.212709998903
65.0,74.07470386035436
68.0,75.52629262566347
68.0,39.359222041204134
72.0,77.20182814060473
72.0,79.46033318223863
58.0,57.420816974924605
58.0,59.5216836976407
66.0,69.64637160451241
66.0,35.96635095245858
65.0,67.26137779205982
65.0,76.01085379532213
49.0,46.986508477098084
49.0,82.57926671386667
72.0,77.4678163562881
72.0,82.03678442979106
69.0,73.14373226839956
69.0,64.31190906900929
28.0,15.340832266324696
28.0,70.29556828324314
66.0,68.4797289799298
66.0,73.4659314519244
51.0,53.91461010668098
51.0,77.93108636673861
70.0,73.29360307237238
70.0,62.72593628560804
75.0,80.8061423563766
75.0,53.0058388097205
54.0,55.45069012476296
54.0,70.60641352435363
79.0,88.4528398690154
79.0,70.64966263795446
52.0,55.85175682675822
52.0,29.50318380350319
60.0,64.77779555677284
60.0,73.51734100430389
77.0,82.05081901943186
77.0,74.33774426773005
43.0,41.07521258803354
43.0,76.49181470129218
72.0,78.85629355492154
72.0,66.69460854849422
55.0,57.99411695363267
55.0,65.90489046750861
66.0,69.1127928214234
66.0,61.65368941755327
37.0,34.860849956501
37.0,47.5446403074007
72.0,78.91685905011985
72.0,18.975527769458267
54.0,62.46883130600088
54.0,58.05587585295524
37.0,35.532385555718804
37.0,82.62684266355205
65.0,72.43613468991072
65.0,51.29061303116737
69.0,73.69130286504424
69.0,60.389195998755724
67.0,68.43801743237225
67.0,55.74596687305416
64.0,71.43264153919972
64.0,63.00237078769271
39.0,41.54692589859741
39.0,70.98605374042916
68.0,73.96589318338471
68.0,50.34973217679237
65.0,65.52341998610234
65.0,46.23062178461163
77.0,85.68266893476846
77.0,74.52591739628059
65.0,65.8098444899914
65.0,71.17375991400871
54.0,58.51126672169107
54.0,17.025692805058043
52.0,52.02441227935117
52.0,75.8419777113429
66.0,71.1048081113941
66.0,84.65028893806124
74.0,81.47796702396255
74.0,73.39486570606499
60.0,59.189030306353175
60.0,54.12262300838586
76.0,83.39412663507846
76.0,25.830020291169944
71.0,74.92850773240218
71.0,66.83080994316015
31.0,23.198671764015387
31.0,81.27239496846022
75.0,82.00694888994508
75.0,78.70441903847177
63.0,67.95126877939327
63.0,85.9927838181797
76.0,84.96583812394408
76.0,58.07198208948
53.0,57.903329769466666
53.0,43.88667198391005
69.0,72.21673026175074
69.0,82.24411156921093
46.0,40.55288464739061
46.0,56.048103198026695
65.0,69.36607107988584
65.0,84.5607838435518
62.0,60.10075356691402
62.0,56.445810200996675
59.0,58.85787056319873
59.0,74.82789136561303
70.0,75.11689216413686
70.0,38.397864729348385
59.0,59.848627740363554
59.0,37.12658886496996
68.0,70.7114942714108
68.0,57.312582959267786
71.0,75.65614982985426
71.0,46.651966909428666
50.0,57.39977103408813
50.0,7.9972471044895315
78.0,81.51105792593489
78.0,73.98188226301573
47.0,44.79420637901558
47.0,42.161583290254725
78.0,84.98011072587298
78.0,67.34430488891508
20.0,15.438521815880392
20.0,81.80526312357028
63.0,62.57276017218737
63.0,69.18002564781989
73.0,80.60862313829705
73.0,79.90635925955951
34.0,38.44505320000246
34.0,75.63358222545315
68.0,75.61745808584288
68.0,37.06464862671362
69.0,78.92059612707845
69.0,74.25525906909644
70.0,72.7661403383513
70.0,27.75175146543876
46.0,49.48992143302701
46.0,78.58872396832663
61.0,68.28241643105304
61.0,74.48865331499331
62.0,64.28763748263498
62.0,74.4688037577979
71.0,75.47202933567957
71.0,71.93145439908966
63.0,64.47550993078545
63.0,39.59397160612673
75.0,80.78490976985233
75.0,71.17800565259978
70.0,76.67122933933325
70.0,28.151503519544065
59.0,58.647102834729196
59.0,28.98671329123448
73.0,77.47018208015027
73.0,36.41346308537021
66.0,72.17363428562129
66.0,75.05174365599862
43.0,41.68620082156633
43.0,51.17622323525205
41.0,42.420993686694715
41.0,61.70735397154863
53.0,55.61223159574871
53.0,80.71279062052099
68.0,72.33239569875968
68.0,30.393277609149095
36.0,30.366339155256526
36.0,66.44240250334184
66.0,68.95003917987799
66.0,54.569436262847034
39.0,38.10246381295025
39.0,57.36036819717668
47.0,44.06959100878987
47.0,84.21052354254442
66.0,68.0891924684239
66.0,51.96417867461821
71.0,76.60965840324576
71.0,86.55004873006459
43.0,46.48326244820828
43.0,84.09318962981519
38.0,36.48731259719773
38.0,83.17170782084685
73.0,78.90003505471992
73.0,60.09822953019142
49.0,47.78413372770666
49.0,27.74035656357603
57.0,60.09317139552047
57.0,66.19235116787092
41.0,42.8580394295123
41.0,69.87258497799269
76.0,81.15838641491422
76.0,68.84230541178181
72.0,75.63071247344698
72.0,84.36045321433875
35.0,37.6376299805097
35.0,24.47169292310224
58.0,62.53985414137975
58.0,57.334057294407785
77.0,82.55398560472184
77.0,7.121929172418561
66.0,70.07780690157495
66.0,37.576820918522
73.0,76.51090245167012
73.0,46.211431611520595
67.0,70.31250856095323
67.0,32.19964812712254
60.0,63.150121811950896
60.0,49.35533168124891
20.0,16.522534112074766
20.0,81.64927694290486
44.0,47.20039730387566
44.0,69.3164551741558
51.0,48.96995874257004
51.0,60.84064842976579
68.0,71.29043546581772
68.0,76.18529075001146
70.0,74.68112937377708
70.0,47.6892552432501
73.0,82.29130669859649
73.0,58.02195984597347
50.0,50.81791908534376
50.0,76.4207342410935
36.0,30.021139475970074
36.0,48.33423507093141
53.0,54.554249535061444
53.0,77.57104157429825
70.0,74.19407705160017
70.0,30.055065320883273
70.0,74.18138570735067
70.0,80.49182456849167
73.0,77.87793992727791
73.0,67.10812084493983
73.0,80.38012205275624
73.0,75.17402115057479
78.0,85.14518525183286
78.0,39.70956402100751
46.0,41.44228442747692
46.0,14.661744437520383
58.0,61.417688156393694
58.0,89.130581342955
72.0,77.17979016066067
72.0,3.1379674678256606
71.0,77.54940165169467
71.0,82.43493981219831
42.0,42.356752482349805
42.0,53.89313017407511
40.0,44.75278842016246
40.0,62.685127333313574
67.0,69.75490076225907
67.0,86.30530153825777
45.0,52.049923266175426
45.0,53.66452581009645
64.0,68.21722564328451
64.0,89.14428653895959
73.0,79.34623399979586
73.0,78.49327220355013
24.0,22.45868399369448
24.0,47.12293208969004
65.0,68.7140248864136
65.0,82.22566511404654
63.0,66.01312527395726
63.0,85.55429495191675
61.0,65.56994309045729
61.0,19.386795231613803
49.0,47.829704369037586
49.0,51.52444430559217
62.0,67.81458474346908
62.0,43.203622278297246
37.0,32.29704766902819
37.0,64.67760302599629
28.0,22.99577410657139
28.0,70.731832178552
89.0,95.99459569519234
89.0,57.200360128840316
58.0,63.43326208887032
58.0,55.38502496577962
73.0,74.84599579827614
73.0,51.284864555366255
66.0,71.13734384868008
66.0,66.24664654213711
68.0,74.34845973730825
68.0,70.98220106511718
35.0,35.18080095292191
35.0,49.42406010331831
63.0,66.20678560828969
63.0,46.37465103570469
23.0,23.927749675608936
23.0,78.83501022342199
53.0,53.682125217531336
53.0,68.81928193886529
31.0,30.509160117968065
31.0,36.50728633247775
61.0,61.07723908739342
61.0,67.02817696378906
64.0,63.57566678470613
64.0,83.9560128140294
79.0,87.96034514020533
79.0,53.88640961523868
77.0,84.36611759707512
77.0,66.28843410057232
68.0,69.12594396491801
68.0,79.9368694901562
75.0,79.15212144742299
75.0,59.15230174527517
49.0,57.768288128260224
49.0,64.01388122682425
62.0,58.09907613180934
62.0,79.13602910059922
32.0,32.360509395456404
32.0,80.75965657628325
68.0,71.8102367080366
68.0,68.68979889449241
71.0,76.55440429979211
71.0,73.39529615745545
61.0,67.75856364150792
61.0,31.235806779430504
55.0,58.30626350989223
55.0,59.42169924318415
65.0,66.34547344971139
65.0,59.64295399728621
64.0,70.5190836964839
64.0,79.06129706851442
70.0,77.5969092937438
70.0,58.16286508617753
59.0,60.52103006191351
59.0,48.903494636449295
44.0,42.123278719263
44.0,87.99012955169593
69.0,73.37164059059518
69.0,76.6156325276105
41.0,32.876043888880304
41.0,71.93069158499156
43.0,46.4682298218753
43.0,71.23036016948225
63.0,70.17786518585729
63.0,51.004513661461374
55.0,53.53743390440229
55.0,15.998976222501938
59.0,62.08398372780675
59.0,51.15727688743459
60.0,63.746954589370546
60.0,51.765755602030595
61.0,63.940797602822386
61.0,46.39127922501058
70.0,77.94518966524424
70.0,78.4805161664708
52.0,53.03811089871016
52.0,66.7021054892283
69.0,75.72116189314164
69.0,51.187326186945654
39.0,30.70430218371149
39.0,49.8873918918834
55.0,52.42323215807011
55.0,42.26665904093073
56.0,58.28123591887578
56.0,74.64106067222957
67.0,73.99693122978101
67.0,69.58810123752005
69.0,72.11705051687449
69.0,32.58775706087914
60.0,63.3526256322603
60.0,40.35457159702412
86.0,91.66258720567805
86.0,42.79494941945376
65.0,66.34575354980103
65.0,10.513774260032733
48.0,52.19131669115228
48.0,53.81684925342779
65.0,65.6228287969056
65.0,35.922693506113774
65.0,70.35055646549398
65.0,82.41611608490848
69.0,73.59797978447983
69.0,74.2284101187065
79.0,85.93637456236246
79.0,64.46228853881439
74.0,77.8837912409054
74.0,8.997039390438033
75.0,81.45462416747944
75.0,71.7127455023101
74.0,81.18125277347042
74.0,38.25164373580117
49.0,47.12498932827674
49.0,80.5566174921313
73.0,79.0388330898009
73.0,18.485907442354858
76.0,81.39901631735387
76.0,78.94026360184853
63.0,62.402381277000075
63.0,76.50011010195101
52.0,58.56861969217874
52.0,60.94865585811465
19.0,22.187710740271086
19.0,63.19073987447433
73.0,77.24500204448981
73.0,74.84481665668488
82.0,87.74789388272171
82.0,73.64683063523347
69.0,77.29314951881656
69.0,79.8358204026207
65.0,66.757414647946
65.0,66.54300363601305
30.0,21.223279665518703
30.0,73.59619286915262
61.0,60.996972575812606
61.0,84.94968150805164
82.0,89.89662859940023
82.0,28.215665532030698
69.0,76.2609269405549
69.0,71.75068254911179
51.0,54.017965275069855
51.0,83.75919941745781
67.0,75.179960936231
67.0,73.19859686732826
48.0,54.605257995607076
48.0,58.53625394769347
71.0,75.71454514483764
71.0,45.83046808538808
72.0,76.95421252410438
72.0,75.8950894805235
67.0,74.03048266744486
67.0,54.72723992527642
49.0,50.29223328001842
49.0,59.02745807688535
61.0,63.686506460458304
61.0,73.93570816514011
54.0,57.26472563307482
54.0,70.21916219453021
60.0,63.46592785045658
60.0,72.07434259954579
66.0,68.49784923296619
66.0,62.47329594263715
58.0,63.043906090092094
58.0,55.02412596356345
11.0,9.251828872861608
11.0,77.6102765848542
65.0,71.64038899500707
65.0,78.74510390752982
67.0,69.66910900365855
67.0,65.35617531473474
59.0,65.81566518985375
59.0,74.57946592391596
61.0,62.85847789072284
61.0,76.47850991112915
78.0,83.96711682482129
78.0,71.68465174203249
24.0,17.581150937559357
24.0,21.420889129668183
77.0,82.6282698530531
77.0,78.47299003147327
62.0,61.62831266373263
62.0,61.175377019678194
67.0,69.76819376168396
67.0,53.654030600196336
33.0,22.932204963178208
33.0,85.22556948279765
69.0,72.70096711364062
69.0,70.21858083163318
72.0,78.80995544817989
72.0,80.28513492962622
69.0,75.20736120927722
69.0,76.6656416283949
84.0,90.18352207393377
84.0,77.0580118644661
80.0,89.50057572550327
80.0,61.781373753923106
45.0,42.61506030383947
45.0,80.49110972541769
73.0,80.44811560126834
73.0,54.589420766560295
73.0,77.68254709419648
73.0,77.87418222237477
29.0,20.313872560596906
29.0,38.62427059634757
49.0,55.1598007134981
49.0,69.53313928286497
53.0,47.36204664084886
53.0,73.18818738071303
66.0,75.30638698801937
66.0,28.814069177583747
71.0,77.46075112330152
71.0,30.17854925160742
35.0,36.91834724786452
35.0,82.7677184194381
61.0,61.87750600199786
61.0,28.57653442285988
73.0,79.75853350379833
73.0,66.01624850815261
71.0,74.55651623323376
71.0,10.949857651369143
70.0,75.66562797375116
70.0,64.65026574757854
29.0,23.790494155292947
29.0,69.01068812508242
76.0,82.198347220463
76.0,71.35469512599514
78.0,84.3148615779553
78.0,55.89293102234569
68.0,75.73249499932348
68.0,43.31409158390534
45.0,44.54002513590558
45.0,77.17473633475441
69.0,72.08733687591973
69.0,75.81423170950342
73.0,79.7059385846569
73.0,81.38402648678044
62.0,66.73877691650898
62.0,63.01548670591666
21.0,25.055368580440586
21.0,79.62034551683269
36.0,38.70265144923604
36.0,78.24412933130145
77.0,81.73111206399676
77.0,31.082521198032055
68.0,73.53625521061514
68.0,49.899231622685306
54.0,57.39023297761037
54.0,62.78067445227134
57.0,60.82579644542625
57.0,80.79308373344298
72.0,74.87562099540753
72.0,63.27894471990868
64.0,65.11468142855142
64.0,74.88008278695571
75.0,82.8412912336708
75.0,57.95240589878148
71.0,76.09335942449178
71.0,56.99841111958182
78.0,83.72120828950773
78.0,56.42776020025099
69.0,75.95293026229183
69.0,72.08614870835993
53.0,53.00020365048226
53.0,39.38775587107608
58.0,61.92714696030686
58.0,39.82689922861391
58.0,62.72834788159486
58.0,42.998886012986304
57.0,63.94116015082818
57.0,69.21558531478314
8.0,8.883373449346152
8.0,89.71526688189743
67.0,73.20501083088095
67.0,69.31114325283409
57.0,60.185384353359154
57.0,52.54627365576556
64.0,61.752678571261924
64.0,63.3485193747257
71.0,80.66437153014385
71.0,58.14387857571745
70.0,75.79123695809835
70.0,23.930097632792013
49.0,48.80324713946186
49.0,9.615852996923195
23.0,9.974208674404224
23.0,83.18800688808005
51.0,50.46722011541311
51.0,72.59975838846913
70.0,77.11963950198191
70.0,94.78231801114873
68.0,72.1237063519763
68.0,73.00180316826027
68.0,69.50062561536151
68.0,54.62911424871328
48.0,42.36285897122934
48.0,50.103111381120755
60.0,64.68862474558648
60.0,48.929079691821926
66.0,69.14794956153548
66.0,76.29745689935385
75.0,83.23298337336809
75.0,73.10491207109959
40.0,39.39732510674679
40.0,69.12408165928338
67.0,70.38676835510677
67.0,30.89105495472444
47.0,48.026652260636695
47.0,99.4132701050928
59.0,61.92116602413216
59.0,72.44064445111735
36.0,31.869613887068397
36.0,80.75117667531993
47.0,43.35665359702159
47.0,69.46167430268167
66.0,73.18879405995148
66.0,81.35337931833993
62.0,63.339598574597744
62.0,55.955530945290604
72.0,78.59873758351637
72.0,77.4302104079797
69.0,72.930643345237
69.0,64.38661479201471
57.0,59.08418094227204
57.0,95.32580278741392
71.0,77.46944311252366
71.0,80.78649402121516
64.0,63.26331885239705
64.0,81.96512533484423
68.0,70.89015135685804
68.0,53.96548372511313
69.0,73.05792934411278
69.0,62.429084001243666
53.0,55.498451843717476
53.0,81.42746132805962
54.0,58.44295496730325
54.0,79.95383332207416
61.0,63.4214155207664
61.0,70.69530869734126
77.0,81.21409309116802
77.0,68.2092416540857
33.0,32.91670199893673
33.0,62.23616008813468
61.0,63.16081009277201
61.0,52.096030544596374
38.0,37.52722175788955
38.0,-0.4375567967062466
66.0,68.29332791722089
66.0,56.883167328828165
60.0,66.54788420819608
60.0,59.79546603106809
62.0,61.4080992664031
62.0,77.02028669286653
66.0,71.29796266341651
66.0,68.9086703517936
36.0,41.11438398450281
36.0,75.9658088793081
62.0,65.51744322492436
62.0,71.27119273231523
65.0,69.01032704351786
65.0,35.25759172284961
69.0,73.90763587540022
69.0,77.77557575568034
63.0,66.14929023127917
63.0,79.20687229298193
66.0,71.03302195991648
66.0,49.90857782945983
79.0,88.46431340523884
79.0,81.98297869073019
82.0,89.30928692046757
82.0,71.33468886729935
62.0,65.14918441463288
62.0,19.46750019632026
66.0,72.48712770608722
66.0,44.91037448716315
72.0,79.97149843078518
72.0,41.00856219155139
48.0,45.46509900194923
48.0,46.131520130780814
54.0,59.162782475793676
54.0,45.2009500474947
57.0,57.7243227004127
57.0,46.38459177818362
71.0,74.33637983681501
71.0,70.87761984501714
44.0,44.722930039886705
44.0,73.81952278291442
26.0,14.803006868681564
26.0,63.30657395250171
65.0,73.57645181416564
65.0,75.48437131916421
69.0,74.67379413074354
69.0,80.38053362758706
66.0,71.10586387381466
66.0,28.843582747140317
63.0,67.58236360050313
63.0,65.19207510173146
55.0,62.97883971060128
55.0,55.357551099346836
70.0,79.48825190818434
70.0,66.73159770324378
23.0,11.89272522388984
23.0,81.42746537850508
64.0,69.17896204658746
64.0,79.85348716332646
84.0,87.96774998885024
84.0,19.700460934343425
66.0,71.07822346671583
66.0,74.83187926240225
63.0,70.47557587561909
63.0,64.02680274201907
65.0,66.56230287163379
65.0,61.604756130678766
31.0,36.04296740223515
31.0,85.90019508309575
71.0,75.94708420708918
71.0,82.13391252354086
61.0,64.34225729516942
61.0,74.90518701494534
74.0,82.00596740563549
74.0,71.89558959954195
33.0,21.615362160482903
33.0,76.10316160684096
46.0,43.05641492237447
46.0,76.0525175823829
75.0,80.30540080639275
75.0,62.617025837821984
72.0,77.23612374550731
72.0,70.64268023769466
62.0,65.64828454991311
62.0,82.68641700950656
73.0,79.26525407210539
73.0,58.20180115162526
48.0,42.33485665639563
48.0,71.48607656229836
54.0,67.05372198039504
54.0,78.30776743152529
59.0,64.11672340536967
59.0,64.6360239036515
67.0,73.19771735975974
67.0,63.90571233174006
28.0,23.61502287484751
28.0,64.62417716569007
66.0,69.04393365104187
66.0,78.70446135677679
53.0,54.51265944138578
53.0,33.71205375861683
73.0,74.95567939764754
73.0,67.09680170308587
62.0,64.45382290573787
62.0,71.07559192421928
66.0,67.8095264511411
66.0,64.75019060023772
53.0,55.13432028933829
53.0,44.61060093531461
48.0,43.62915944273942
48.0,66.41864030134127
63.0,65.97464901409103
63.0,51.037503201044615
65.0,68.68634096987586
65.0,65.22389498986132
61.0,69.41245118654177
61.0,75.77087391758891
73.0,76.8145838760446
73.0,70.47012432339938
44.0,47.88266744652077
44.0,46.457048990989506
62.0,65.68206111360064
62.0,72.42706821258577
66.0,68.44303142521602
66.0,44.78767825816789
66.0,68.47930625476289
66.0,79.15390769351535
58.0,59.617414197527296
58.0,84.29968831828421
26.0,9.593797280508682
26.0,69.98184610993741
38.0,41.08948494210409
38.0,82.53859879180482
47.0,40.821307056395256
47.0,72.58912805908312
69.0,76.58474876338488
69.0,78.06828879076244
25.0,31.708773716569794
25.0,61.72708522516939
34.0,37.16193018926316
34.0,32.103779689820726
70.0,75.95026850053591
70.0,78.88289969620894
29.0,28.492534563839058
29.0,34.628436743819634
75.0,84.92651035737038
75.0,68.09085840959096
52.0,53.626523037284585
52.0,51.61064504935064
57.0,59.56335271329698
57.0,66.65448324649952
73.0,79.85336696090451
73.0,54.27286013135898
56.0,62.10704097672942
56.0,49.03126100434832
62.0,64.35096348434706
62.0,51.05927092722999
62.0,66.76033093749004
62.0,88.5582421312925
56.0,54.25457322286792
56.0,61.731570414340695
45.0,44.380905389607676
45.0,58.10545486846212
28.0,29.067720292327294
28.0,64.57799469382132
76.0,82.53269998591287
76.0,73.11908129029439
73.0,75.14959161208009
73.0,41.29948209454892
42.0,45.56844197031853
42.0,57.65852570662986
29.0,25.493304327854787
29.0,21.96074605441737
60.0,63.98295017481962
60.0,20.33290500281521
58.0,61.041440515280215
58.0,81.02794403687295
23.0,11.564089190940592
23.0,81.20107982662557
57.0,59.304830045687936
57.0,86.2149750358908
73.0,80.07944977714965
73.0,89.6059380898323
54.0,55.260513295707824
54.0,70.21607961551155
5.0,2.0139813547912127
5.0,53.82294850890128
61.0,62.44419364370117
61.0,79.17388086859921
85.0,93.38253470740125
85.0,28.757697203386613
64.0,70.31736570134723
64.0,43.08086346441365
59.0,56.87488956754481
59.0,68.85209620078695
79.0,87.21215655227536
79.0,59.60735847838373
36.0,34.53752592779745
36.0,81.17683090846464
41.0,40.34795486311833
41.0,70.30179583891368
23.0,21.071234111706644
23.0,66.20722378416923
80.0,87.98279738975219
80.0,64.13638042995706
51.0,50.76743143856049
51.0,65.95765032636547
19.0,15.29727410810267
19.0,81.71263940533197
77.0,86.04466840257447
77.0,66.32529822471969
69.0,73.08004433476617
69.0,61.97916187222336
19.0,16.291826237838166
19.0,59.48978155829877
65.0,68.00369732262311
65.0,73.4469294063191
73.0,75.84440636720836
73.0,73.77769211495172
45.0,49.17461490926769
45.0,67.88144620287306
73.0,76.91482614644957
73.0,89.5424618507231
57.0,60.889984812593525
57.0,74.59615471633629
55.0,49.57385482549165
55.0,67.71938876975406
46.0,40.22299381642313
46.0,48.401916897999854
62.0,66.23331131086184
62.0,61.34969110918939
66.0,67.60965436752605
66.0,83.12508007205452
54.0,51.21986740965417
54.0,67.73789333285373
70.0,75.80288609825692
70.0,13.894384723130031
76.0,82.43676816447794
76.0,51.46826528576639
62.0,67.47911730353155
62.0,60.72804664947233
73.0,79.10675451465579
73.0,47.465313462283575
24.0,18.980176804432404
24.0,81.17574790699217
74.0,78.67014664876854
74.0,83.94681118469788
65.0,68.37982190916398
65.0,58.4190813584313
32.0,27.277514462284955
32.0,66.11150381283136
64.0,66.68187012645814
64.0,79.09483398687644
44.0,46.256774519334726
44.0,46.210527075688105
52.0,52.16709617946651
52.0,62.72012109082152
49.0,44.35109134710427
49.0,77.137092193277
74.0,82.15464656030122
74.0,59.63484918825543
56.0,59.392004542896814
56.0,61.23057679993843
45.0,46.916439058832566
45.0,76.54202712342612
44.0,46.4407118017437
44.0,60.188017495260624
52.0,47.67300657153038
52.0,61.73960493844629
60.0,65.2237633531405
60.0,66.0655557876749
66.0,72.65508082110347
66.0,74.25539409285034
62.0,66.09736303962364
62.0,60.1902228086995
65.0,70.490783635355
65.0,40.617680955695505
68.0,71.19442127542845
68.0,52.8759661645895
61.0,65.59179707718226
61.0,72.46033497820258
64.0,72.84568674658453
64.0,41.64255671456442
47.0,47.0909601880212
47.0,60.482711196498826
51.0,58.48164837453811
51.0,70.64378699648665
76.0,80.8158839152631
76.0,1.802137932411938
56.0,57.18283939976101
56.0,42.16057032385447
68.0,72.18233971849037
68.0,43.70913646973753
60.0,60.17948677415279
60.0,63.74123687474798
82.0,88.22197695377753
82.0,77.93409319305783
65.0,67.99003537118489
65.0,77.1639745650499
61.0,66.79068307037727
61.0,62.68731597721461
69.0,72.80371823410434
69.0,82.91557094896535
50.0,50.1762675723196
50.0,75.08313017372245
67.0,71.5088685029304
67.0,82.77835637327524
48.0,51.63328866032657
48.0,71.00458053983971
55.0,61.408495477606664
55.0,58.769617232463304
40.0,37.70447888055736
40.0,38.61859747944635
49.0,45.296413975674795
49.0,66.1555008109604
80.0,88.6286909714363
80.0,53.98327350722565
64.0,72.30502769579977
64.0,67.1846800331715
61.0,67.13267608060369
61.0,67.56092955211113
71.0,76.91291849753458
71.0,33.372479574957424
64.0,65.91206452230949
64.0,55.26410626419488
34.0,24.256749830375895
34.0,38.25868299661073
63.0,63.32966404231854
63.0,81.02639936626525
54.0,52.94114412090721
54.0,0.28525453554954083
75.0,81.14481282513782
75.0,41.90136639118981
60.0,68.56631378217861
60.0,81.56946380288997
74.0,81.90412336889017
74.0,69.43593404699237
35.0,24.97690340509223
35.0,88.66626362458277
72.0,77.84947765197927
72.0,69.85354824949837
70.0,73.84112561616053
70.0,55.051222043671714
80.0,85.64151623695551
80.0,71.0110572412554
38.0,30.486496752629023
38.0,71.36643401908515
44.0,49.56677030268196
44.0,-6.557546252483576
79.0,86.81191910930988
79.0,72.60368677025139
10.0,-1.2521889821729246
10.0,69.7140118000732
53.0,47.994828933963845
53.0,68.15680941450711
27.0,19.553029511650664
27.0,78.72650537827423
63.0,68.64341502896781
63.0,46.76793038835609
65.0,70.84638921885409
65.0,84.60066410355739
69.0,72.72596688092347
69.0,69.40660880179604
74.0,83.22979718615562
74.0,39.45556215385125
33.0,38.13788324331102
33.0,28.85073080866863
63.0,65.98983637798597
63.0,59.702499665418145
73.0,78.72246506949381
73.0,66.21439541279528
11.0,6.033062446064434
11.0,44.74362479097948
72.0,75.1865276764185
72.0,15.353910389011332
58.0,58.432281321495225
58.0,11.542603975667703
73.0,80.92626977140463
73.0,70.65852301932392
54.0,58.26212347054502
54.0,44.98092881880757
48.0,48.197388632144396
48.0,63.93945698410511
69.0,76.06838395411347
69.0,15.978154095621562
72.0,76.08721767827382
72.0,63.3524445726668
66.0,68.21552739622047
66.0,83.72204202163527
28.0,26.297456808348215
28.0,46.7924001650332
54.0,59.5942106696823
54.0,72.34710494541918
77.0,83.15564926306257
77.0,75.27047732408874
35.0,25.52982029916609
35.0,59.95164571234818
70.0,75.09416520978795
70.0,80.93848718037566
67.0,73.53559755375647
67.0,44.938104531380645
63.0,61.68636390949973
63.0,43.29153364932222
73.0,80.20557398924893
73.0,23.457738875574933
47.0,49.850614253772505
47.0,90.64754585099882
41.0,42.80255653725641
41.0,60.9055781226221
65.0,67.07495339612478
65.0,77.38930982734172
73.0,78.34605315085946
73.0,75.55165656351244
70.0,73.15990643105425
70.0,71.92281696796533
44.0,42.16883796937719
44.0,63.34332189085194
79.0,84.77899789315376
79.0,41.65611202817195
66.0,67.91910900709013
66.0,75.22156734155192
61.0,61.143096216834124
61.0,73.7696608675219
51.0,48.1858130533214
51.0,69.17923655483781
39.0,40.024900005853226
39.0,77.64987219820989
74.0,77.93141311726225
74.0,58.658410978056
49.0,54.368363161082755
49.0,28.13493947941197
77.0,85.15441260693427
77.0,49.91837688152839
59.0,60.76092813903398
59.0,75.64455779466834
67.0,74.19864224248158
67.0,61.6531684150375
48.0,50.39270557963454
48.0,60.28032986914292
65.0,74.3105877518048
65.0,75.66370071464024
39.0,37.85851923428396
39.0,76.77036227804757
28.0,22.62520993897482
28.0,67.2831994342983
35.0,35.0220073225949
35.0,54.794460682672536
29.0,27.95071455203555
29.0,79.90796640252302
70.0,75.91988440223048
70.0,60.434010468158704
66.0,72.02224676411709
66.0,59.138926645851825
77.0,84.22958358768255
77.0,43.92762772325176
63.0,66.50037329334799
63.0,9.926913325794033
66.0,71.91355208920311
66.0,48.68134625089448
70.0,73.50221109035903
70.0,70.36151354728071
59.0,61.62294942081712
59.0,80.82985576590124
60.0,61.81789190566866
60.0,48.802800872092234
65.0,73.2850763614652
65.0,41.51866583490482
69.0,74.73268090108132
69.0,73.06549918300942
40.0,38.5423845906501
40.0,65.77933057225255
80.0,86.64623271817084
80.0,43.80522101841353
56.0,59.652462608369945
56.0,57.07581001637283
82.0,88.81103257893596
82.0,60.72001543600584
64.0,66.222826012837
64.0,48.141744186930396
65.0,68.89803479216931
65.0,73.69574794266555
38.0,38.607201793251306
38.0,78.89956920542869
64.0,68.02516362680092
64.0,76.81426874727146
48.0,53.34222483366665
48.0,79.96178704121775
35.0,36.94499131655448
35.0,77.4030294526761
62.0,68.08213759245018
62.0,76.96865716142213
72.0,77.2821452469073
72.0,67.70473632004337
46.0,47.50413221806997
46.0,60.63363983038215
72.0,78.16116177266753
72.0,81.87320621320634
72.0,77.59965391112706
72.0,81.9956705900272
66.0,67.34665935189838
66.0,78.97961610697678
74.0,80.73389778494607
74.0,41.11438398450281
41.0,36.244576478597935
41.0,79.1722685991005
71.0,76.16456648483108
71.0,66.32154575145296
33.0,34.140305622000824
33.0,75.88979406039874
64.0,69.70601581009424
64.0,76.46746883896088
65.0,70.1247138793446
65.0,72.00580593515855
54.0,55.07446054439265
54.0,79.59945669330955
71.0,75.14516312434455
71.0,72.25840094205017
60.0,61.960816521619336
60.0,82.21594525633907
67.0,72.01120061473426
67.0,79.59145069746523
59.0,60.09615962469536
59.0,70.31006955695892
61.0,62.40542430298143
61.0,79.61972600641911
58.0,62.74769570258837
58.0,48.684972431358915
75.0,82.47034584494935
75.0,60.18322123844149
67.0,71.19298460056706
67.0,76.71370278677102
70.0,73.22689864842403
70.0,41.438931755382725
52.0,58.4290067544718
52.0,30.46574190016827
33.0,29.22200787691429
33.0,68.04886639595105
62.0,67.48715821134414
62.0,47.10964756754436
15.0,14.3404511841307
15.0,63.062995504983974
65.0,67.44650378749276
65.0,71.21762980649328
39.0,37.61283650225397
39.0,72.82977173911189
24.0,23.794199207941745
24.0,74.6432428131443
25.0,17.550242391180745
25.0,66.3884901611766
57.0,62.482390799662255
57.0,35.391933460880466
78.0,84.2099580672579
78.0,42.29128696961544
64.0,62.10891721821281
64.0,66.50336066966935
57.0,58.23021820894439
57.0,29.076554449947594
65.0,66.16504379979426
65.0,74.21578033190929
52.0,52.246645752453276
52.0,51.31657042713687
48.0,49.8848906341521
48.0,91.14472748103191
75.0,82.41183707269533
75.0,22.467789099385868
67.0,67.19932367613632
67.0,52.02915208099273
48.0,47.892396659019255
48.0,18.95079055185971
50.0,51.26997504620908
50.0,76.57532403737827
72.0,79.85733617976842
72.0,50.85218733340014
56.0,57.881039161976844
56.0,78.95436012610935
69.0,73.5869090697106
69.0,50.746307882953204
57.0,59.516974344690595
57.0,78.36793807938324
67.0,69.45617112998343
67.0,77.33383615506165
74.0,80.3837254453664
74.0,73.36276141789676
64.0,69.46576539236798
64.0,54.03890448292856
44.0,43.38123807135946
44.0,64.51237470750897
59.0,62.68131217995676
59.0,-1.0955224587854104
43.0,41.619913663909585
43.0,80.45657948151126
68.0,75.50390902517267
68.0,26.783019227984425
87.0,94.84402884857411
87.0,19.992840931315584
40.0,41.1607124260928
40.0,39.65744440685404
57.0,55.56443393508005
57.0,74.14621082352306
69.0,76.76585709060242
69.0,16.505777723628853
12.0,10.016876326330646
12.0,66.48888027090533
73.0,79.20196448561455
73.0,67.06959346242269
65.0,64.68625179402329
65.0,77.23114217242426
65.0,66.42023761255575
65.0,25.469509739474347
27.0,17.91691817198881
27.0,80.45088081993248
62.0,67.57979650372164
62.0,88.62265949297137
38.0,32.43827316388035
38.0,65.75979420233853
75.0,81.97357450710336
75.0,60.597551145037585
68.0,70.53005554390666
68.0,58.5589239546988
56.0,59.111413056523304
56.0,74.84147344431022
71.0,76.74202664090296
71.0,46.45444386832145
35.0,33.477907529965705
35.0,20.52921502477625
58.0,56.814370551894456
58.0,53.622851077139956
61.0,67.1582695926187
61.0,38.58929699022951
78.0,84.65552183650561
78.0,63.71821611750971
41.0,41.00856219155139
41.0,57.12190856712908
59.0,62.91349131976898
59.0,65.94223567337616
59.0,59.00581360783457
59.0,74.53893425462053
55.0,57.553405515630914
55.0,55.61524958584744
64.0,66.82512248886013
64.0,57.261145680194375
60.0,66.96269889737715
60.0,78.82975430350609
77.0,82.88998940743318
77.0,56.3950213083711
66.0,72.16526646257773
66.0,68.18921029565973
68.0,71.02393232856133
68.0,58.108364395910996
76.0,85.33744862150041
76.0,57.76089598793527
38.0,35.158275443085415
38.0,63.4610678040911
48.0,47.67522660950834
48.0,58.80110210434731
76.0,81.10958279872602
76.0,72.06988378403696
64.0,67.66328635688996
64.0,63.04817466045881
56.0,57.282271450390795
56.0,54.161740720409625
51.0,54.31025050824428
51.0,24.08756607915052
78.0,85.0234050422061
78.0,22.372538449085994
62.0,68.2900627460237
62.0,71.2743067463087
60.0,64.50418221912571
60.0,41.978972767533264
52.0,55.233021930676045
52.0,39.29677405951577
42.0,44.56822187637863
42.0,63.91262642122251
76.0,81.16651046448771
76.0,60.54728831106286
61.0,64.5829169888193
61.0,87.61509517653474
60.0,62.62942012531232
60.0,51.6823827060166
67.0,75.07923662346803
67.0,27.074539170283856
70.0,78.19016249437408
70.0,31.73455702286634
59.0,64.46767878482927
59.0,58.01209050127136
80.0,86.67575602395897
80.0,69.99308466541873
65.0,69.81101717155423
65.0,50.91469207978662
68.0,71.98629655364851
68.0,76.93321911435112
67.0,71.56257967137026
67.0,26.270492925632823
60.0,66.02969225581984
60.0,54.39481607719625
61.0,67.6971556872316
61.0,19.717205351463235
55.0,53.5192856633808
55.0,78.29499081852776
70.0,75.81698513186882
70.0,21.026073632063117
67.0,74.34493800917272
67.0,45.299145084237125
66.0,71.86160646993858
66.0,83.8363192377625
68.0,74.27330499658899
68.0,35.22479733040598
52.0,56.78198527483204
52.0,44.77632916568291
81.0,87.45084444500782
81.0,27.521334983351665
73.0,78.4371670681889
73.0,80.20610881453331
82.0,89.50011431321093
82.0,65.84516134583475
69.0,73.83845550165415
69.0,61.133977984479316
66.0,72.28028570911363
66.0,62.005914980337366
53.0,54.335555142899466
53.0,74.30756323912044
40.0,38.755056554838916
40.0,70.63359310661741
39.0,34.07503924224187
39.0,58.14628233350413
44.0,48.7653845089539
44.0,68.33851926549261
77.0,82.5845458524638
77.0,37.633527861777225
74.0,78.73992700858884
74.0,46.27880196995295
63.0,68.90447761846059
63.0,70.0712269445853
63.0,64.98159941197974
63.0,59.989686068195
69.0,74.09615043269667
69.0,68.80233632293726
77.0,83.51541978309405
77.0,71.64965208768479
51.0,48.27963051640984
51.0,80.52636923658588
68.0,69.91126916102542
68.0,77.6331427832211
55.0,59.812980543247875
55.0,68.92475828611458
50.0,49.500552852634144
50.0,75.28030196922174
73.0,80.83578157340088
73.0,69.52902805667009
62.0,64.79015869088272
62.0,22.6581822601932
58.0,61.36922724121246
58.0,75.57770890509585
78.0,84.49847108429685
78.0,66.26985932675757
64.0,65.41458189214154
64.0,76.49181470129218
68.0,74.12866848339308
68.0,81.55564918622377
63.0,63.89990553972717
63.0,70.28288333233508
69.0,73.75973651255038
69.0,47.143175073176224
66.0,69.01065981016853
66.0,82.57095804965775
69.0,75.37292613846324
69.0,38.039063973780344
12.0,-1.7087103788812215
12.0,76.92409593449946
30.0,23.928107197524866
30.0,65.49190291342688
36.0,36.349272463591205
36.0,82.13364429481612
65.0,70.8559455356745
65.0,30.79345301649562
75.0,83.56334601622859
75.0,13.915384006868237
36.0,33.438592273855136
36.0,79.4230745027175
60.0,63.08991628783701
60.0,52.32332988285259
63.0,66.15664800574609
63.0,81.13910801405751
70.0,75.0760973797224
70.0,57.56978196023016
63.0,67.53730845609545
63.0,19.22347890908486
37.0,34.79789757403233
37.0,64.15357606310971
63.0,68.02498304132513
63.0,51.23603039012801
77.0,82.55217776932261
77.0,43.70913646973753
79.0,86.22931515397653
79.0,35.351946110173
71.0,76.62947700220599
71.0,60.80973191442115
69.0,76.69527073682269
69.0,69.69677914596093
52.0,50.71090691437092
52.0,72.92600640009499
68.0,70.94044618942922
68.0,71.89392991244608
43.0,40.396288877751715
43.0,61.01087402728365
59.0,64.58405785884037
59.0,72.14720780723042
42.0,37.46214320152211
42.0,80.20918841795691
73.0,80.26463570050419
73.0,44.628796972759005
39.0,39.04383869232464
39.0,69.19658235182175
25.0,22.5196313497716
25.0,43.906339743521244
76.0,84.20075020795491
76.0,85.90618838402122
76.0,82.9858532177999
76.0,78.61372073535142
58.0,62.68398696163831
58.0,14.932251753215667
56.0,57.22290432111902
56.0,60.48946624283451
56.0,53.03827410234078
56.0,67.19642246654308
70.0,80.02099837018613
70.0,47.18231616198085
76.0,82.20626254043265
76.0,83.12751591394385
26.0,26.579723099635885
26.0,70.01271999332079
75.0,84.23047451695726
75.0,61.437440003961
32.0,28.278557421951177
32.0,58.5879099996975
61.0,58.285351386190996
61.0,14.722641281511073
22.0,24.94310308624688
22.0,71.54057038538258
60.0,65.2237633531405
60.0,67.37837357366192
52.0,49.06535794306018
52.0,55.083817233956836
74.0,82.08087562451107
74.0,65.05651793726094
71.0,74.11756352548878
71.0,40.04504802249522
64.0,68.72033979397116
64.0,57.746977382522175
58.0,57.98296009280688
58.0,45.4986785670128
52.0,53.02286787399976
52.0,70.43329162192111
43.0,46.63783730056872
43.0,55.53009195450346
40.0,39.716990710007565
40.0,43.19863282710111
68.0,72.47285741027207
68.0,33.842172566128454
59.0,60.38256351015508
59.0,88.32160617685355
72.0,80.37839796469063
72.0,40.98638360216154
68.0,73.824353953002
68.0,48.03196623743122
23.0,10.65641185405957
23.0,76.27184613452249
60.0,64.74770175746482
60.0,82.03738185294134
61.0,68.50071808313027
61.0,78.74382290016047
76.0,83.65597494800039
76.0,59.70157481042247
76.0,81.271486113859
76.0,70.46690408531072
65.0,71.24508748984289
65.0,28.327387975193062
61.0,60.1854974298368
61.0,55.55342469246892
44.0,42.6892854293655
44.0,59.737599173619
24.0,11.676763051352111
24.0,74.28113013301589
32.0,34.39922871284989
32.0,73.41080193140061
67.0,71.23987595840197
67.0,68.3577990869124
25.0,20.630694604189898
25.0,57.2957180990947
65.0,66.61169820553295
65.0,60.73229263557516
71.0,75.63657973540228
71.0,55.76611158240053
51.0,51.47488506821094
51.0,60.802635820664534
52.0,58.17671546772323
52.0,74.455755940421
50.0,47.85298675758696
50.0,63.95681438574371
73.0,79.53948793308041
73.0,83.76414303143474
72.0,74.46132524751346
72.0,66.28735957681454
40.0,29.824377995502573
40.0,82.02863468581376
72.0,77.42813854048222
72.0,66.06010243879149
50.0,52.07781254450009
50.0,69.78182849164222
71.0,79.20260454320476
71.0,66.60643507795146
68.0,73.4376618329843
68.0,74.6334973025348
67.0,71.94457003126291
67.0,19.602783373964485
65.0,68.04902027245981
65.0,30.880771490020663
46.0,50.10459691290117
46.0,70.22749961549619
70.0,74.51256448720164
70.0,51.66455819110723
58.0,63.885374423054486
58.0,69.82715990874777
59.0,62.628067612789266
59.0,48.43311842956683
55.0,60.01284561506441
55.0,66.59348812961872
38.0,35.50277079236895
38.0,69.02812338839624
67.0,70.86606864286449
67.0,67.95179219964632
50.0,51.24826178480208
50.0,81.14735632151798
72.0,76.38966411558079
72.0,45.25298029848699
67.0,66.11544445748638
67.0,75.90186593651038
55.0,51.953547193442716
55.0,41.22878244545643
57.0,60.94362871366212
57.0,62.46131390542354
58.0,64.41844580909174
58.0,39.663577062027855
56.0,53.87264833151153
56.0,31.03488549708527
69.0,69.61449507718112
69.0,38.367114470992135
47.0,42.61965648230773
47.0,39.08767043581469
41.0,41.97109937447806
41.0,65.97005766062955
71.0,77.2699552070008
71.0,83.59206388746088
68.0,75.21457877236355
68.0,56.114407911874366
65.0,68.8474558775178
65.0,61.043268678041045
51.0,53.59562901681369
51.0,76.28626184627802
63.0,69.50891551518771
63.0,82.86006001192135
61.0,58.27303703562501
61.0,63.72144489591841
72.0,79.03559934471338
72.0,87.31452432361499
38.0,36.811873504750395
38.0,87.88757178542744
68.0,70.759895790499
68.0,22.30623325279413
50.0,55.55882094639941
50.0,60.53409358867788
64.0,70.19302600874613
64.0,58.99089253823587
88.0,96.68347170314962
88.0,24.494602474118892
65.0,70.24625554787679
65.0,33.438592273855136
47.0,46.454039324778364
47.0,69.44926848382977
75.0,78.3551589728483
75.0,38.28925393392382
31.0,25.216906339126297
31.0,56.76541275959255
49.0,47.849433575844444
49.0,65.83699201509103
70.0,78.09063418356664
70.0,47.71653660799234
39.0,41.6773227612631
39.0,37.05682058510058
33.0,38.48828058483804
33.0,26.63941917676692
68.0,75.39288911633975
68.0,81.11416945065235
33.0,31.035097788124176
33.0,75.53724399061281
58.0,55.951377042754984
58.0,77.8404326947018
46.0,44.51734269261732
46.0,43.402775693933336
71.0,75.51844023963457
71.0,51.62344112029257
60.0,63.188705916919105
60.0,13.606090762546444
63.0,65.39110154715337
63.0,84.09612771899509
66.0,65.02576281097197
66.0,60.99767225751668
76.0,85.0999647117361
76.0,21.22635587893359
64.0,73.3317657221159
64.0,79.34815213580623
63.0,69.15931141675463
63.0,71.9987364797143
77.0,84.32957453394295
77.0,66.0078902288322
54.0,54.92018143049154
54.0,82.868865581325
77.0,81.02793474475408
77.0,47.01410212755843
74.0,81.18160751479934
74.0,68.86076175414894
67.0,74.7594459557767
67.0,52.42315666648159
28.0,13.485514563862239
28.0,30.570303716690887
79.0,88.02614556736688
79.0,30.70430218371149
78.0,85.82570336228355
78.0,79.00455807077486
63.0,66.55745202764871
63.0,23.338174989354343
57.0,62.61610555276184
57.0,80.63679172625496
62.0,63.86852591202057
62.0,72.75095344898045
77.0,79.82260409374123
77.0,51.32702939170696
50.0,48.47084937453127
50.0,63.469797644741334
55.0,55.60995977786342
55.0,71.64909466743546
48.0,48.464944772495926
48.0,59.20373483679265
70.0,77.34596359663146
70.0,58.74161646298842
39.0,34.94061798248924
39.0,64.68826429495834
73.0,77.83670556787155
73.0,72.37724576344618
76.0,82.84078529721342
76.0,67.4159329897318
47.0,45.68606652668757
47.0,43.10659950135937
73.0,78.54844752814404
73.0,64.00211306737856
78.0,85.7668854367929
78.0,26.945579292565014
76.0,84.7987509858068
76.0,29.192163454504794
72.0,77.33046545869462
72.0,64.43733019007283
74.0,80.1303798923766
74.0,87.80145003862918
77.0,83.22761726395993
77.0,70.46992740760567
64.0,65.87802279819147
64.0,28.292668447978997
62.0,69.273479574585
62.0,57.63294941168232
50.0,48.75298352457435
50.0,49.55290192765483
56.0,59.62079721600605
56.0,76.24318926093184
73.0,76.73413294960034
73.0,81.38095934622481
58.0,60.4555308062246
58.0,74.48947469632924
27.0,29.51735265530948
27.0,60.90422915430838
63.0,64.09240443647843
63.0,77.08897269218494
37.0,35.80352125511473
37.0,36.2604042913232
37.0,39.32336925432321
37.0,20.973832752806857
65.0,70.44647373177821
65.0,63.31728832294243
78.0,82.85648944535927
78.0,77.3325139665078
74.0,77.48112004839288
74.0,53.165694305855936
68.0,74.66528735142458
68.0,76.80283848200509
47.0,48.87996746564778
47.0,79.36478761671913
31.0,27.952527224415917
31.0,58.43517327760924
62.0,65.83154304562981
62.0,75.01440883143027
56.0,55.76903663870752
56.0,57.68038664121167
79.0,84.97051810563698
79.0,56.420055900367686
58.0,57.45435100434963
58.0,59.27568705435573
71.0,78.04095461869895
71.0,67.93170299447297
58.0,62.07005621052156
58.0,58.68651045789801
71.0,76.72295779092718
71.0,36.05449707621386
47.0,42.04644613594337
47.0,37.036372405537065
44.0,38.371344132078434
44.0,68.22051988043347
58.0,58.10992199852359
58.0,72.56726375659701
64.0,65.91751377931365
64.0,34.85141958029675
30.0,25.196213216206843
30.0,80.51951418761445
63.0,68.48738703608205
63.0,77.02215986030996
70.0,75.21990743941637
70.0,54.79854031643919
65.0,70.3130296419074
65.0,70.67227387602634
19.0,15.103866894499788
19.0,78.30947413434552
53.0,55.907229092708974
53.0,57.929542583462705
71.0,78.43509330257876
71.0,67.05058445671625
46.0,45.58985726345594
46.0,22.19470943966877
28.0,30.55707917711004
28.0,34.28680136860402
28.0,24.919600795972542
28.0,9.355873463358591
25.0,24.10212925606578
25.0,73.30852785387117
69.0,69.8170222447394
69.0,61.51013393070821
69.0,72.11114010664261
69.0,75.31473336186406
68.0,73.56895860911413
68.0,75.16179517547215
63.0,66.87024029517193
63.0,67.78779827946039
39.0,31.655606646920717
39.0,11.391908975097977
58.0,53.29845813095102
58.0,50.61652869220063
84.0,91.19584521349844
84.0,58.96647730569043
28.0,33.06201557029203
28.0,47.61443569892248
39.0,39.58208895150591
39.0,72.62256785799121
31.0,35.79093701074521
31.0,66.61687317859736
75.0,82.80042055145424
75.0,60.80437503657822
70.0,78.08725337741976
70.0,62.02226868418239
57.0,62.637400297636816
57.0,32.419176312531135
50.0,48.50882186140609
50.0,67.23012952502307
67.0,74.47534067651674
67.0,60.35534590706925
62.0,62.61254507259571
62.0,74.04702422530949
41.0,29.760830386391433
41.0,31.584273139002732
41.0,37.6804981050397
41.0,71.43607820436523
83.0,92.37857275400296
83.0,74.02405713323105
18.0,18.181482977945223
18.0,83.3703943692019
73.0,81.29017802481832
73.0,67.69462093812962
58.0,56.93207354911567
58.0,64.86092585217767
40.0,41.60159576131474
40.0,76.38087116198682
65.0,66.58362713284333
65.0,58.167478156886204
37.0,34.9018273966696
37.0,72.45914342294242
26.0,27.394475303370825
26.0,68.14274192756704
66.0,73.64814968399082
66.0,77.54872490794321
52.0,55.43133440458371
52.0,54.460390080535376
51.0,53.12742151382105
51.0,68.31834399993204
71.0,78.41153275871596
71.0,54.404551513570766
58.0,58.91267612058954
58.0,56.9338235665885
65.0,70.22650030060589
65.0,82.29192569532137
62.0,65.30759994949022
62.0,65.49735125416987
41.0,36.830997455838656
41.0,64.18649034581193
57.0,54.43497002949471
57.0,83.97968296459601
79.0,86.23784362950636
79.0,85.01596110543727
32.0,16.07820732238332
32.0,54.39745809782926
30.0,26.579723099635885
30.0,53.284310534057795
83.0,89.85443385412754
83.0,9.423215869976218
68.0,69.39617065544672
68.0,29.602165846008575
66.0,69.21403052244767
66.0,69.33052013811903
51.0,51.373149216879426
51.0,75.37630643552768
62.0,65.48110432370567
62.0,84.09444791912597
71.0,75.20740669638514
71.0,80.69094643637379
47.0,51.585643533966845
47.0,40.98210799100417
19.0,22.187710740271086
19.0,25.30697052906362
64.0,68.32555214607572
64.0,37.86417404478635
72.0,77.19038209485097
72.0,67.82358771881661
47.0,46.44720991529732
47.0,33.38430203865778
58.0,57.07497909309865
58.0,64.66633706068512
42.0,44.45846228753277
42.0,73.15635918915677
56.0,62.01839884105556
56.0,35.757215620743125
18.0,23.145105288563855
18.0,63.0452545735003
54.0,61.60482637646885
54.0,69.89049263146921
73.0,80.3660974059639
73.0,77.1856322154357
42.0,39.832116840635194
42.0,81.0416542697684
74.0,81.02466351687934
74.0,80.9975373519739
59.0,62.081792715589245
59.0,61.42092318786405
16.0,-0.7019046488408094
16.0,78.56868272738433
64.0,70.48029881975145
64.0,65.33024970647955
59.0,63.142126872592826
59.0,82.79213295135645
75.0,81.78895440359594
75.0,36.65780574776801
51.0,47.65326707812642
51.0,33.49664315124545
38.0,38.3116054066993
38.0,86.13586247654172
56.0,59.79987509028365
56.0,72.6783016377338
33.0,33.94644482646646
33.0,73.36105950182224
67.0,68.73397045937787
67.0,90.55135257312674
79.0,85.55063611173881
79.0,63.76650533099445
54.0,56.842204373486766
54.0,63.833921388406225
63.0,68.851104930975
63.0,47.99225493107724
51.0,56.74640466036112
51.0,70.15100083710672
37.0,38.1517369601259
37.0,16.590012028310355
50.0,47.25139419492626
50.0,11.923170828905825
77.0,84.30918598376496
77.0,79.30537715545603
71.0,75.76965004006456
71.0,48.20883181646997
60.0,63.42257397764962
60.0,27.362708841515996
65.0,67.81040883761528
65.0,59.943205714795
77.0,82.24886785326618
77.0,68.34929317257496
23.0,7.797295811463641
23.0,49.68665851850841
70.0,73.94299042027484
70.0,82.5262820742791
36.0,35.06541858330638
36.0,80.99352252435449
54.0,58.61264524615825
54.0,78.43500397389664
56.0,55.66491696448014
56.0,74.70374553782233
34.0,35.726653019025036
34.0,65.67021239263192
78.0,83.62741194425837
78.0,32.945171959999584
67.0,68.90760853709946
67.0,84.86054431561922
68.0,72.04003144591593
68.0,24.60702716030005
80.0,88.04985830682199
80.0,70.82283447609586
79.0,85.70582188985031
79.0,63.72989012627818
67.0,72.69804164071525
67.0,28.051489996572172
60.0,62.54486013050263
60.0,56.42779308624728
61.0,65.82895755960254
61.0,49.426463046522315
74.0,78.7918438600509
74.0,21.110347646874402
74.0,81.92886574421914
74.0,74.67459407692661
78.0,85.7434836510514
78.0,20.91477525291964
17.0,12.760088546333805
17.0,46.55524672056305
40.0,43.741038577462234
40.0,59.0374076366092
73.0,80.83255855706994
73.0,65.74773039163932
48.0,53.03809656976904
48.0,63.044456913198815
54.0,52.947573783592645
54.0,23.39343376122133
70.0,70.38846929809637
70.0,72.32585576165042
44.0,44.92922855294938
44.0,6.7799659009361335
38.0,38.70874700607459
38.0,70.03986177828426
58.0,57.103475087465654
58.0,74.19445242492202
63.0,64.10452596550101
63.0,61.90164650039958
40.0,38.66582572836165
40.0,71.49439311635973
74.0,80.89249305223825
74.0,75.925869299552
55.0,56.427465892458144
55.0,73.88946196744115
70.0,73.77758333032949
70.0,66.54906801795482
75.0,79.99571351652509
75.0,63.64121497834043
41.0,41.68875973473189
41.0,56.95154194394621
54.0,53.161291034723035
54.0,67.0689549001018
67.0,71.29329751046691
67.0,34.98047035959263
34.0,34.72841614463567
34.0,85.26043423857351
81.0,89.15376420850976
81.0,53.823770388801904
72.0,76.15228242312656
72.0,77.30416872806813
76.0,82.23583102510565
76.0,86.11381210572085
33.0,33.63154820388803
33.0,52.109962360607085
73.0,78.29589251169199
73.0,21.63972526135558
31.0,39.44190064074621
31.0,63.16993017269755
56.0,64.60842384201823
56.0,41.783592724001664
44.0,42.57667657354364
44.0,82.79563771268062
54.0,60.51414984951748
54.0,59.388612539287976
78.0,87.0717253853972
78.0,82.94031891120875
72.0,76.94847407593
72.0,63.35702878419136
57.0,61.12441786067603
57.0,61.62127801225802
76.0,79.77010756289854
76.0,81.07571607888787
39.0,37.28628170668469
39.0,27.838234989535636
74.0,81.37009269948663
74.0,92.33179443199833
41.0,41.621317611489474
41.0,84.26029680234745
58.0,58.15928162605172
58.0,56.25089560198256
75.0,81.41742023172776
75.0,55.42177672954625
62.0,68.03950436856007
62.0,72.20665015597672
56.0,53.26215571011022
56.0,72.01444601276569
68.0,74.70459982215567
68.0,8.997039390438033
71.0,76.0917319894836
71.0,35.088968675309786
46.0,43.03306481232073
46.0,62.1463418186126
42.0,35.14864181909496
42.0,67.10586739565929
63.0,67.63979049119507
63.0,41.0465574378041
38.0,38.14807376632018
38.0,23.259603461820404
73.0,76.74764236532212
73.0,26.97075432700302
82.0,88.22639190112477
82.0,55.57772738198855
73.0,78.0491234731054
73.0,46.726252833485205
63.0,68.42587104167757
63.0,62.806089140814606
23.0,21.041372237924236
23.0,21.855743029278017
30.0,22.1300961665508
30.0,75.55184607171401
69.0,76.89740174223527
69.0,62.44700061075389
45.0,44.98579455050441
45.0,54.2162491540883
56.0,60.250710990589766
56.0,63.65489072547331
52.0,58.742468866524064
52.0,83.12572338050819
73.0,79.42278218644321
73.0,49.14601532278783
52.0,58.281845583977315
52.0,78.739514837527
65.0,67.38533241756653
65.0,64.9028843875862
53.0,56.799932096169016
53.0,25.525861695525805
57.0,61.827811521554
57.0,44.43478639862752
40.0,43.41883954050172
40.0,72.36711329963941
66.0,73.33823735951432
66.0,49.444438187616015
33.0,31.294270476161557
33.0,53.883738758446725
70.0,76.77389556168833
70.0,59.162585824280086
69.0,75.28292406946804
69.0,72.30405999336477
67.0,76.30007065542816
67.0,31.64916210524433
68.0,70.4404954793527
68.0,60.0163275113249
67.0,72.4655742309385
67.0,37.863734137631525
70.0,77.02772386941734
70.0,80.96052254683582
12.0,7.328528252081583
12.0,69.44687576461797
18.0,6.798603258682647
18.0,51.14543201272119
50.0,50.56329761050398
50.0,54.745612764563475
62.0,66.70669389427201
62.0,75.54037364233199
59.0,63.091346906746764
59.0,49.84443272807607
64.0,67.91418201951831
64.0,62.00126707139424
52.0,53.12562563383142
52.0,82.24307085012066
79.0,85.6598822770107
79.0,63.43687064159627
66.0,69.55251173530593
66.0,66.23041543151118
72.0,78.5658618992
72.0,35.6961572405653
68.0,71.65939103697536
68.0,81.16713356952505
48.0,46.240434001496055
48.0,85.36407609017527
32.0,36.9847192437428
32.0,61.04965304996614
30.0,33.71379378066359
30.0,70.81976502262393
72.0,79.99706529190303
72.0,86.6875567414898
61.0,63.030472878004446
61.0,63.92208723971913
51.0,59.04888747224658
51.0,80.30145213017397
49.0,52.20908847695273
49.0,40.80283907662755
73.0,78.67102641422565
73.0,82.84518021904626
71.0,77.37475839744536
71.0,57.00018944793061
44.0,52.040173132591576
44.0,69.86839200924356
52.0,52.013437540593884
52.0,73.86759073577025
52.0,55.00037728404294
52.0,70.58497423199225
62.0,61.10954594872652
62.0,77.30416872806813
63.0,68.78129138962822
63.0,83.77599306442033
37.0,31.63635998478094
37.0,64.52203388775973
67.0,70.1705614933403
67.0,60.10552767388026
75.0,84.43081384713116
75.0,39.40893818037307
72.0,77.5365324524472
72.0,55.62722717976885
66.0,71.73532116691251
66.0,64.2032509541587
32.0,26.640434130407073
32.0,40.59837250962863
71.0,79.23359545433834
71.0,65.65015438007589
46.0,41.439606149327915
46.0,60.09566684967592
79.0,84.87918096502722
79.0,51.78566021618309
57.0,62.537598663965696
57.0,77.18947072804468
42.0,38.51981829149008
42.0,64.16850615374875
75.0,81.17210503487638
75.0,55.25337709322571
76.0,80.69416092939133
76.0,74.41750662508872
71.0,74.20257659679083
71.0,81.63746254207501
54.0,53.6363117776246
54.0,73.36651251300128
62.0,66.4069217294836
62.0,69.44050821936105
63.0,67.16250314836299
63.0,77.1075093978543
48.0,52.02832325695044
48.0,46.533832738011824
71.0,74.0229836771465
71.0,68.61977283714555
9.0,11.337122534909497
9.0,27.296201240027585
74.0,84.51871968435017
74.0,80.79523340740997
69.0,76.50151031674375
69.0,12.310098071152197
68.0,70.69216586443258
68.0,73.88823461086702
70.0,74.7793008972115
70.0,77.3820046786077
73.0,81.94281146862983
73.0,67.65876519279755
66.0,70.70866287608817
66.0,34.359935690518796
24.0,23.794199207941745
24.0,69.52501613247392
25.0,15.206683260910722
25.0,32.187285128321776
84.0,93.38830870279179
84.0,43.71854420418248
75.0,80.13774547510013
75.0,69.91604608119866
75.0,80.64823694804255
75.0,18.486415699275256
53.0,57.94523603330566
53.0,78.90506982326104
50.0,42.75934502345228
50.0,76.30971584490004
49.0,47.22313170382904
49.0,56.53664261335757
77.0,82.41025184527848
77.0,71.29179919852243
47.0,45.691090935996215
47.0,75.11663509289485
74.0,79.23019202386405
74.0,85.49539992820564
62.0,65.70125824461297
62.0,67.72764124622483
61.0,66.15017736036663
61.0,73.58897175528938
66.0,72.63437718807126
66.0,64.49748364104244
33.0,32.37251919220779
33.0,50.40565327635596
78.0,87.28552985886108
78.0,63.522243820927656
67.0,75.08688587287685
67.0,69.23415930985385
65.0,70.2242939312332
65.0,75.06630050763175
68.0,72.9461248279548
68.0,79.66630368296734
73.0,81.73666649163016
73.0,79.98357949717519
56.0,58.3127046003288
56.0,69.66371227480971
75.0,81.92897602701754
75.0,58.31768698370428
70.0,71.28159973030358
70.0,69.86770652777
63.0,70.19294432584269
63.0,73.29696590541818
75.0,79.52981350682859
75.0,53.78264213578831
68.0,75.56169102664609
68.0,72.49681555700607
58.0,58.11235089745446
58.0,68.9030410943684
59.0,62.388463619402785
59.0,40.723605762062846
57.0,60.70781371529563
57.0,34.62329047778428
75.0,80.92714345756184
75.0,44.26496323373965
65.0,69.02127200502593
65.0,77.80978659397994
40.0,35.376985577828634
40.0,81.50605341017342
38.0,33.93533191911769
38.0,57.7932028287276
78.0,84.91081684227709
78.0,72.18938674026884
36.0,27.323495606982533
36.0,60.08360605250846
55.0,56.2188588919862
55.0,25.058381965056697
44.0,45.08136983445684
44.0,67.04283424166687
46.0,50.405162805581995
46.0,71.41742773724286
61.0,67.49882164349174
61.0,81.9474716800948
44.0,42.056618487300796
44.0,76.70477430289759
70.0,77.98158779057297
70.0,54.777377907721814
47.0,46.87834441301726
47.0,42.46509170230246
54.0,60.824881905314044
54.0,77.9480957234801
63.0,71.21324197501065
63.0,61.036937649724564
68.0,72.87824817998018
68.0,72.41761144439863
80.0,87.98795777997435
80.0,78.69981556836746
29.0,22.866962167017903
29.0,72.67785044922965
43.0,45.58957345301337
43.0,64.43345078202242
75.0,80.5760066251325
75.0,61.614057429331865
40.0,39.75040922977581
40.0,58.48422850973196
72.0,76.41696340828696
72.0,82.69489125093253
56.0,55.867314199299926
56.0,68.045474821732
76.0,80.97106765421216
76.0,7.588942442120754
64.0,66.93073916645108
64.0,76.65779124775207
57.0,59.56529103573865
57.0,78.63623879258972
75.0,81.66879629565307
75.0,65.41391171965557
75.0,78.01576467120907
75.0,51.69718175189149
62.0,62.1968206823301
62.0,58.875995957247994
44.0,45.759395975719656
44.0,71.93756311462658
69.0,73.32280096215538
69.0,73.80153789874623
65.0,66.2734105007741
65.0,83.82674537220788
79.0,86.05265158370611
79.0,83.23734609069004
48.0,49.136420433778255
48.0,73.79313682500106
54.0,53.85991050840835
54.0,19.668253002974495
29.0,29.916092673846663
29.0,67.74806498422134
70.0,75.74097495184765
70.0,42.37511708215493
41.0,36.170252884413685
41.0,61.73960493844629
66.0,67.83060961643207
66.0,53.62599626815961
43.0,44.432643596291484
43.0,67.64142515384935
76.0,81.25089708361133
76.0,79.15587167303312
56.0,55.61764834354807
56.0,14.312958978914935
54.0,56.73876159679048
54.0,82.69408493881701
24.0,31.866952215420326
24.0,63.693439633217224
34.0,34.45390309115561
34.0,76.53181869945689
76.0,82.37758443435911
76.0,78.19575815690683
47.0,44.61363137113966
47.0,61.29621422915858
57.0,61.883296937409625
57.0,71.7069521329596
74.0,81.80107616071837
74.0,78.52292434612679
55.0,57.34767713411486
55.0,19.432492251561655
66.0,65.19182669854365
66.0,75.06184394130196
58.0,59.40742361969188
58.0,47.37434914929378
74.0,77.697021673204
74.0,73.71874971185304
35.0,32.543922354681115
35.0,70.2242939312332
72.0,76.33611887960575
72.0,67.26036722804429
61.0,63.053189182341384
61.0,58.82788995673434
53.0,57.903329769466666
53.0,63.267363684735926
52.0,56.3024020246566
52.0,74.65372544179183
47.0,47.11553953744311
47.0,66.04129288900788
44.0,46.42859019317842
44.0,72.30686843778795
73.0,77.09637158208642
73.0,76.58470269979426
44.0,36.59481242061082
44.0,23.32693075915114
60.0,60.18762331643069
60.0,0.5414667912361892
71.0,75.88573287054254
71.0,76.47572227221531
60.0,65.89472259305256
60.0,47.925601667856256
77.0,82.44935046893596
77.0,27.26525274749099
52.0,55.49390895060185
52.0,66.57331773103107
54.0,55.72225825150883
54.0,89.66316818995836
66.0,68.55884972691172
66.0,85.85840322794513
66.0,70.5411028484254
66.0,83.79877245086942
42.0,35.00678651734563
42.0,69.63966127845845
65.0,74.23932529977981
65.0,70.68520608552734
66.0,65.78024898278613
66.0,69.6605519599297
49.0,50.289708713866844
49.0,83.80597631387292
61.0,63.293050987630636
61.0,62.66072637819326
31.0,24.164893648471832
31.0,55.21405047841955
58.0,57.32048205411053
58.0,74.54658051776346
68.0,72.41294819929351
68.0,81.70732864784497
65.0,69.39889398031136
65.0,28.193503606081606
61.0,68.8704404517058
61.0,52.13342308638647
48.0,50.23373207031955
48.0,82.1572211434572
49.0,51.426600530132475
49.0,74.14353749683727
71.0,78.99722963113834
71.0,64.11388586675923
29.0,35.26995224477122
29.0,49.866118405488464
80.0,85.9173033561143
80.0,70.28643975493583
76.0,80.79948873476752
76.0,34.80058902623955
63.0,65.03303110617213
63.0,82.15752647395664
68.0,70.32823534771092
68.0,65.47023236796497
60.0,61.984334545405204
60.0,66.35841903522464
64.0,65.63752928492443
64.0,58.4227423198472
54.0,54.415880113964135
54.0,69.6925195625306
58.0,56.763765564822904
58.0,63.3665948363157
82.0,89.98528185530745
82.0,87.83063466000664
30.0,28.43395232056588
30.0,80.86490119825976
59.0,63.65216449495722
59.0,77.83931055821063
72.0,77.33834024353274
72.0,73.52964697594871
72.0,78.18928509619548
72.0,72.21742708022072
57.0,62.33633212470062
57.0,54.727857893584314
24.0,24.027821087562472
24.0,58.50845001691965
31.0,26.231762838667862
31.0,77.32756747821065
71.0,75.18222448692785
71.0,76.1379302364968
66.0,74.30313348199724
66.0,53.49824394444619
44.0,42.75657131958269
44.0,82.55006261189675
48.0,50.63791614264176
48.0,84.14041511561476
65.0,67.83913437857012
65.0,82.24479245252166
80.0,87.50079022296734
80.0,16.252867402408583
66.0,71.5194503154633
66.0,52.962298026479914
61.0,64.78432390194092
61.0,84.63924947484713
35.0,36.588392363372634
35.0,53.063041978511535
66.0,68.99780717841304
66.0,68.55886834207337
72.0,77.02644410804862
72.0,69.88211881808712
60.0,63.2815910090801
60.0,17.86030199400301
73.0,77.95200109934757
73.0,70.63255042248608
56.0,60.30940642665064
56.0,65.4848425527511
64.0,64.6150698637855
64.0,61.939909308227755
74.0,80.18649863296014
74.0,23.794199207941745
68.0,75.496270717051
68.0,47.34483591682908
39.0,31.14441507987857
39.0,65.73475711110689
38.0,33.94391879872694
38.0,62.110368907752616
44.0,39.32388252652186
44.0,84.64484854946437
72.0,78.56834131657007
72.0,57.349591059455975
65.0,70.65831465471177
65.0,71.43707226679186
79.0,88.68755813539764
79.0,26.15187618040386
63.0,69.2430690601393
63.0,80.03110625356629
73.0,79.08779767349426
73.0,61.044265894532884
57.0,55.5446131591591
57.0,54.5886937701726
71.0,77.66301439546447
71.0,60.513326716611516
69.0,69.40454255489061
69.0,51.842670504890236
75.0,83.87721140871861
75.0,60.30517829330768
73.0,75.60483180816249
73.0,41.559148925185866
70.0,76.55779148112748
70.0,72.05876874480123
30.0,14.69850457106827
30.0,55.44719371716843
71.0,76.4265551404082
71.0,73.73007072211061
38.0,36.48731259719773
38.0,41.69909696454704
56.0,54.36100200903661
56.0,38.39529005700723
47.0,46.78564423842988
47.0,73.25023218230513
30.0,26.786526633519088
30.0,41.768668971566115
71.0,76.39711863289386
71.0,15.376707244422164
60.0,69.31720522730899
60.0,29.765344246531924
73.0,82.3455535235646
73.0,57.3771557058148
77.0,86.37098964937002
77.0,78.99037536496002
64.0,65.43048900837164
64.0,35.72057604964431
73.0,80.85512053021586
73.0,18.870886734801616
55.0,53.88372889221381
55.0,45.5102141353409
41.0,36.170252884413685
41.0,69.06475353255303
57.0,58.31858634180202
57.0,68.5165772343388
62.0,63.55989023416987
62.0,77.92408896527257
70.0,76.81348443881302
70.0,34.41027585783149
75.0,80.35418336820095
75.0,54.426784611442145
32.0,32.12866741994304
32.0,74.38908160111276
55.0,54.71556727272832
55.0,54.356518644157006
45.0,45.9702817162007
45.0,73.08396580855242
73.0,78.08146425271934
73.0,34.360077776043624
55.0,57.783915508613404
55.0,69.43494149891052
66.0,69.42274401595569
66.0,69.46115258557234
22.0,17.138405121282176
22.0,92.23351066658921
69.0,71.08594123374934
69.0,80.83581209889672
57.0,61.986354488079144
57.0,50.879656696882364
30.0,29.434242819458063
30.0,71.4102518702428
52.0,52.90526839567332
52.0,83.91878956396283
65.0,68.83567950204088
65.0,67.18849031586603
34.0,27.74479202546388
34.0,79.33889916130437
46.0,51.16706044396477
46.0,52.158975177477885
36.0,33.40954859190583
36.0,75.01050405359877
49.0,47.589615817522656
49.0,86.93024466807032
51.0,50.86766542191839
51.0,29.922550436341453
58.0,62.37488299641791
58.0,92.59666342110683
38.0,39.646905485311834
38.0,62.493085349960324
55.0,51.05248566616348
55.0,79.34146757243496
63.0,69.55767510709353
63.0,56.406675467012974
64.0,60.39782478423729
64.0,81.81831739688323
60.0,66.20401117343471
60.0,24.7478289712314
54.0,57.79768869734488
54.0,72.21015187274304
72.0,75.69620796433264
72.0,75.62444817216647
51.0,52.02588319738504
51.0,84.13311186228646
28.0,24.42564118904113
28.0,59.4829525248486
72.0,75.52769250383619
72.0,77.0913891775212
79.0,81.84971692710093
79.0,71.11352012965318
24.0,25.548283623866837
24.0,40.21741079985378
72.0,76.56729090631524
72.0,79.11220224905918
72.0,76.035910077859
72.0,63.56236300246644
72.0,78.12603286020186
72.0,80.03979676278601
68.0,77.89241756585261
68.0,68.35776593982524
71.0,75.12119107221429
71.0,85.34644907470278
48.0,45.0536083721999
48.0,72.44983859449746
40.0,46.36653734280094
40.0,66.58893610239909
30.0,32.903971400133344
30.0,63.51006613288939
71.0,75.20024485549214
71.0,80.61304353808691
62.0,65.3410262149145
62.0,57.541861715566256
69.0,75.7376247297758
69.0,77.70217014955011
42.0,44.22967451422801
42.0,62.93475775929937
63.0,64.4871327037788
63.0,27.105357997504143
59.0,67.45220222879658
59.0,63.63028270694758
74.0,76.6287249228244
74.0,35.81049502494716
34.0,26.871359961096402
34.0,55.819590767326474
72.0,80.6157031238136
72.0,46.549303640841515
63.0,66.82826711558744
63.0,58.149298938712604
61.0,58.52917427707041
61.0,65.1391103676417
77.0,86.30641462858671
77.0,74.80263477680904
61.0,67.59107726397099
61.0,86.15786881653855
33.0,28.8622655809599
33.0,57.25668980325116
71.0,75.6731767702729
71.0,77.96559300402589
36.0,26.029582199871868
36.0,69.95926574837091
18.0,15.797006212508677
18.0,88.361863431296
60.0,61.6485318073677
60.0,70.13577955862326
52.0,52.97460451864805
52.0,77.87705517037341
57.0,64.20071494104025
57.0,73.58882495004877
23.0,21.18271462132651
23.0,82.75558207426246
71.0,78.11392370275576
71.0,69.00682946156633
68.0,71.0842999365588
68.0,47.48682469521583
68.0,77.4447615795159
68.0,75.27555189215263
74.0,79.93540155911825
74.0,57.49035414763108
69.0,74.27743054910661
69.0,36.59105536201764
71.0,77.59213408597714
71.0,63.64174735971852
74.0,81.35374552191337
74.0,48.09797650504436
10.0,4.165525231792685
10.0,74.39452581214101
28.0,26.57936050907017
28.0,66.50209477754822
50.0,47.53386284931514
50.0,63.90230599448364
45.0,39.4763564148638
45.0,75.43144122995398
50.0,51.83402938505037
50.0,82.18005541094561
78.0,82.97240802027363
78.0,62.267594554229106
38.0,34.29910172633089
38.0,64.27320243341944
61.0,65.09473518043342
61.0,87.25324943259488
69.0,71.16250594398628
69.0,58.931831564236006
67.0,72.63312263487484
67.0,80.58193219415006
19.0,11.531745761381273
19.0,37.488464813956114
60.0,60.892930990329944
60.0,68.26419523573713
73.0,79.08902692429103
73.0,79.3220239756048
51.0,48.42381625211766
51.0,35.107623924853044
74.0,79.06365020669989
74.0,70.25297060531932
67.0,73.38981653069408
67.0,43.02948762755966
40.0,30.002804557341506
40.0,79.14477621986191
22.0,19.36482180696993
22.0,72.5273484449429
20.0,26.53895552971136
20.0,38.828616958158364
65.0,66.2438252609586
65.0,61.33475855630297
76.0,82.3599698374108
76.0,66.52375203785311
70.0,75.1230600616592
70.0,76.69934084673332
69.0,74.01787397962687
69.0,28.083002039534108
18.0,1.2189766243032523
18.0,74.20866231168077
56.0,58.758977444848995
56.0,57.45419960366701
52.0,52.02441227935117
52.0,31.217586169235744
34.0,41.14027459889826
34.0,60.8297733045128
49.0,48.74876916579791
49.0,55.771570453787604
79.0,83.62612860560284
79.0,85.26239224851611
65.0,66.9601139423877
65.0,69.05641347120377
73.0,80.00514215101833
73.0,55.50449599224862
66.0,72.99532055759641
66.0,65.46748137360123
57.0,57.91971764544303
57.0,64.98371187272772
17.0,11.764185207559478
17.0,61.886155714700635
63.0,66.59642391603506
63.0,70.90219212665943
67.0,72.32721171481148
67.0,32.18963478247599
43.0,45.72298480975195
43.0,71.60735176512395
56.0,60.100521173839354
56.0,50.61173226271745
61.0,66.2887246652354
61.0,51.87191201843547
68.0,76.18828478615978
68.0,32.299538948904
74.0,79.9860864450506
74.0,67.592200754624
72.0,78.76127074800087
72.0,80.0276724138435
71.0,76.47360205400389
71.0,59.89859181767645
73.0,78.09519870829746
73.0,71.69976370192887
28.0,26.581100827405862
28.0,37.907727010030044
66.0,68.9007789393504
66.0,64.5077737575599
66.0,66.64395913560304
66.0,40.42601400534255
69.0,73.73696081942342
69.0,24.021391976334712
69.0,71.84331766553805
69.0,77.0259488627807
42.0,45.646354241302845
42.0,74.42643094515068
31.0,27.51214157335795
31.0,76.96463283599593
70.0,75.29380970351258
70.0,27.616217442291656
46.0,42.92227860698779
46.0,79.44083587161367
68.0,73.43227227748162
68.0,55.31565618758469
64.0,71.11611001796365
64.0,65.65753856685052
34.0,32.22780412499526
34.0,79.35104317745072
61.0,65.45238338020272
61.0,43.26492373841012
53.0,52.489445151167104
53.0,79.2502451419063
71.0,73.91411818626676
71.0,60.28653806857159
68.0,70.70900539928459
68.0,48.095376147594266
77.0,83.79137144601395
77.0,47.144425186813294
40.0,40.71639267640239
40.0,69.2773170543233
61.0,68.69214310929596
61.0,75.32947284871386
73.0,77.77029011792564
73.0,78.83443995600146
40.0,36.75710869354435
40.0,49.23696649816952
66.0,72.69582913981537
66.0,59.41063158619647
63.0,68.22595896400509
63.0,57.56841590015949
68.0,75.7306398713049
68.0,58.58321552931636
75.0,82.98888424206689
75.0,40.792841966710625
69.0,71.6680822084021
69.0,87.84309206386393
70.0,74.97215490124808
70.0,82.25967657278261
68.0,70.37186621996398
68.0,54.996495490058294
57.0,61.891757156310746
57.0,55.63873259494551
55.0,54.770454609754495
55.0,56.520217475646746
68.0,73.16780529216385
68.0,79.2145173324248
78.0,86.50493653162988
78.0,85.59202443912642
82.0,88.5367959459112
82.0,66.69736592693556
71.0,77.44341818074452
71.0,49.40079013060324
53.0,58.66150768686629
53.0,59.07434642551277
59.0,59.57078755537191
59.0,57.70203487174632
47.0,42.065471871007105
47.0,44.649813567931574
65.0,71.0520071878484
65.0,81.76556446331449
29.0,24.68088890781206
29.0,11.540026150851475
71.0,77.44764939026277
71.0,79.94131565581898
23.0,17.444789955489966
23.0,64.82868721263702
59.0,64.78992664125002
59.0,67.27247725521119
74.0,77.393695769727
74.0,24.276999078193057
47.0,42.69816030067375
47.0,63.14957490532953
54.0,58.9927647805107
54.0,74.52781877506919
49.0,53.62245865084924
49.0,54.44913476840992
71.0,73.1037317178309
71.0,74.14715085810178
80.0,88.88531985211011
80.0,71.90310208485784
69.0,72.8504045709962
69.0,71.33253621192682
64.0,65.77949333621586
64.0,82.11484405835245
46.0,45.16660245604163
46.0,32.18963478247599
71.0,77.4313291656382
71.0,45.169072246016015
61.0,62.97683604851284
61.0,65.67021190602753
69.0,71.21521911591606
69.0,26.066846526899496
71.0,74.49876453951578
71.0,38.79720998929116
71.0,76.62945001892228
71.0,91.55484077564847
21.0,11.752073996505203
21.0,58.00599872075867
65.0,71.80581716469209
65.0,68.35932670193603
68.0,74.59416083722522
68.0,67.52906339907696
71.0,75.16541274732151
71.0,72.79073140545182
23.0,3.6716003232055527
23.0,11.489073793925968
58.0,56.95412071485208
58.0,56.753860230632824
68.0,72.0286276387447
68.0,62.0220073781087
51.0,49.077119573679454
51.0,67.98332669069492
67.0,69.95861141396773
67.0,45.66034124601612
20.0,15.176669601041397
20.0,62.90781655365544
70.0,75.33123773164692
70.0,82.8514266184539
25.0,29.879432974219526
25.0,71.26335014494362
67.0,72.96944649779738
67.0,66.81710347159924
80.0,85.99092669345055
80.0,54.43034569444683
34.0,39.32325273670614
34.0,27.94561577779183
51.0,51.357542915937415
51.0,68.50379864750198
67.0,76.239490282004
67.0,61.11134275791221
42.0,46.07327042970394
42.0,45.526307294756066
65.0,69.1845682551641
65.0,29.86644879832903
40.0,38.458278537715046
40.0,42.50778599592189
71.0,74.8717370120882
71.0,81.13235170956915
64.0,70.51463218719613
64.0,78.68281144943705
32.0,35.35001929603959
32.0,84.75435020419872
59.0,67.52148691041026
59.0,64.08698635411861
31.0,18.14377514494288
31.0,34.01177650778851
63.0,66.83523869676571
63.0,62.60468225667216
53.0,55.955530945290604
53.0,69.48930281447662
70.0,75.09781588374204
70.0,55.795539956467564
38.0,33.33003975877682
38.0,54.934800246388534
69.0,76.14775705716897
69.0,68.52065101609702
47.0,49.561456047440686
47.0,58.0124932098887
14.0,10.716109234265275
14.0,48.88075182556827
43.0,44.370776325561735
43.0,70.17597889046539
47.0,47.746098623317664
47.0,35.328162657032294
64.0,66.57228107025901
64.0,68.16867776804878
67.0,74.24426563383133
67.0,20.40059625031381
57.0,53.67895673352581
57.0,79.88358279978678
57.0,61.339987112131325
57.0,26.460648533781864
13.0,15.83906527412887
13.0,49.101464915550196
65.0,69.78440258947631
65.0,10.175181310172263
83.0,92.28804322773124
83.0,47.86714015029713
76.0,84.94794485391401
76.0,58.65109344037046
38.0,40.88933552524435
38.0,73.7716487674794
79.0,84.20081535873828
79.0,16.67706799036813
73.0,76.6239866304195
73.0,70.97448596882481
66.0,74.27125900888808
66.0,62.21135188602619
54.0,54.13851808369003
54.0,40.49953934567583
51.0,55.57798459962066
51.0,22.984321102234276
84.0,90.24646680001047
84.0,69.51269520995533
82.0,89.52182956551013
82.0,69.45480406432472
45.0,40.652943184164485
45.0,7.8100218978597695
68.0,73.6540693033104
68.0,57.705041301434846
34.0,29.578088522827386
34.0,66.89527875300718
38.0,43.573266780991446
38.0,76.83481421772899
65.0,69.58804985293466
65.0,51.87054292453416
43.0,44.568044551286846
43.0,27.113521507000883
48.0,47.589205471946286
48.0,58.44120941312889
67.0,74.28681642497179
67.0,42.675015542771575
69.0,72.03379394953731
69.0,86.18612959576234
63.0,69.52439382809388
63.0,80.26967906375899
52.0,54.29807176415795
52.0,14.883917178904824
55.0,50.80445756164511
55.0,69.48202253360188
79.0,85.51910727127915
79.0,79.19098921226606
63.0,68.08948612507442
63.0,69.08431907879577
48.0,49.585679499268394
48.0,87.45132202854558
59.0,61.6326368427695
59.0,59.447158271729506
33.0,36.42668540396801
33.0,51.80701100614402
69.0,74.23143077216946
69.0,60.98089757000122
54.0,58.748457853770674
54.0,35.120418071699135
45.0,46.500397192795845
45.0,39.490969678013926
56.0,59.49401687357175
56.0,49.99100031430805
67.0,69.36752521905618
67.0,43.89404058437481
75.0,80.88004064476331
75.0,70.71771831893057
30.0,28.712759184376353
30.0,77.71707178445757
62.0,62.84251925203188
62.0,34.469291371713325
78.0,85.47360546122525
78.0,68.23911092531404
59.0,60.67071594680152
59.0,75.91958161035245
75.0,82.19749264452474
75.0,51.627267749943314
73.0,78.98422183724972
73.0,56.88077422251882
29.0,25.27870012586908
29.0,48.73868737223506
56.0,58.016028825476724
56.0,64.62035875883237
47.0,46.30777095209737
47.0,72.10501674490206
64.0,63.39180996463699
64.0,79.6541573636323
46.0,50.37294972193661
46.0,64.15639950187506
73.0,79.62030625741056
73.0,14.661744437520383
69.0,74.05392257378907
69.0,48.58848559943209
61.0,62.42537446895375
61.0,63.27164778213307
38.0,35.787579618610664
38.0,12.103607147610148
75.0,79.8761488743977
75.0,65.97455269124214
40.0,35.20442272066799
40.0,74.4489744328531
70.0,76.37310000960446
70.0,37.4476387735337
36.0,27.61922040865619
36.0,14.490147777686445
61.0,66.00763903532993
61.0,61.86018839950418
62.0,67.80204631961408
62.0,77.12284992306752
49.0,49.979362767713894
49.0,30.763558895487563
51.0,51.76932527092123
51.0,76.47673108712468
68.0,69.99784243457373
68.0,78.28954366445163
40.0,47.67672711244933
40.0,71.83674132151214
65.0,68.58962705758387
65.0,35.378893167986064
33.0,28.890563855439552
33.0,61.0342658329875
45.0,48.244435403369835
45.0,54.17098006695687
57.0,56.72006879247584
57.0,64.02323982936781
29.0,21.702628351920566
29.0,54.723388346007255
66.0,68.7046469101549
66.0,46.41326114116964
36.0,39.37530438283801
36.0,77.35600838302639
67.0,72.29697047593493
67.0,40.755318240732265
52.0,54.78864547556617
52.0,63.619772089841945
74.0,80.92305594403928
74.0,52.74402222461998
87.0,95.01639540033307
87.0,63.58682639666807
76.0,81.34518878992986
76.0,70.20466893376204
38.0,38.3116054066993
38.0,61.06052765256305
80.0,86.21417228775363
80.0,84.23231976221922
67.0,69.40332482344138
67.0,63.77996763530666
41.0,35.90888662610678
41.0,46.81884166313557
62.0,64.18357351254195
62.0,32.299538948904
54.0,58.55887765633503
54.0,69.09686858840621
70.0,74.35215979614293
70.0,51.711301758292905
58.0,61.71417698264304
58.0,76.70505072901602
45.0,48.89876205462781
45.0,37.12484383389403
55.0,59.15918684014645
55.0,80.59342392909275
25.0,21.2983673842665
25.0,48.06848670042217
62.0,62.42747634813327
62.0,71.49379478168822
60.0,62.9607161482665
60.0,73.44043913354977
65.0,64.69336550236903
65.0,82.90428815789727
75.0,77.30378785382288
75.0,70.19953244016523
84.0,91.43602125330517
84.0,56.94409764910887
75.0,76.82609255827498
75.0,83.9569278810356
67.0,71.72547536264523
67.0,54.920136105055064
36.0,38.49757608510521
36.0,73.17694907502465
75.0,80.86829416512137
75.0,70.16086371848718
68.0,75.73802639816466
68.0,72.60578291809213
67.0,72.16071525146333
67.0,73.16591664707892
41.0,42.80255653725641
41.0,58.2855343146918
42.0,45.19958168776179
42.0,42.07742580179416
78.0,86.73556035497086
78.0,51.62248996908761
59.0,56.14691185037174
59.0,9.76546282672814
43.0,37.28989387451992
43.0,59.99919441281497
65.0,70.98147889770183
65.0,43.920486320800535
74.0,78.92287001613153
74.0,85.07458236893928
59.0,62.652493837320435
59.0,42.30915093389331
58.0,56.24086752874132
58.0,72.10096427656572
66.0,66.28585084361077
66.0,75.7120216842639
74.0,82.13256232620438
74.0,47.743349446760135
72.0,76.66628743058283
72.0,54.13851808369003
56.0,49.43832126274532
56.0,48.20615224996328
20.0,8.418908606747323
20.0,73.92035458914421
46.0,41.51381521514833
46.0,34.062549024306634
41.0,28.998015060331284
41.0,27.737103089679408
53.0,55.59767205378478
53.0,63.06335508736703
32.0,28.324131295791233
32.0,77.78872878345476
28.0,16.07820732238332
28.0,18.355263555720512
79.0,84.48257598362989
79.0,64.8958516122504
82.0,88.31358810657252
82.0,32.2796606992527
67.0,74.97028904601109
67.0,76.44033146268828
68.0,73.36439872718961
68.0,55.30310974222084
43.0,43.66217999842138
43.0,49.22044377012213
47.0,47.19831065571918
47.0,67.21359821195
70.0,73.05015558904142
70.0,60.87888776615358
44.0,45.43252159913192
44.0,22.677092922462236
28.0,28.193503606081606
28.0,74.90470484778996
71.0,73.7680602054786
71.0,60.742805732627914
73.0,78.71590947852724
73.0,42.07294272563354
68.0,74.32113097612654
68.0,83.42636944027424
71.0,77.51782753338392
71.0,72.49115084591523
69.0,76.6689057628613
69.0,82.66974684819894
69.0,73.46213928800933
69.0,43.68858815417741
69.0,70.89982184605378
69.0,59.339736538889895
51.0,49.681807283894216
51.0,43.95844482741148
41.0,35.76099225096192
41.0,59.24936004649135
79.0,84.00323302021098
79.0,0.6631707736812018
69.0,74.17886510802913
69.0,49.396849679007744
69.0,72.90348520029784
69.0,3.4365870435938746
44.0,41.67486845651547
44.0,72.1157052550829
47.0,48.61853972289384
47.0,74.5662122906989
72.0,77.35683986366962
72.0,55.63542983893336
61.0,58.87350977848098
61.0,85.29438873896174
72.0,75.17617438989328
72.0,48.74959576677048
71.0,73.06408563786636
71.0,23.144967699839924
70.0,77.62481101895787
70.0,74.83514804484497
32.0,33.13558427144278
32.0,56.9677487308594
63.0,63.91684728133254
63.0,70.53861432956535
16.0,8.443785722896848
16.0,86.68623928307744
66.0,70.91457766324044
66.0,33.57809412420096
59.0,61.85852832950718
59.0,81.9958655701738
56.0,57.31586740177511
56.0,27.176570861918435
63.0,64.69669997360518
63.0,60.09227806613552
39.0,43.67946670438681
39.0,60.78098495878476
73.0,80.7533978926831
73.0,69.47905163825794
71.0,77.28898802655601
71.0,45.31690104812378
30.0,19.39515432206389
30.0,47.867434218527194
55.0,57.97351297274321
55.0,84.20217013772344
77.0,80.46437295388392
77.0,69.24744424443008
63.0,67.80477394223777
63.0,61.749793941976975
44.0,46.433342077174814
44.0,59.85063770195205
63.0,66.4207450220357
63.0,88.55974611985823
50.0,54.839730746690805
50.0,27.113521507000883
66.0,69.50203275589877
66.0,80.94075180140283
36.0,37.40483688933642
36.0,82.11333065031755
70.0,77.02988646175646
70.0,74.69961229899758
69.0,74.8107336022361
69.0,78.60817588611206
61.0,66.64069482910969
61.0,77.89174318890349
56.0,56.72006879247584
56.0,72.27220773811194
66.0,71.7156867159124
66.0,64.32058592734433
65.0,65.26757993727051
65.0,79.08285120583457
74.0,77.73842722160151
74.0,61.57072979335862
49.0,54.18038845647101
49.0,77.22760840173515
65.0,70.22650030060589
65.0,76.89509658053163
68.0,73.12294558421507
68.0,66.35915069599866
71.0,77.57441089958309
71.0,71.13645049891477
71.0,76.43745771938518
71.0,56.49620940392879
34.0,36.771521859279744
34.0,67.33562434183273
58.0,61.677031996880544
58.0,59.89890166635462
70.0,74.52408493609545
70.0,41.29597189475885
33.0,34.18478775065938
33.0,71.73396344556522
53.0,59.552214137371664
53.0,70.93670212489866
33.0,29.315230388839097
33.0,73.52308740306421
84.0,91.23294143664594
84.0,66.12316819855721
38.0,32.816815150468585
38.0,58.17943432734819
65.0,64.08775582378263
65.0,80.53672681112818
50.0,42.80578246580785
50.0,64.71587813707981
22.0,7.121929172418561
22.0,15.725587770224706
71.0,75.67579257891015
71.0,40.97394235573705
45.0,46.56134160795659
45.0,24.157013183093397
65.0,67.61968986991025
65.0,73.79877223818869
52.0,56.20378798322082
52.0,72.48708872794009
66.0,67.68459690993984
66.0,72.15869753721012
63.0,62.58758937884289
63.0,63.88318647251009
65.0,70.10895728042817
65.0,56.02569575359922
48.0,43.66251734075246
48.0,25.77295308974317
74.0,78.56194099850273
74.0,29.58011374746792
88.0,97.51207033930154
88.0,24.44282713141149
62.0,61.864467107908695
62.0,60.83452299391223
73.0,76.78281508885436
73.0,46.38631773005039
55.0,55.10370044180962
55.0,86.093820051281
46.0,47.64521884267981
46.0,58.209858037250626
37.0,31.165803924026136
37.0,45.231854379408844
59.0,57.57916798491425
59.0,70.93708673106732
58.0,63.79679680458912
58.0,60.11058815865118
68.0,70.94922758426287
68.0,49.60968493649921
29.0,28.70537082560054
29.0,58.96484696031132
64.0,70.38470178396699
64.0,56.74637210617044
45.0,40.55756933293077
45.0,80.03561854192498
70.0,74.79236274650685
70.0,69.73773966047082
68.0,74.437759135095
68.0,56.67135387330194
75.0,82.33118193685618
75.0,73.71748219966366
74.0,78.31479932559176
74.0,36.59480342566616
67.0,72.07063785592493
67.0,76.18273088842693
65.0,71.00182500846722
65.0,57.11749801959991
62.0,65.19963490736558
62.0,60.70111421725346
81.0,86.79323064531928
81.0,84.06156968447681
72.0,75.47812259169672
72.0,68.4766146568233
64.0,71.14107283691334
64.0,71.93069158499156
46.0,44.363135117508705
46.0,51.15030662126071
30.0,24.171650903134775
30.0,61.71560708046667
68.0,75.17261970682159
68.0,84.62870810427472
53.0,59.73727096221285
53.0,82.40733536793101
64.0,69.67043134204636
64.0,75.77159316722634
80.0,88.8202387151228
80.0,70.15926684801883
76.0,80.95917446027505
76.0,78.26888784740794
73.0,74.47580967087373
73.0,6.716747770992015
71.0,72.24992126066684
71.0,78.58337189453505
58.0,61.91874213576085
58.0,46.66749631006559
77.0,85.57407926467533
77.0,84.27842028120335
61.0,64.69041693996923
61.0,73.58623511442437
34.0,36.30748835206941
34.0,67.13267608060369
30.0,17.106150111218312
30.0,74.47095420569622
60.0,62.03653789679356
60.0,77.01810249674872
67.0,74.40144900380358
67.0,61.19667047422348
71.0,78.02499121677334
71.0,67.73295956390945
70.0,75.85470426095844
70.0,47.633512507676244
66.0,67.05492131170428
66.0,76.61540787201034
50.0,55.13903852468536
50.0,0.10358478119565007
76.0,82.24241758661265
76.0,40.01770866884499
61.0,67.92770958297348
61.0,75.51873789867085
63.0,67.86318956925942
63.0,68.76859091088392
72.0,76.72629080572642
72.0,67.70139348729373
58.0,65.31883708839473
58.0,82.83920857145904
53.0,60.868710899457824
53.0,68.383428666094
55.0,56.86610454729657
55.0,27.36267390172344
77.0,83.9219435934537
77.0,73.12565771046673
40.0,41.48838478415553
40.0,75.90863805009826
66.0,64.98768209144333
66.0,53.19851787167181
41.0,37.43475198040892
41.0,56.09665451994533
67.0,72.74282055942501
67.0,62.92655303929661
69.0,76.83777906074022
69.0,26.783019227984425
58.0,59.1906868287042
58.0,68.065612125303
47.0,49.5343984775663
47.0,65.00912578960248
23.0,23.92561076769067
23.0,40.05755417444561
74.0,81.2275822468315
74.0,79.87646244556436
57.0,59.74327433807139
57.0,71.20860908299125
72.0,76.26280953067038
72.0,80.73943877821853
62.0,64.73247480838836
62.0,52.36102737430883
51.0,50.172114485172585
51.0,17.098271417784474
52.0,55.107777508426636
52.0,59.42959690432298
68.0,70.04866931360658
68.0,60.47660678745302
59.0,61.259466760255805
59.0,67.01832360271891
58.0,61.1392708629229
58.0,77.3553168527759
68.0,69.29720720138937
68.0,66.69242400201762
55.0,54.85735676253063
55.0,74.16862648760042
58.0,59.02550727204641
58.0,77.25825531008064
69.0,75.11165541361606
69.0,52.438341292887685
68.0,71.16286272712966
68.0,49.248688521120414
65.0,64.3883128731432
65.0,33.18074071857711
61.0,67.58687853507189
61.0,92.81179173570735
57.0,60.10518706615079
57.0,68.78318130947929
48.0,50.47851156111915
48.0,40.71639267640239
66.0,69.89221812118677
66.0,67.32611349723885
54.0,60.192498567062785
54.0,77.36024446549902
74.0,77.73120628338222
74.0,66.72250167472953
58.0,61.492150249431575
58.0,67.29945178721738
30.0,33.058945400112236
30.0,83.26690841744545
59.0,61.86100698730911
59.0,59.107405461481164
44.0,43.772329748359596
44.0,35.689228251412715
47.0,47.67686309774308
47.0,80.165177911596
23.0,13.326768353884859
23.0,21.824829872059354
39.0,31.776529814866876
39.0,75.28449981054854
28.0,24.021391976334712
28.0,78.670692199303
56.0,55.72686275968107
56.0,54.113268472124105
36.0,29.60771729271886
36.0,85.07967203268714
70.0,72.70650323679683
70.0,62.540531906076865
69.0,77.33421312160618
69.0,68.52777675544144
67.0,68.92505974036379
67.0,64.13739032113875
60.0,70.410941291499
60.0,75.78198725284074
73.0,80.02229399417348
73.0,83.50835939937758
63.0,69.79372721553796
63.0,6.4270693843476465
60.0,56.468114697822955
60.0,76.01619859994412
77.0,81.87729135413906
77.0,67.99958541902498
61.0,66.27560521318776
61.0,69.07686651859092
60.0,60.26360746203119
60.0,78.7269751208629
74.0,79.7101628311733
74.0,77.60561446750899
60.0,68.2907277176156
60.0,83.84064582771822
31.0,35.44574866600965
31.0,82.57027152437485
70.0,73.29320042051825
70.0,71.60813441292686
72.0,80.06413797936
72.0,7.414496048476508
52.0,55.787076526471935
52.0,65.3588079169113
43.0,40.71036169101967
43.0,68.15163575503709
27.0,24.488113029323074
27.0,71.79511602491323
73.0,78.02499448478812
73.0,81.0817641601081
72.0,75.30965207534916
72.0,84.85079825009245
72.0,75.85845275113502
72.0,77.28876026660237
76.0,80.77822461168728
76.0,51.04699434416523
73.0,78.71203018078552
73.0,71.12414090307306
70.0,76.63717995433478
70.0,53.58090713485507
66.0,70.09107805164308
66.0,47.26164481427293
72.0,78.44272733222965
72.0,74.42148179334151
31.0,26.280443830489162
31.0,75.0921770025983
62.0,65.33921060898479
62.0,70.67183503564343
72.0,72.31272617097102
72.0,71.02261652333073
78.0,86.03874980629882
78.0,69.47495148412929
68.0,76.38157794422693
68.0,57.31547568906126
63.0,67.44507245120099
63.0,50.39638055199549
57.0,60.72765017551126
57.0,56.14117798085903
67.0,74.14560849042891
67.0,49.475097799103594
70.0,72.31249932999953
70.0,67.21054678273686
50.0,43.72129088778155
50.0,74.14046089914041
65.0,70.39802916129787
65.0,75.53799258455098
71.0,76.27323258775692
71.0,44.03414431699872
83.0,89.41491086779831
83.0,73.2171769795599
65.0,69.57864672872682
65.0,65.10394555805777
65.0,71.01031032579374
65.0,59.444069363493554
81.0,86.27388709945467
81.0,81.41101287863785
60.0,64.00924662469606
60.0,68.42933994361869
82.0,89.72651573981602
82.0,53.190213783147044
68.0,77.3538297139117
68.0,81.72652460965418
56.0,55.60865068150804
56.0,47.331441851955276
61.0,69.07601620680413
61.0,49.599630095049974
62.0,67.03940793149314
62.0,42.796134802938695
56.0,59.75322437900371
56.0,63.48569384024279
56.0,58.559704759355384
56.0,72.18804815279418
67.0,73.07724517783993
67.0,78.75799517916141
68.0,74.17693890655511
68.0,80.68996994174529
54.0,54.969485572523126
54.0,68.29771428100042
61.0,66.25876885440198
61.0,63.612908220302074
44.0,33.73257256846642
44.0,56.2188588919862
58.0,59.89890166635462
58.0,50.458037498241595
75.0,81.91351946704032
75.0,56.56165303242949
77.0,83.7774767325111
77.0,78.78961163054765
50.0,45.34715203653269
50.0,74.16350235260836
73.0,78.58399309297658
73.0,78.24220749628682
68.0,73.98685029146043
68.0,40.149391834415326
64.0,67.60863712010564
64.0,56.93258422867609
65.0,71.04107390545983
65.0,75.5142684327298
67.0,70.73619031809329
67.0,10.716109234265275
66.0,70.74325247035551
66.0,56.321301944143784
38.0,36.47327861823425
38.0,75.05560844739955
53.0,55.310928336392635
53.0,79.10618746745803
61.0,66.28411536444685
61.0,70.42742244679164
51.0,56.30513534128613
51.0,78.37691913724308
74.0,78.97030836180357
74.0,30.42714129543367
37.0,32.75712926498511
37.0,77.89790111263238
65.0,69.1597519228302
65.0,60.67016558554701
55.0,56.66771815956116
55.0,41.39042274958888
74.0,81.120356452213
74.0,70.8901187440319
64.0,69.1329749118816
64.0,70.91457766324044
70.0,75.2563159720691
70.0,82.55312532359613
65.0,70.48248971013913
65.0,76.2025592496081
33.0,24.493745577742573
33.0,22.61801945100791
69.0,76.00513992205572
69.0,50.53748386856296
55.0,53.55153262933595
55.0,72.58088645483258
73.0,78.30357496307295
73.0,78.04384734199209
68.0,75.9511655897573
68.0,76.8124294453977
54.0,55.553418336317634
54.0,75.48611511945063
61.0,63.89878026529789
61.0,45.663996726637436
37.0,32.84155492073711
37.0,70.6543382417048
77.0,84.86206395120394
77.0,27.26346039814024
54.0,51.07461231175154
54.0,46.3646482465665
42.0,43.98467783720048
42.0,43.652469006886065
71.0,76.16949376316012
71.0,69.22950594915727
58.0,61.90270297578371
58.0,74.34845383573531
66.0,70.54400252237855
66.0,77.23105813053041
41.0,45.65864353515963
41.0,67.03539760302203
80.0,90.36477962518825
80.0,61.991485776622596
73.0,79.81742467641533
73.0,52.221217737270706
61.0,69.09758373336717
61.0,77.07363361675215
56.0,54.643717692714745
56.0,33.635984060134945
46.0,38.75281241777486
46.0,52.193939628333965
50.0,52.02132900718078
50.0,18.447396815067293
72.0,79.16639728649187
72.0,73.83131960623871
43.0,44.834236476304056
43.0,39.765527693175954
57.0,53.20562321300872
57.0,18.195452822800576
60.0,57.824221055191
60.0,74.82388471548916
59.0,62.73358906093716
59.0,57.35797188013743
55.0,61.45602591952894
55.0,39.667719971348504
70.0,73.95709280789555
70.0,49.91269236088118
61.0,68.07613923957342
61.0,72.90096424790954
63.0,65.91745162503713
63.0,19.992840931315584
49.0,56.10787900399504
49.0,57.447521260298004
31.0,29.39912955764879
31.0,32.75712926498511
46.0,45.77963549283578
46.0,71.34136191253634
68.0,70.91590289662275
68.0,59.306224898869004
64.0,70.03528367614615
64.0,69.16548634987959
70.0,79.08285120583457
70.0,68.9285740296815
65.0,68.24036764879764
65.0,65.93310376561908
77.0,80.68423873898092
77.0,49.06172123654693
67.0,73.89900333446707
67.0,63.146005270611056
62.0,64.22244093521311
62.0,70.65883709337754
31.0,30.995901394341672
31.0,71.10884975378451
79.0,84.38999454020893
79.0,56.56093132328664
57.0,60.26405334543773
57.0,24.12767467057398
76.0,83.68354115220887
76.0,75.34329874351278
66.0,72.53112387561697
66.0,60.281760240688925
68.0,71.97131225216634
68.0,59.106878366785224
68.0,73.80063628855851
68.0,51.85752248303896
58.0,61.15308258042489
58.0,52.77569523437978
37.0,32.42631256210848
37.0,66.57146689063052
31.0,28.256193559354415
31.0,50.42432439603914
72.0,77.4198215066076
72.0,59.64843634453638
79.0,83.65157066095884
79.0,41.346430538874074
62.0,66.43370422746534
62.0,67.08341967449843
74.0,77.9341097993343
74.0,96.98166826706967
73.0,79.2507900283046
73.0,85.70379540477842
73.0,79.04496973101692
73.0,30.880771490020663
66.0,69.4232895529052
66.0,14.661744437520383
5.0,2.0139813547912127
5.0,73.9821603966243
68.0,72.27754774386585
68.0,12.262318884774913
53.0,54.11225293728711
53.0,77.77904165334354
66.0,72.48474032327158
66.0,48.515110635580925
65.0,72.06694638665681
65.0,48.211530657692435
35.0,34.073557399515096
35.0,54.42033533446539
71.0,74.03129364317965
71.0,62.42834329377041
26.0,26.34198118193291
26.0,72.88254370511112
65.0,72.34489208202007
65.0,74.7497949369955
49.0,48.972006948663136
49.0,62.57427897272987
37.0,35.511856833457614
37.0,53.78516765861525
72.0,80.69236785017631
72.0,76.9582824202792
72.0,73.7940485030158
72.0,40.941514848945076
68.0,71.42417943399096
68.0,67.58843864275616
60.0,59.83465185503371
60.0,33.862174026290745
69.0,75.50057933595343
69.0,74.99993226438738
61.0,61.552194293696914
61.0,69.8738082428477
76.0,80.01418885181727
76.0,79.18939328615647
72.0,77.73568908898966
72.0,41.71814087144219
60.0,58.91618257950563
60.0,62.388960557567145
46.0,40.973022899847024
46.0,70.80023062200854
77.0,80.81818074944891
77.0,74.97755248618341
62.0,65.36476687473191
62.0,67.13283615028826
82.0,89.04234739132994
82.0,85.67685890323901
28.0,14.11899756260891
28.0,50.47851156111915
63.0,68.59073810782422
63.0,51.1706861619744
38.0,37.709898532764555
38.0,73.2274939491428
75.0,80.64393752732008
75.0,16.956415208903707
50.0,47.25139419492626
50.0,50.72519119965898
74.0,83.56040271115097
74.0,72.70254568155684
66.0,74.21108857471313
66.0,80.73869571353595
75.0,79.4260448990035
75.0,90.11866471299976
63.0,68.27187462573829
63.0,81.69642582458437
27.0,24.35107871112018
27.0,54.345322443873386
53.0,58.63887029792477
53.0,47.64038568021056
51.0,50.21974516644099
51.0,61.91997666444763
74.0,79.94653976374377
74.0,33.279112148332615
75.0,81.09596645908397
75.0,76.7411040343876
42.0,36.67147045355267
42.0,61.7892385020491
45.0,42.009692810497256
45.0,80.21141921412851
34.0,31.40486037844346
34.0,54.509747711595594
54.0,60.85007875653861
54.0,58.39205978008863
61.0,67.94851289492749
61.0,71.62995313760763
63.0,62.997639144143136
63.0,81.28115482032479
44.0,40.353932735168144
44.0,50.61976117512188
58.0,62.57932284845697
58.0,69.81761390286232
32.0,25.860686127765348
32.0,54.63805892084707
31.0,32.61300669524434
31.0,63.69736707092272
18.0,6.728711118672095
18.0,65.72113333238667
67.0,69.3414784219222
67.0,57.951081120223705
43.0,33.86161965188802
43.0,81.11283270009784
77.0,81.01064019247207
77.0,68.98842160959492
32.0,22.6581822601932
32.0,61.85286235316198
69.0,74.44399411050051
69.0,51.105540995430204
77.0,84.82253711408623
77.0,80.87884683414717
41.0,34.86194542743516
41.0,64.94476392692485
71.0,74.95635309344112
71.0,27.277514462284955
44.0,52.61634746752401
44.0,62.55488665198436
52.0,54.78193126346264
52.0,69.79439376325126
26.0,24.42564118904113
26.0,75.2193294962409
47.0,51.98373298625495
47.0,74.67500555821749
48.0,47.25806759030223
48.0,56.91964339732573
57.0,60.56655277089561
57.0,74.21337451825815
53.0,56.33918833214403
53.0,68.9217715025714
72.0,79.66542300876239
72.0,44.67561871798341
41.0,42.597716874006665
41.0,80.83719606196792
54.0,56.99925444173863
54.0,82.95992781820348
64.0,69.2513149811179
64.0,80.00215969055324
47.0,43.4785361136519
47.0,64.44590617822166
44.0,41.05937710116291
44.0,71.8194208636894
72.0,80.12815687196064
72.0,44.98278372595564
60.0,64.52991044293378
60.0,69.52966909598081
71.0,78.64654972218852
71.0,79.25023818363559
35.0,37.6376299805097
35.0,83.42579750774047
53.0,53.538989115265565
53.0,56.218782126275755
63.0,66.67274094146416
63.0,76.74887883290131
64.0,67.29392240854929
64.0,41.34493169354516
53.0,58.47527596650366
53.0,79.60027723427538
73.0,80.21396812309484
73.0,49.41507059431564
45.0,51.259316421128574
45.0,63.61875844606169
59.0,63.25669397443227
59.0,64.57644493363529
19.0,16.291826237838166
19.0,71.65325131891478
59.0,63.27973993323985
59.0,39.689760953016616
67.0,66.88475028572111
67.0,69.20067871810261
55.0,55.32858191793042
55.0,54.0492851708384
68.0,75.98469034902814
68.0,44.970456289830395
70.0,75.11849275949515
70.0,73.53521757330174
58.0,58.33349438105705
58.0,30.07884211742754
47.0,50.959137940943094
47.0,43.04246637875326
68.0,68.69400986731364
68.0,83.03239498461602
77.0,85.20370586210794
77.0,20.40059625031381
34.0,33.87010697921113
34.0,75.50349068740945
49.0,47.757875272110084
49.0,54.654279301942495
62.0,67.5532072140839
62.0,94.93813275610825
47.0,51.96274492069148
47.0,73.94728034682538
51.0,59.83178655332301
51.0,58.75158864488566
68.0,70.70269897159528
68.0,66.18452365460979
66.0,69.4417955761736
66.0,77.02054236226934
77.0,86.1274167741509
77.0,73.93564654640238
62.0,63.94968994894134
62.0,70.36807059925718
53.0,45.34227766538072
53.0,0.10358478119565007
40.0,40.001389920118015
40.0,67.02451946655248
67.0,75.83072182349565
67.0,72.80939208017355
51.0,55.377682259715414
51.0,71.27029166804152
28.0,12.665806754646496
28.0,70.06011216859804
67.0,68.77357216073011
67.0,72.63305623156378
71.0,75.43126637429935
71.0,68.96901272255684
72.0,77.79275207045919
72.0,64.96464675303326
76.0,80.40701017672171
76.0,73.7920144788664
51.0,47.88932096074893
51.0,43.48077875991055
68.0,73.43216212863337
68.0,70.04315401704218
70.0,75.83908048642104
70.0,60.00786443481422
42.0,38.37178139880268
42.0,58.317114067864225
66.0,68.79553594518836
66.0,42.00484715903309
69.0,71.51342054423026
69.0,83.4017824130189
76.0,82.0244441731453
76.0,80.6095791885661
71.0,74.74866735640222
71.0,60.99032809428911
64.0,64.94317520729726
64.0,73.51351580948398
66.0,69.78448598377986
66.0,85.58526392748558
29.0,24.307150561744436
29.0,22.372538449085994
54.0,50.236533468198786
54.0,79.0338363492516
71.0,75.37433530822216
71.0,72.30405999336477
77.0,82.09559031452955
77.0,54.22602491927188
59.0,60.20015655741821
59.0,74.45364657748405
45.0,47.71806204776931
45.0,62.82029021564779
35.0,38.5242137427465
35.0,46.60687879969652
43.0,44.53087716643108
43.0,70.08851598444306
64.0,69.96946104882926
64.0,1.421460778217238
53.0,58.16633332307691
53.0,74.70892360426461
52.0,48.88288955701938
52.0,58.12906474748945
68.0,68.09923058662196
68.0,44.10124775035899
64.0,65.3201827916078
64.0,61.54181825579053
58.0,61.081130382685046
58.0,79.15283092460726
70.0,75.15331776886268
70.0,68.26012493919256
27.0,28.77650115772161
27.0,74.45025549424298
45.0,46.16795525141799
45.0,81.39340797309006
64.0,67.93170299447297
64.0,71.97233381688375
49.0,47.975558335055666
49.0,71.22308923979648
55.0,61.797472231139466
55.0,71.05313324686051
52.0,52.73062791758923
52.0,59.344562616266444
74.0,77.79391662609044
74.0,70.57346424250483
66.0,70.33024803899656
66.0,81.93856209795484
43.0,49.208423269327625
43.0,55.38542915752271
63.0,69.60778108380885
63.0,40.314894016997755
79.0,87.54498620690339
79.0,54.488893381821185
74.0,78.34269651191721
74.0,51.36534905731867
20.0,23.377713397985247
20.0,62.37518098599469
68.0,71.62361288592376
68.0,67.00607170577797
46.0,47.821932410199395
46.0,52.185248078732286
61.0,67.04024078675559
61.0,32.52871128126088
69.0,75.22341494445584
69.0,50.503430663119445
60.0,61.20988307879742
60.0,63.433727877567435
64.0,67.35252459509024
64.0,61.680439650922665
68.0,74.54783437413761
68.0,78.30365303652445
53.0,53.74243395312283
53.0,70.02564236145054
66.0,69.56114381041277
66.0,24.41034422469727
59.0,60.61620069793332
59.0,64.176198080218
65.0,73.31415019421013
65.0,60.726582592315935
51.0,53.16273455133006
51.0,67.25545699002134
62.0,61.397960031797595
62.0,74.67468193916483
36.0,22.467789099385868
36.0,19.800370673963016
59.0,59.63082131787621
59.0,75.98210890894887
68.0,71.61568745322575
68.0,60.99989660030121
84.0,89.76528149161902
84.0,58.735906720070545
57.0,60.67605435521443
57.0,75.95059934475347
53.0,58.40329089187861
53.0,79.4129503817926
46.0,45.325724899423676
46.0,77.87734881337786
67.0,71.95989434733286
67.0,58.204480031844355
22.0,19.319595742805916
22.0,77.33777095750042
27.0,20.669166531387248
27.0,70.87346364801334
64.0,69.52307626251644
64.0,82.01016774872562
69.0,73.79847220149725
69.0,26.93166787536586
13.0,4.732263068607665
13.0,79.50535652249499
17.0,14.707347219162216
17.0,75.4251071455734
68.0,75.0339756586485
68.0,75.34330129809399
77.0,84.80050398345907
77.0,27.074539170283856
64.0,72.23715036762349
64.0,70.41303681256818
58.0,58.992531708165245
58.0,64.63784246779949
58.0,57.689005725746824
58.0,77.53706452012221
60.0,63.146832751074726
60.0,45.547448762638396
69.0,73.08360312628378
69.0,81.58176976904849
61.0,64.77246680435081
61.0,63.902096586814025
65.0,66.66021223199135
65.0,68.56095404796457
51.0,52.822100063171376
51.0,54.153666105708226
51.0,50.00221443896845
51.0,72.42581350442612
60.0,63.99191511107506
60.0,66.15890397202992
60.0,61.6011778385224
60.0,56.114407911874366
59.0,58.75552857180833
59.0,72.16557714447686
69.0,71.68085487263403
69.0,73.97789911373167
21.0,14.270558447807787
21.0,68.90420738746838
58.0,60.95363509971179
58.0,56.8126539496526
70.0,73.4203132226155
70.0,74.9975758366607
66.0,70.67379325947923
66.0,45.34523605904707
31.0,32.522427280261354
31.0,72.80835840979682
37.0,31.33884150503991
37.0,60.70170830444721
46.0,50.425430015687255
46.0,15.357933295127395
80.0,88.53508703582571
80.0,61.67131798674308
55.0,54.89486812933069
55.0,62.07194436016533
73.0,80.0792653501386
73.0,81.27715798568966
71.0,75.621812492061
71.0,65.5564543455182
69.0,75.84167261347329
69.0,62.40013514289603
68.0,73.26588857054674
68.0,81.76177372663119
69.0,75.03008194329311
69.0,79.99423439473537
66.0,69.9027983210213
66.0,73.79492373242914
63.0,68.7517009613859
63.0,85.34307241790447
57.0,60.10226043527882
57.0,59.57078755537191
35.0,34.39922871284989
35.0,63.031090735129
72.0,77.90023432331401
72.0,11.195611110903826
71.0,77.57575101288433
71.0,66.52778127263429
57.0,64.67006643017572
57.0,82.49873519549664
66.0,64.82403849545682
66.0,77.00033511907043
26.0,26.58779392445615
26.0,63.52945852499221
78.0,86.19882765425501
78.0,55.467016896628365
15.0,-0.7987752087457238
15.0,64.95520590262555
52.0,54.10821547386848
52.0,20.09955610628873
67.0,72.18669624589461
67.0,47.782893821522066
66.0,68.96829884254197
66.0,69.5381290174384
70.0,72.64682800225108
70.0,68.03701631536234
55.0,58.375804761167956
55.0,23.988425750372755
37.0,32.71671438463005
37.0,88.2192207768586
65.0,67.5051773467651
65.0,54.831136482634236
36.0,32.886188130744586
36.0,74.63458962370834
61.0,68.48799337164183
61.0,80.99871972972261
51.0,49.97889743463844
51.0,37.796475757176836
80.0,87.28893553420977
80.0,78.88948356335345
76.0,80.32176890395107
76.0,36.60951973970873
66.0,70.71368295250642
66.0,45.80592166660716
56.0,58.38417974420537
56.0,64.66693707744105
67.0,67.12665343775751
67.0,23.559607962568748
66.0,71.66960698105515
66.0,70.52395283753447
66.0,71.23151448312638
66.0,29.60771729271886
71.0,77.70242248385262
71.0,66.78507819985634
65.0,66.17602892464595
65.0,83.93429203511653
55.0,54.8317619615342
55.0,65.60559607709001
71.0,73.12892951822397
71.0,34.4000285603139
51.0,51.583688316968335
51.0,78.72403067039471
73.0,77.92454717468814
73.0,54.21089931291317
52.0,55.350757739670314
52.0,61.60747300311493
77.0,84.83979306488465
77.0,65.91601842049772
57.0,61.876044440653686
57.0,42.92898554686445
77.0,81.73112489546327
77.0,57.23052899410385
76.0,84.85045865635772
76.0,74.73217554014843
39.0,37.91283755661004
39.0,59.1486230368605
78.0,86.28054077880103
78.0,58.56225366803233
71.0,78.55365274339732
71.0,68.684467658566
67.0,74.09245304466793
67.0,35.87053283519981
54.0,55.3823532878489
54.0,62.659706185646485
67.0,72.80198400676085
67.0,74.7847876530223
74.0,79.80022628897626
74.0,36.49142505336334
60.0,62.787243988055536
60.0,78.62716310456392
45.0,37.70518796574481
45.0,44.442555581493764
71.0,77.40035617491782
71.0,49.16615884052186
50.0,52.09495428454346
50.0,82.17457842937921
72.0,80.31705585990949
72.0,73.88766410536459
57.0,59.55131517517907
57.0,79.69165544060496
77.0,83.61099946142951
77.0,61.09512325089145
26.0,27.861087360277793
26.0,65.71578290547188
50.0,47.525070317005884
50.0,51.10966632999828
52.0,58.650903881240254
52.0,70.11880941792447
61.0,62.959680485556646
61.0,43.95298470589171
18.0,16.7038474400822
18.0,18.870886734801616
50.0,52.72694927291985
50.0,87.49600009197889
51.0,53.30441443545101
51.0,84.95155099140948
65.0,70.02740201564353
65.0,88.47957165718333
72.0,74.59123330546578
72.0,72.62007623430566
67.0,73.43549617319968
67.0,68.08557496815797
68.0,70.28350380065973
68.0,39.44385503645975
18.0,15.357933295127395
18.0,77.24855289187002
65.0,72.3234834155744
65.0,35.849064730412636
54.0,56.919580307145054
54.0,32.580778042079714
76.0,81.6725139107657
76.0,27.861087360277793
77.0,84.4205799559598
77.0,56.53767700620915
44.0,42.16883796937719
44.0,45.47486257695317
53.0,56.44208700563473
53.0,6.233466992043077
57.0,64.32182123804148
57.0,85.19309109261172
69.0,75.02273511278679
69.0,60.311119051123626
29.0,23.521127998417626
29.0,56.42248201118173
63.0,65.07629396371107
63.0,78.95205131157064
74.0,79.83554942285394
74.0,68.28387365418257
52.0,56.68697503060645
52.0,55.6820985492169
39.0,38.9338493037875
39.0,76.28632105092231
63.0,65.7922872484433
63.0,46.19695968573876
65.0,68.07476314824868
65.0,61.9417076690911
70.0,72.28015932177988
70.0,54.63805892084707
57.0,64.50973990452587
57.0,61.19074744536573
69.0,70.38913484228203
69.0,34.8313589158613
69.0,72.8188664959074
69.0,47.670144947895324
56.0,55.935672462222215
56.0,55.42495856251554
45.0,45.25091400487554
45.0,72.74797395462576
43.0,40.50375347668455
43.0,81.84011741284974
76.0,80.52935309848618
76.0,63.68571406027047
68.0,72.23619599184826
68.0,81.26478036435213
79.0,89.86765210635855
79.0,45.40167427671639
82.0,89.89903834658543
82.0,49.938252759736315
69.0,74.37404125907767
69.0,70.87175129884895
62.0,63.971098752514706
62.0,71.10572686679876
58.0,60.64180309077648
58.0,75.5723170863638
78.0,82.95792490910617
78.0,58.56133509989854
68.0,76.34178429936435
68.0,37.47299156525878
69.0,76.97258696669951
69.0,40.2050083783725
17.0,2.0486575875968924
17.0,54.96580790094367
33.0,32.410726800568796
33.0,84.7638642167829
60.0,60.681865178611474
60.0,31.016830130331982
21.0,17.35996875547545
21.0,83.93352407196943
61.0,65.74220751642326
61.0,78.97048394710669
69.0,74.26217740192254
69.0,76.21367368131575
30.0,25.411217493012145
30.0,63.949838448530784
49.0,50.389776216422774
49.0,51.356027261761426
34.0,30.038948029216158
34.0,20.030772765178426
74.0,83.26693530709935
74.0,78.54475623068464
51.0,42.99957177753845
51.0,45.89443989917913
70.0,76.87297189563623
70.0,62.83961363114224
64.0,71.50331526072148
64.0,74.9836378220196
73.0,75.18577237639471
73.0,85.82525756326237
71.0,75.29186938665077
71.0,74.99128215007619
48.0,53.06579254624461
48.0,2.8053895949664707
35.0,20.5941307284412
35.0,52.07107323588616
65.0,69.05150232232944
65.0,81.50687132466493
70.0,71.65008674871132
70.0,42.941829724842194
82.0,89.37287990341906
82.0,82.27567250780231
63.0,69.97432214657778
63.0,87.92979190155455
46.0,47.4028849530352
46.0,41.7746282185924
53.0,56.539454937832886
53.0,78.24193349602905
64.0,70.563049242808
64.0,49.75653753352151
58.0,53.45664714750677
58.0,57.72828707054333
60.0,63.862158031096556
60.0,60.925998726332296
59.0,58.836010243190344
59.0,65.4197535608123
74.0,77.1897564449967
74.0,70.5615909268335
82.0,88.33016293539964
82.0,47.83709876423546
76.0,82.3657097605415
76.0,28.7355600657977
72.0,78.73646295427864
72.0,60.32463148818363
59.0,59.441809111149894
59.0,88.95184108964526
61.0,67.38413016995736
61.0,62.84988452982333
78.0,83.59358712360057
78.0,70.97994022381363
72.0,76.56099390114423
72.0,79.02479342007229
49.0,52.08599760807181
49.0,83.77877513582251
64.0,71.03843862670004
64.0,14.208766775822028
67.0,72.48170815603424
67.0,55.646071739926015
82.0,90.51547878903881
82.0,26.37127493206316
54.0,55.06079663146102
54.0,60.9910713499018
81.0,91.41096071971282
81.0,40.59314930414149
47.0,47.38072491418569
47.0,79.80574244658658
74.0,78.72981202604814
74.0,76.67989159919904
59.0,61.939200407652606
59.0,69.90475609445855
47.0,49.31099227084809
47.0,71.43584815987941
58.0,54.93008156566526
58.0,86.12486897242371
73.0,76.99352767143625
73.0,76.40279037375262
79.0,86.56937555695606
79.0,81.53261099754656
59.0,59.89314188016402
59.0,63.99162156417225
67.0,71.81998080396772
67.0,77.19779780341139
49.0,50.370874348631844
49.0,70.86230609090359
56.0,62.709462846429744
56.0,77.15206724548108
47.0,38.957021929145355
47.0,25.347864456914806
65.0,69.72818893935118
65.0,66.43164840988538
65.0,69.71149410062492
65.0,73.63752608591739
38.0,34.91267213686723
38.0,64.38677777519763
30.0,28.04908365973114
30.0,64.47036314662358
73.0,79.6192138199608
73.0,72.36444851072105
53.0,56.66364427696868
53.0,78.61170772994592
30.0,29.73761251831928
30.0,85.92038983090112
63.0,69.6184643954141
63.0,66.87771348850907
67.0,71.94653437262491
67.0,69.87426624926104
53.0,56.63389533922782
53.0,84.0885853418248
51.0,53.37057546874581
51.0,79.47960744968299
54.0,52.203526456613474
54.0,70.75236851106513
30.0,25.30697052906362
30.0,62.89876134056749
54.0,58.95729613667794
54.0,67.27499980370095
64.0,69.19181448924496
64.0,71.23722776638834
31.0,24.96234295621366
31.0,74.6334973025348
37.0,30.427452073785958
37.0,61.872699368435065
66.0,71.78709599626768
66.0,31.400232566091915
30.0,35.731022622749265
30.0,76.18027308628945
55.0,55.156621954527
55.0,61.66489116751853
55.0,50.55053573470536
55.0,50.21244697838739
77.0,86.74111314153981
77.0,64.65616166980135
68.0,72.6374718031824
68.0,45.37781112193193
54.0,52.24123768077237
54.0,62.36010938245471
72.0,76.3595829063841
72.0,50.1055790847152
71.0,75.11588601191119
71.0,71.04806495442313
60.0,60.03209253636447
60.0,76.6883710468723
33.0,30.886730066097016
33.0,66.78803247267689
70.0,74.98602443822978
70.0,16.180826554420207
74.0,77.83002258979275
74.0,20.530589646024282
68.0,72.68154429087224
68.0,59.23598168058254
64.0,70.04837619743643
64.0,48.22180860309095
58.0,64.97012330744388
58.0,67.14144583525024
76.0,81.23638931463654
76.0,51.196738571635365
23.0,18.916603868455354
23.0,75.81910375627353
68.0,74.05777669413277
68.0,52.04290002662634
50.0,47.70848583819287
50.0,33.28234454681814
68.0,73.55381288678382
68.0,48.05714331628451
57.0,61.65094942559767
57.0,61.44512452921441
73.0,76.57292348498487
73.0,60.865536893476474
61.0,65.03343624001303
61.0,61.670574176863965
76.0,80.17145658114458
76.0,12.839124326389424
67.0,70.06728650361214
67.0,59.03080243598879
45.0,50.77048900488927
45.0,49.15643173538109
55.0,55.793588094050506
55.0,61.76542671614999
54.0,58.81186351153525
54.0,58.00599872075867
49.0,52.35963822064872
49.0,85.65097225323785
59.0,57.505839268986676
59.0,84.14425057295261
62.0,64.8668277575087
62.0,0.6631707736812018
43.0,37.205460816183404
43.0,48.30407210358288
32.0,33.687710237700344
32.0,63.23114803097877
54.0,56.01138552682039
54.0,7.743487433766973
25.0,21.102683822194933
25.0,43.89721119008823
75.0,83.35444747575815
75.0,65.75013239797914
69.0,70.36322784580085
69.0,83.88634919001765
73.0,74.59272483207997
73.0,59.23176618276091
46.0,46.34631470709354
46.0,78.80453795131649
38.0,35.06006929943635
38.0,60.29237599336432
68.0,69.96382506979523
68.0,54.04911700752439
62.0,63.784676654009786
62.0,41.772799001030194
41.0,40.37236595678212
41.0,59.28389785387395
30.0,27.748152853366037
30.0,62.49741185520054
20.0,21.564461708432816
20.0,81.13292485321296
23.0,22.383700819826856
23.0,61.39956790466363
75.0,79.60031867407798
75.0,44.57697238453494
72.0,76.9874746163241
72.0,70.40574338427024
29.0,22.344122007530302
29.0,74.37512487728947
60.0,61.148234379395376
60.0,59.77841017905854
56.0,60.266501529130835
56.0,69.10245559449066
69.0,72.72313309135598
69.0,28.442180141147958
57.0,65.29143311680934
57.0,41.77397385692473
62.0,65.94736997773083
62.0,68.60196427761133
19.0,16.26266776565086
19.0,80.02987355259478
57.0,60.54188839389485
57.0,9.9832243571434
57.0,54.1466868263463
57.0,63.27242088366853
69.0,75.5308863204761
69.0,40.306652582975914
77.0,83.37031110460674
77.0,60.92639549327282
61.0,64.4903811987619
61.0,72.92640962465754
77.0,85.64517791848232
77.0,68.19615928462053
69.0,75.33548270877236
69.0,12.962362458621044
78.0,85.36758554791243
78.0,69.76040584296027
69.0,73.67001316248155
69.0,71.2863412482007
53.0,59.94324608202555
53.0,69.02692643867454
73.0,77.51777919946915
73.0,93.7031440041917
63.0,67.35971317976043
63.0,55.52708060305764
66.0,73.43642504500252
66.0,31.092095812639002
79.0,84.24629100638009
79.0,84.05832886311003
71.0,76.5997749233203
71.0,76.62942043717896
56.0,56.04291888510767
56.0,40.999952452995046
74.0,78.72276536103163
74.0,71.73531963379037
76.0,81.57882277543541
76.0,61.83312423742382
80.0,88.41213468772196
80.0,16.94397311564819
15.0,16.84246070742978
15.0,72.68811007072003
58.0,59.12753115102993
58.0,46.49306545259594
44.0,48.282184375119016
44.0,74.70852866060926
67.0,69.67314258237917
67.0,26.791277356653325
74.0,82.04539865956343
74.0,71.6495994972118
38.0,37.19091670440059
38.0,73.52870037000105
36.0,32.04501604907102
36.0,74.54731267143484
56.0,62.26143701142934
56.0,70.137094646462
66.0,72.00246778941539
66.0,66.69456282258284
58.0,62.83961363114224
58.0,73.98990066357271
73.0,79.5779066333941
73.0,57.714072591897605
68.0,72.70442664326163
68.0,72.93393960462947
80.0,87.04568479887166
80.0,74.13562443401287
64.0,66.533131273896
64.0,11.372267313891484
55.0,58.42010027591476
55.0,74.71318347040244
68.0,71.63011173972285
68.0,79.72476186399649
57.0,59.81785507112289
57.0,75.64269371218387
74.0,79.07467045284511
74.0,73.99994118059834
79.0,84.39766041368875
79.0,61.570250897828146
74.0,80.10365691116868
74.0,51.042548288127534
48.0,47.94492884100396
48.0,80.77753216224687
53.0,59.049471482764545
53.0,61.03726746627183
34.0,33.34663397999827
34.0,66.00499550258138
61.0,67.23299909450458
61.0,41.756051021158214
77.0,84.41650932678607
77.0,54.830358565091615
74.0,80.57063643964267
74.0,88.44341703618926
74.0,80.66332347143242
74.0,36.06696086785047
55.0,61.41394501215632
55.0,71.6024277625321
72.0,79.89863748562851
72.0,36.19729254290638
33.0,25.411217493012145
33.0,61.85852832950718
68.0,67.90309893373569
68.0,53.43022657110072
49.0,52.75788522819795
49.0,69.46332591561867
51.0,48.187454839578834
51.0,77.86992865067884
69.0,74.0995807025285
69.0,59.57169826885524
73.0,77.86847399669796
73.0,88.29404782115978
57.0,60.566004625435255
57.0,79.57657823858995
82.0,89.16395432981739
82.0,58.22569165343663
76.0,79.2702745343214
76.0,61.33575663433845
73.0,78.58784655307153
73.0,55.10952238959368
59.0,59.18960415179578
59.0,83.4740264805734
43.0,43.44726540855379
43.0,46.36868346531969
69.0,78.6305342860195
69.0,66.60702685507937
55.0,56.971520711068194
55.0,74.40840547047065
31.0,31.082521198032055
31.0,75.9525222145976
67.0,73.70203108630511
67.0,23.914444422556016
36.0,38.89823818808526
36.0,14.280761211009747
55.0,61.33764585910342
55.0,21.971116226916365
20.0,20.2592624729985
20.0,64.9334274639894
71.0,77.24120227492085
71.0,54.45460159888023
17.0,9.397910293421546
17.0,70.19503977807733
70.0,74.33294767975815
70.0,62.41192518336004
68.0,77.03952864660886
68.0,76.92181487200003
50.0,56.08644468109219
50.0,27.494048788555517
55.0,58.11852568759514
55.0,64.95806365661377
72.0,79.51625892068154
72.0,62.09973624515544
61.0,65.90772168063063
61.0,36.86784472014165
40.0,40.44709375315364
40.0,69.3773057249183
77.0,84.14350199197963
77.0,81.44814277592434
77.0,84.13501137127685
77.0,41.09259169040956
72.0,75.67389172508496
72.0,56.55378832091088
55.0,53.5153430520287
55.0,24.021391976334712
75.0,82.02044696501406
75.0,84.43184474788308
57.0,52.00972992855765
57.0,47.929956580018484
48.0,40.977401611672576
48.0,68.64775874560542
68.0,73.35412005253113
68.0,58.40069481720883
42.0,38.37178139880268
42.0,42.18484108474934
80.0,86.30881273232183
80.0,72.73203700203061
82.0,91.01229958796966
82.0,62.5382293719091
74.0,82.65666230469725
74.0,83.64785539989481
65.0,70.0987220477482
65.0,43.4400580063961
69.0,76.79468052414137
69.0,80.5258979228775
41.0,40.37131997662783
41.0,84.13397858728501
72.0,78.04463961417747
72.0,78.47218066952536
66.0,72.08798577399978
66.0,53.161291034723035
53.0,49.72130560440536
53.0,63.93171601214095
57.0,63.19395518051999
57.0,71.94229435638556
25.0,16.436343593023594
25.0,81.38563371276979
72.0,80.41619737790501
72.0,60.100500290671334
48.0,44.58069580645275
48.0,46.95068039180575
60.0,63.42607684094156
60.0,62.8477491489233
81.0,84.8096236823597
81.0,59.47350188460308
45.0,40.612089596576766
45.0,56.650440921487814
58.0,60.55362233116722
58.0,46.86292337453568
52.0,53.18601674736624
52.0,46.78207808277966
74.0,80.18409325493741
74.0,60.923199887578164
45.0,37.583780774271474
45.0,47.24813950373891
48.0,46.42184316368474
48.0,40.70306369433149
48.0,46.44035656360859
48.0,77.59253528877173
74.0,80.19604402469162
74.0,45.99524359108125
69.0,74.37204442950258
69.0,67.8214509122405
65.0,72.422844027243
65.0,70.25193416634141
72.0,76.45693842170004
72.0,64.90793670583639
61.0,59.4893633459713
61.0,60.74514469486974
74.0,80.08023174038175
74.0,72.6275328034979
79.0,85.87669543373408
79.0,73.71410113334304
73.0,79.47559338833798
73.0,91.1014412237958
43.0,38.98724432004951
43.0,85.67966294382234
71.0,77.71526649969366
71.0,64.63036042765987
62.0,64.82385297402249
62.0,59.01429227525142
56.0,60.20748754165032
56.0,41.77397385692473
73.0,80.81701092553897
73.0,76.0528492240033
77.0,82.23010683393954
77.0,60.312210326569925
40.0,39.05646569759699
40.0,71.76242687468391
58.0,61.47578460004644
58.0,73.0487407600724
73.0,77.52850062396021
73.0,74.33718064009861
32.0,35.365372896990266
32.0,75.669758399957
76.0,86.49224344408174
76.0,75.1715339240194
34.0,32.419176312531135
34.0,51.00010246786019
80.0,89.08448005783333
80.0,82.99260697532043
42.0,40.77505105061675
42.0,72.85050183201764
68.0,74.59919359319179
68.0,68.52545668742937
56.0,59.337197266717794
56.0,10.482360812744275
67.0,73.0878430129772
67.0,85.95768533624039
53.0,52.31955229774161
53.0,75.00245743134809
35.0,28.90898112137927
35.0,58.323261866070084
50.0,48.87603856968025
50.0,55.99313180254734
38.0,33.50740675979705
38.0,72.00582839788501
48.0,48.524912105514886
48.0,37.38133592561883
65.0,73.00883485082551
65.0,49.25301649507327
79.0,87.0591044543279
79.0,73.24224238083428
58.0,62.29557299812291
58.0,74.49489950082256
54.0,60.96920656862562
54.0,54.308825737997665
81.0,88.84113185677631
81.0,91.3232189124131
66.0,68.8179689128064
66.0,74.81969133576996
65.0,72.75127141600808
65.0,81.12641661357134
66.0,73.29291170509418
66.0,80.70033381969796
66.0,71.92510124148964
66.0,8.883373449346152
76.0,84.93501215720687
76.0,47.19215532710251
70.0,74.00146943813763
70.0,32.67138045591611
67.0,70.77188926284163
67.0,50.097730455457224
68.0,74.16912705890445
68.0,78.3633331885157
32.0,32.09992417688272
32.0,38.90497066447824
74.0,80.62509417283252
74.0,10.520705927877316
22.0,20.234434975111014
22.0,73.53866786033637
79.0,87.52493588739975
79.0,70.08938402495784
68.0,69.7964111786381
68.0,53.40593113736196
76.0,80.8776822344841
76.0,44.146906905825574
57.0,62.53398432252078
57.0,79.3307117856184
69.0,73.52625869370905
69.0,82.0577250465866
73.0,81.11204506071869
73.0,76.4881205837093
59.0,58.2329092157085
59.0,62.26637008228903
53.0,58.050678874042546
53.0,63.5594581000401
67.0,70.77340249175569
67.0,78.02737406126653
68.0,69.66066907867662
68.0,63.62370444586497
78.0,85.3743397590643
78.0,54.63613779594215
76.0,82.69855920108631
76.0,80.50896514037635
60.0,62.715444114262766
60.0,52.62793341886146
75.0,84.66572191855221
75.0,5.918479583879673
72.0,78.13561272438545
72.0,67.22249275079781
81.0,88.71483638834553
81.0,70.39552157268048
41.0,36.04236357791058
41.0,18.811978612474206
62.0,63.93049771408124
62.0,50.99546128956314
73.0,78.03258558373534
73.0,61.48639976113867
78.0,86.02237035562172
78.0,50.811455864129755
62.0,65.63463557467571
62.0,75.8650338684655
54.0,55.206273603517616
54.0,51.30963507147368
64.0,66.56047264061891
64.0,76.95149888392717
71.0,75.45908609853751
71.0,72.62250508351593
28.0,15.340832266324696
28.0,72.938974713719
77.0,83.08409874887604
77.0,44.7330522639914
53.0,54.830358565091615
53.0,78.32837218555642
32.0,13.555135029297332
32.0,46.54135497472657
71.0,75.77289777206573
71.0,52.11934227042525
46.0,41.5032422125451
46.0,67.09380782393777
72.0,80.40259135114604
72.0,47.396035077604836
49.0,47.77304210137436
49.0,52.246620040780215
12.0,11.901840916940955
12.0,78.25031788851601
70.0,75.91576485425412
70.0,57.48317616589236
68.0,72.39861558443505
68.0,77.72325325657647
69.0,74.4126929706909
69.0,76.15861205050714
63.0,68.85479087773189
63.0,51.62052883540264
38.0,33.50338092808016
38.0,87.14800985241357
66.0,75.91412251960554
66.0,68.12217843475577
59.0,64.9333789911937
59.0,50.03707795300784
51.0,55.31998064445878
51.0,62.06694158636037
76.0,81.76590678262943
76.0,68.59662511108974
80.0,88.21303610661556
80.0,78.83365904013579
76.0,79.81756546484888
76.0,69.21758512399384
54.0,55.06545050856681
54.0,79.84324552748268
74.0,79.56887223306671
74.0,88.19682362812216
56.0,58.04131431233725
56.0,56.45969765763351
72.0,78.21274938520327
72.0,35.84115817447395
68.0,72.88993896080439
68.0,51.597198232728886
36.0,32.569211103651526
36.0,31.92808986065438
48.0,44.774117777422816
48.0,76.56363872768299
60.0,68.72818512817554
60.0,65.59356995578571
41.0,43.5341781887808
41.0,13.884541295829194
41.0,43.645358583396785
41.0,65.91455878159195
70.0,75.72623813356341
70.0,65.12635166818575
47.0,50.03707795300784
47.0,42.35996071579683
63.0,70.87805509372254
63.0,60.45247343480878
54.0,59.22281621981148
54.0,62.00909865279601
63.0,66.33134669302672
63.0,42.882577580860755
76.0,84.54503993903546
76.0,48.44877982749347
64.0,64.90780999521735
64.0,62.82105597625156
70.0,74.96721656664693
70.0,33.519333617590064
71.0,74.08089255487874
71.0,38.466368859991746
51.0,50.677188686471766
51.0,69.00746708804508
57.0,63.35167043824117
57.0,72.68593009542059
67.0,71.67306827517262
67.0,76.93828075258398
78.0,84.96215741436197
78.0,38.15951108673636
63.0,66.07468818357233
63.0,79.65840325179005
35.0,32.58775706087914
35.0,41.60966163963599
68.0,73.99874582234133
68.0,75.30729044571041
55.0,54.379275008734794
55.0,10.552288634779131
41.0,46.94100780858719
41.0,68.53254132967317
22.0,15.554935762240916
22.0,70.61201801008332
73.0,80.08475159883216
73.0,50.07729065503838
61.0,63.68842224758629
61.0,84.9356160268535
40.0,29.44032470894058
40.0,70.73986703097552
80.0,89.76714567272239
80.0,75.10455113407272
77.0,84.72666078706698
77.0,88.95705142109654
68.0,74.53925755245308
68.0,46.20574884344762
69.0,72.78900290150727
69.0,64.60389576405242
40.0,28.327387975193062
40.0,54.74044711384295
70.0,71.96140823099762
70.0,69.29906678721403
68.0,76.02247117365386
68.0,74.25452572427463
67.0,73.5754907639191
67.0,80.77098587008783
70.0,74.21567571834976
70.0,79.9736476609686
72.0,78.09198306938794
72.0,14.929130833264878
71.0,76.12083956084462
71.0,43.576605987048254
76.0,84.02759933242879
76.0,78.15100654664235
36.0,40.86196672088926
36.0,30.337806958477188
33.0,32.18963478247599
33.0,63.426143768991324
33.0,33.607291065921345
33.0,46.03616253445193
65.0,66.81070475517498
65.0,66.2638299554398
63.0,61.899443509286016
63.0,66.92214329973103
65.0,67.17750750408624
65.0,60.27025397797712
73.0,80.46842940533082
73.0,79.97676559722186
68.0,74.88274716381454
68.0,70.39425743279247
72.0,74.72935941092709
72.0,67.55758134426895
52.0,50.44771973223163
52.0,42.23439884568336
76.0,81.8290368730008
76.0,61.822264666463695
77.0,80.85494307226554
77.0,64.78792620716717
72.0,79.98534894033128
72.0,82.67154691538599
77.0,81.70496610533337
77.0,50.490280558845825
69.0,78.77823164874286
69.0,79.24993836467553
60.0,59.19592630936194
60.0,46.339496309328695
73.0,78.19808227118324
73.0,47.289195101417874
55.0,55.37540875859543
55.0,68.95125044356934
71.0,78.81422258069273
71.0,76.30957055683206
74.0,80.28369621446535
74.0,42.253457878924166
73.0,78.3821526905702
73.0,86.3927753958456
45.0,45.75294233243716
45.0,39.484539933961
71.0,76.73981473805753
71.0,63.167070713078886
77.0,80.64402131954938
77.0,60.28970859700274
80.0,86.32252091596337
80.0,71.12552559191658
71.0,77.30956285591463
71.0,72.84789778980002
65.0,69.59996799792219
65.0,69.29906678721403
59.0,63.04322422227557
59.0,64.76259369928022
24.0,20.03882336595501
24.0,71.07663255816425
66.0,73.56431206677922
66.0,63.38407623774992
58.0,59.03080243598879
58.0,78.88254241365883
55.0,61.74047904450299
55.0,37.55057273862474
47.0,48.56809086429604
47.0,62.11365992266116
70.0,72.87131456196391
70.0,73.37750380032327
57.0,55.50449599224862
57.0,70.62979478293164
61.0,64.5196475442059
61.0,74.45859502041037
65.0,68.08263447294689
65.0,55.97243949194035
67.0,70.69311314659444
67.0,75.27644590875474
72.0,77.81292340864809
72.0,70.5554934302744
57.0,57.08267037901459
57.0,54.787489022444504
54.0,58.51417699734719
54.0,74.21642737515663
74.0,79.98038754214724
74.0,48.935007983977584
65.0,69.45592352617746
65.0,63.24404122069478
50.0,47.74123412191727
50.0,48.26625436796047
28.0,27.751831178841144
28.0,65.45820260504348
34.0,32.816529536261385
34.0,80.05223611035683
66.0,68.03889740403588
66.0,68.00522393178181
59.0,60.507549544954884
59.0,67.49127866410839
52.0,56.29076990992809
52.0,65.09920054759726
69.0,75.98042251201048
69.0,63.86663673781834
65.0,69.45330538896258
65.0,78.32857875935946
7.0,7.289595691699446
7.0,78.63655665975051
60.0,60.758612957098705
60.0,70.47281667991655
61.0,65.08164287667074
61.0,86.60322251275886
73.0,76.69055853054584
73.0,87.83601431230773
33.0,31.42404837657972
33.0,72.21698565786244
79.0,86.2853955375208
79.0,11.195611110903826
75.0,80.99827675460529
75.0,43.72308782164657
43.0,47.66405250720936
43.0,74.78934886144907
73.0,78.39502395019252
73.0,82.89035918808764
29.0,19.830968708696048
29.0,58.70602364854477
71.0,77.44048201522787
71.0,70.8383543748131
69.0,75.43125765140894
69.0,76.44331937851041
75.0,83.5547223426355
75.0,75.8136274402919
37.0,38.000487792129604
37.0,49.97715060008261
38.0,40.777755789450225
38.0,84.81261123505112
73.0,79.2311890948165
73.0,88.09393652252948
67.0,71.0042140437331
67.0,35.21858257549047
75.0,81.73021562107988
75.0,47.94541499903448
62.0,67.97779530980989
62.0,70.40991368283971
71.0,75.69491589291619
71.0,93.85389452180982
55.0,53.371894948535214
55.0,64.94495149702902
38.0,27.7263963160334
38.0,70.41629107734889
67.0,69.71175269876898
67.0,73.74484428534055
50.0,46.38156204461035
50.0,71.38767522886866
37.0,30.355757330908432
37.0,70.74573619215334
62.0,63.11570838260013
62.0,67.19391729595816
71.0,80.14935473363073
71.0,72.62060419252265
62.0,67.48067260419975
62.0,55.4267775016811
64.0,69.19149169176683
64.0,71.62695172018891
67.0,73.30331369565897
67.0,24.80628936576892
75.0,78.6553498164136
75.0,33.40123052397587
45.0,47.65393839555156
45.0,43.36111997477093
77.0,84.48294192945224
77.0,70.59299205681003
61.0,63.612908220302074
61.0,72.24028690383835
71.0,77.74526339817089
71.0,68.90369595277446
55.0,56.17844825557188
55.0,21.85709110486897
60.0,64.97241297832073
60.0,74.72824534106496
74.0,81.76268007152731
74.0,71.93972962272704
71.0,73.31437050539301
71.0,63.422756035343525
70.0,73.31751269243472
70.0,84.97975894880346
43.0,46.49306545259594
43.0,59.71843977242554
54.0,52.648924760281716
54.0,82.99308070003298
50.0,52.74006551111199
50.0,32.16124141709025
54.0,53.370345967581784
54.0,72.40423631212076
69.0,76.02032165058569
69.0,79.82734428012674
53.0,50.36097022865084
53.0,59.11627241477862
73.0,78.0424198086468
73.0,35.54180651786493
59.0,62.68388737801445
59.0,43.36768137312407
80.0,87.41286464224152
80.0,56.05790326975074
77.0,84.15663903057157
77.0,62.88570670179354
66.0,72.97868038011006
66.0,52.003741459190564
64.0,65.22761647888376
64.0,70.0695963031207
72.0,79.29103543666929
72.0,71.39146339062029
59.0,60.76860394497777
59.0,33.313156864333564
55.0,57.72555963552992
55.0,72.4042640066537
60.0,64.0037990339219
60.0,72.261253542862
68.0,74.85069113104657
68.0,70.76403106049179
72.0,80.87128264445909
72.0,30.606917626568986
82.0,89.79818991343694
82.0,7.757676063780991
61.0,62.92323371893099
61.0,63.85273103389852
72.0,77.61443791378986
72.0,69.10393553869272
63.0,66.50220267951778
63.0,73.52459163683551
72.0,78.7117367199719
72.0,76.47302374124195
70.0,76.77160250567306
70.0,1.7450965987963514
70.0,76.37385601816379
70.0,66.17538633662917
48.0,48.24120834804211
48.0,70.79207846451862
74.0,83.20876295523192
74.0,72.19486509014183
37.0,31.25911097048879
37.0,52.86943887323207
60.0,59.32934781663863
60.0,66.83855434652287
55.0,58.78477474906185
55.0,56.62881946361034
41.0,43.9213584071436
41.0,68.668200262119
69.0,70.79501545381396
69.0,75.88009844021832
31.0,35.906944863871104
31.0,78.75343584649335
68.0,73.50476547209286
68.0,77.01177204134547
75.0,80.81267862325967
75.0,73.37561420299329
43.0,44.32849549462003
43.0,74.66788987456982
70.0,78.72290829984121
70.0,81.53048791596007
58.0,62.817320297549884
58.0,86.91241166205776
74.0,82.0270595835824
74.0,55.80815912721289
62.0,71.24928111308986
62.0,61.218884937439896
46.0,43.477528615785445
46.0,65.5252883673025
54.0,58.6846321205835
54.0,27.616217442291656
34.0,34.744062516058875
34.0,36.3894639091053
69.0,73.96042630363377
69.0,79.02924136520079
88.0,95.24905030466005
88.0,89.67658086395562
43.0,37.62569529339345
43.0,81.02096575177063
71.0,75.44854464554913
71.0,52.17062590283962
52.0,54.39745809782926
52.0,60.87704547018052
24.0,22.30623325279413
24.0,32.86559127859641
37.0,40.0957304151475
37.0,74.6693782190797
62.0,64.23272709639451
62.0,45.93951454696304
66.0,71.20146110964976
66.0,31.927925746190226
70.0,73.14161972744495
70.0,41.52746835379088
64.0,68.62845068604503
64.0,67.25717592602462
47.0,47.72704438204585
47.0,85.0249114608211
71.0,82.09840000438555
71.0,82.39533491416358
73.0,80.2108617399773
73.0,71.26522091380014
75.0,82.5791395422711
75.0,73.93958697449426
63.0,65.70630767964553
63.0,25.567508503303372
76.0,83.59148890689988
76.0,33.6346870207293
84.0,91.6982568121656
84.0,56.51847607819809
69.0,74.1642284797581
69.0,40.97450376643661
57.0,63.73185937322313
57.0,56.42848119868705
60.0,62.67096177982603
60.0,62.12414146002726
75.0,81.92623403893248
75.0,65.27701599788782
79.0,85.0623333180763
79.0,30.806457883042697
74.0,79.12666166250534
74.0,81.5662659553675
43.0,41.856629278590674
43.0,61.573554289035144
68.0,75.03360580146847
68.0,66.16901289938494
52.0,54.925172200090344
52.0,59.762876838334364
41.0,36.04236357791058
41.0,32.522427280261354
68.0,69.80036010096956
68.0,72.64650857514198
54.0,52.6118952876958
54.0,61.142402693246424
57.0,59.150111447640484
57.0,71.31337064395734
28.0,24.035878436484495
28.0,78.52140894987178
28.0,24.67279155008157
28.0,73.63801164033083
39.0,32.22678993373228
39.0,65.21007413135743
62.0,63.51031822473908
62.0,77.5438554844747
54.0,57.10124224758101
54.0,96.19948697456232
66.0,70.4792332029815
66.0,74.91802655589589
75.0,81.72221406210826
75.0,94.0569400261794
54.0,60.367177075230984
54.0,63.13710913681837
70.0,74.4428845447344
70.0,87.3514974387133
44.0,47.85875827241881
44.0,54.10423549319671
13.0,5.1143074570899785
13.0,38.81314468293198
64.0,68.2704693027103
64.0,68.61004814626489
65.0,68.91239059164269
65.0,50.240759073008746
64.0,66.51149860076674
64.0,26.78682410226844
39.0,34.8087540925643
39.0,51.79836587239947
40.0,40.44709375315364
40.0,32.33254302750163
60.0,63.399873158769765
60.0,77.24462788705421
17.0,16.55212401964917
17.0,71.62846945273213
65.0,68.00476924324283
65.0,70.09708505657176
66.0,65.05555162390414
66.0,41.52847999523789
61.0,65.30155356132508
61.0,48.24120834804211
61.0,62.11388976833098
61.0,89.2823283891762
82.0,89.91048833987338
82.0,49.16275934984907
84.0,93.61206395965354
84.0,35.98816171058064
61.0,62.01225021131705
61.0,42.68134021830514
67.0,72.66214548140431
67.0,47.42201575038257
74.0,80.10635617688206
74.0,82.56099222778198
44.0,44.146906905825574
44.0,75.66170170126043
76.0,83.8323099832453
76.0,69.69297674377844
68.0,73.63789244492324
68.0,66.72824376963092
54.0,50.883772189919114
54.0,45.767252419000386
61.0,63.884943264578
61.0,74.63504326360254
67.0,71.50620898308176
67.0,73.48369150889977
68.0,71.7483429326748
68.0,46.231155480948416
35.0,24.80628936576892
35.0,22.150354731613504
62.0,64.11501229648002
62.0,71.87777428688088
73.0,78.39907371908009
73.0,55.23833008282685
23.0,16.399851596352732
23.0,54.99183089234856
62.0,64.38595052388257
62.0,76.13598119472886
73.0,76.77908361975881
73.0,59.29349074078618
52.0,46.46067481532782
52.0,26.94013417990874
21.0,11.752073996505203
21.0,74.36162706523578
47.0,46.105766186476785
47.0,46.56295831330556
47.0,42.45561704845028
47.0,55.942430913673206
69.0,74.57787069130455
69.0,80.66264843084934
16.0,18.22553857533677
16.0,72.99654687964346
52.0,56.83399955028278
52.0,72.00733307001508
71.0,73.82079971295718
71.0,35.36554560838459
70.0,76.076124283772
70.0,78.07911558464184
71.0,73.98258072032883
71.0,46.760628334300065
29.0,24.68088890781206
29.0,72.71317258085497
69.0,75.4423538074659
69.0,66.88125527997903
71.0,79.30693098176289
71.0,88.11638990806625
26.0,27.082549695585385
26.0,87.17027134522277
48.0,51.45910189099385
48.0,32.16837834525944
62.0,68.23782236928764
62.0,83.21084865549528
60.0,62.81490628679336
60.0,58.254588155991655
47.0,45.80555919890804
47.0,67.79282804035432
69.0,75.13863362096424
69.0,50.85250845826647
62.0,62.23065263627933
62.0,65.584369836377
56.0,54.59928463305499
56.0,35.81428132599001
65.0,72.35463422333464
65.0,75.38071958557373
70.0,73.91212624303961
70.0,74.81906720906721
67.0,72.42379500851285
67.0,34.53172477952427
34.0,26.97075432700302
34.0,42.968117733021984
53.0,57.89139525241279
53.0,47.34253458980322
57.0,58.65921609512907
57.0,-1.3121288939054239
56.0,60.62884707641649
56.0,69.68955618051137
70.0,73.20798585124476
70.0,38.05200397864712
44.0,42.57667657354364
44.0,63.660618845857016
82.0,87.50229807442503
82.0,65.43057411382244
53.0,51.13095830462396
53.0,76.28389591234486
70.0,77.29726848295405
70.0,25.84739031661377
64.0,69.40588333661907
64.0,61.596896688365064
50.0,47.637530610959914
50.0,68.88571357281899
63.0,69.1011736059823
63.0,74.8412818696554
71.0,79.77204816025983
71.0,80.84240715720887
72.0,78.77597237286847
72.0,83.02622450075899
50.0,44.9783265642547
50.0,77.78104389658426
57.0,54.279968960445046
57.0,75.55330730943541
71.0,72.74837916719088
71.0,24.152536053383812
68.0,74.01525960130516
68.0,57.63023073630859
61.0,65.49263464344716
61.0,24.752062947758645
50.0,55.8101800820923
50.0,78.17082891541662
51.0,58.37772953121072
51.0,54.57268895179618
61.0,63.866563816058544
61.0,55.454954651046705
69.0,75.12029154661462
69.0,57.90854459994301
34.0,26.024988215229484
34.0,83.4106842869881
67.0,68.70228360886176
67.0,58.872518233655
39.0,43.81015390803498
39.0,89.49770983479766
28.0,27.350650485293386
28.0,67.11838333762569
69.0,73.42646452273408
69.0,66.62255413713382
74.0,78.74098226591246
74.0,82.78778866774798
61.0,63.61355044696262
61.0,77.3058898945954
74.0,78.23845418969506
74.0,44.91528860532861
46.0,42.79494941945376
46.0,8.883373449346152
64.0,72.4284971637062
64.0,72.66467407880805
74.0,80.1602865468372
74.0,46.664661128578246
32.0,23.2158496161407
32.0,59.42258180986528
18.0,6.728711118672095
18.0,66.58306424649288
70.0,76.15559618919423
70.0,75.38390220737841
21.0,25.66281073340349
21.0,57.85860752176541
81.0,90.04211231484919
81.0,72.65444006020101
68.0,71.48332851121216
68.0,54.582962412038114
64.0,67.73798322115368
64.0,1.2745894842307166
59.0,59.00203742536212
59.0,75.32410151611185
41.0,46.49852547785764
41.0,44.34544639707161
35.0,23.651537503951317
35.0,26.37127493206316
37.0,42.005439675126865
37.0,82.32178552016421
46.0,49.80063715039569
46.0,77.588345744952
67.0,71.48480068724325
67.0,27.670304262302466
69.0,72.26255880805695
69.0,54.42993136085772
48.0,49.62898794754284
48.0,78.51935663853499
59.0,68.61539623057513
59.0,79.57780249507027
82.0,87.68368273358374
82.0,82.30379773788303
76.0,81.46316549137083
76.0,63.442052674038166
62.0,63.125668988004406
62.0,56.768918992039914
46.0,48.48252764764237
46.0,53.35852401398728
65.0,68.2262145485102
65.0,74.46644705236986
84.0,92.82932922105005
84.0,84.4101339658194
70.0,80.82885838025487
70.0,70.25486231753598
57.0,61.47220050857425
57.0,51.83301281601831
70.0,75.41292709331884
70.0,44.79420637901558
69.0,74.80050129149254
69.0,56.133394504435046
70.0,77.70144798832416
70.0,75.56373763681609
51.0,50.81121940907616
51.0,71.51538541671107
73.0,76.08301278959118
73.0,72.39246101283561
63.0,62.68272349691409
63.0,69.27018726436938
47.0,47.356025524877225
47.0,69.50957807303536
40.0,36.68380046191402
40.0,57.203267942073126
53.0,53.13859321021283
53.0,69.2526522317707
67.0,73.2593595110838
67.0,31.970631637775284
41.0,40.5662383781156
41.0,74.854143252109
69.0,72.62230878834896
69.0,75.81602299500003
78.0,85.73256944843848
78.0,39.362482021318556
57.0,59.26183070066702
57.0,59.84532604009104
62.0,59.85184445242197
62.0,23.091896523732828
59.0,66.18788518529402
59.0,77.36495141316658
45.0,35.9624615969592
45.0,40.913144886845146
27.0,17.59743053479957
27.0,84.58729615898272
74.0,78.07661709037842
74.0,79.21715669387982
31.0,28.622161575436678
31.0,28.6924014093118
71.0,76.32941882531918
71.0,65.02734132247554
54.0,47.94454213160344
54.0,85.39057147964701
28.0,15.6910372792143
28.0,44.03558159009344
66.0,68.57492139500192
66.0,80.0828000079735
62.0,65.1254635508202
62.0,77.39289221985115
74.0,76.6934167152852
74.0,80.68485455631549
64.0,68.19383205582568
64.0,38.75122910055768
54.0,57.31864014566793
54.0,44.86318553968351
60.0,63.341593387405226
60.0,57.96283903999006
53.0,53.11816093440842
53.0,73.14206581505823
23.0,5.228196213897434
23.0,59.44450886189327
30.0,27.350650485293386
30.0,76.88471430708898
28.0,28.766268108451015
28.0,58.05329045277716
61.0,63.04852842078759
61.0,79.69156333980106
66.0,70.57960140620003
66.0,82.04934864169428
14.0,5.395669454291692
14.0,44.0606087648311
66.0,70.11906766040096
66.0,82.74594562435345
75.0,81.99418041990322
75.0,74.87991580889832
64.0,71.04909740838934
64.0,56.795886712104505
69.0,76.15181880418021
69.0,42.52644529598592
78.0,86.54110026637562
78.0,56.146233970465744
32.0,26.829900737612547
32.0,64.67692406092118
45.0,45.96915293756109
45.0,79.23927273469423
81.0,89.76160152253834
81.0,58.92248702571999
32.0,32.999283847166396
32.0,80.72954567752282
35.0,20.312952581147215
35.0,80.47619271634153
58.0,60.25913255360706
58.0,78.0696404589753
46.0,41.108323432089946
46.0,85.12676048327052
73.0,77.68459514635492
73.0,52.21578867803197
39.0,38.193111748714784
39.0,60.098309007429975
61.0,63.348386572207176
61.0,61.682598849459
30.0,16.751044183150043
30.0,81.57584621471722
59.0,58.061763174051464
59.0,74.45992359018419
66.0,67.71590773658158
66.0,41.58180480928377
60.0,66.26416603841773
60.0,85.63797479876172
31.0,26.009419921127687
31.0,78.45203224371227
17.0,15.642205155116244
17.0,65.62446586819857
38.0,31.14441507987857
38.0,74.50011336571538
60.0,66.35044997470902
60.0,75.58041662656103
47.0,47.396035077604836
47.0,23.985556283014375
71.0,76.17569962421322
71.0,51.352892114212636
41.0,33.26727455648614
41.0,81.19184519840707
69.0,74.52477016162754
69.0,48.800820742930114
78.0,85.02602780168274
78.0,63.08477058591228
68.0,71.61763072926078
68.0,46.703910872481345
25.0,19.45685061145639
25.0,77.91331530517436
59.0,60.086949116770995
59.0,80.54986035958353
76.0,82.02677727825773
76.0,20.791643077411152
73.0,77.25222304896056
73.0,64.26591406374678
54.0,54.35743087363028
54.0,79.51558293512937
58.0,54.17188497121356
58.0,59.85615156275321
60.0,61.81810337340556
60.0,69.34032442407334
69.0,73.5636862631755
69.0,81.03433541608177
84.0,91.68466614133052
84.0,48.0433911354134
67.0,68.21762026258659
67.0,78.7061008884773
64.0,67.8268281647243
64.0,71.13575044268015
62.0,64.08057685758473
62.0,66.03955386500905
22.0,17.360250868651747
22.0,26.142192910148367
76.0,81.3598760344247
76.0,61.463213247299336
12.0,13.514658491422267
12.0,59.19664294625886
47.0,50.03707795300784
47.0,44.45402395825556
66.0,70.51934884260595
66.0,55.05600829302642
69.0,73.37266083862278
69.0,61.49451177232328
57.0,57.36049454733353
57.0,57.909956862281206
62.0,67.531814284159
62.0,57.761432855934856
57.0,54.265562765585
57.0,42.93320348421321
72.0,77.69117593538073
72.0,27.242596044987295
69.0,73.20570570729234
69.0,74.76367022587732
60.0,59.23330501793271
60.0,34.84193558631489
53.0,48.73868737223506
53.0,38.383819737843794
58.0,60.10204707608182
58.0,63.71341767875629
71.0,79.90855939305976
71.0,82.00630240683915
56.0,61.02468488533384
56.0,59.90790952957536
67.0,72.99818299189968
67.0,43.219720486693916
31.0,22.97680032148321
31.0,64.95507360012806
77.0,82.52302905654875
77.0,26.925336404880227
62.0,68.21674628711412
62.0,28.286661912603222
61.0,62.27540588569275
61.0,66.25890653415604
66.0,72.8468850526553
66.0,79.02826726630974
74.0,76.84691665265342
74.0,55.42522987658174
77.0,84.70666531311554
77.0,74.86465625360358
69.0,71.18271225111926
69.0,68.91503993000094
78.0,81.36330223013255
78.0,51.74343159491883
48.0,45.42040365810169
48.0,38.88003409216935
67.0,70.55556274709971
67.0,2.8053895949664707
63.0,70.04151160654447
63.0,29.853762773284245
56.0,53.92835026497676
56.0,52.10921698571832
9.0,11.337122534909497
9.0,85.31977645378316
62.0,67.99620195800975
62.0,72.85843678880497
75.0,83.39604445549344
75.0,52.82209671531041
78.0,85.10776830994519
78.0,44.016287226458644
64.0,66.09202203214596
64.0,62.48677074528422
68.0,74.62630614305647
68.0,73.87839693943624
58.0,60.18766579206289
58.0,74.79430558861998
75.0,79.55785874666998
75.0,69.99478421700047
48.0,42.17580346644513
48.0,68.30602349143152
9.0,-3.904316287454776
9.0,60.812608848370644
64.0,71.19739440655997
64.0,52.73215966531734
17.0,4.160796999835782
17.0,59.46082525548502
71.0,75.59543000483626
71.0,34.77144404384194
71.0,76.02784796120721
71.0,61.26096310460389
74.0,78.27438682047216
74.0,71.73931361346388
64.0,65.94819824900429
64.0,78.65772721574808
65.0,67.89756146347821
65.0,80.6765988368312
67.0,66.95446642834276
67.0,66.41842045686155
37.0,35.28067850302068
37.0,51.063386854213434
71.0,73.57747151992817
71.0,63.73387283519719
70.0,74.40712740005972
70.0,55.18671089904399
56.0,51.27413505309471
56.0,70.65412691185026
46.0,45.22319673408748
46.0,58.69030724297659
60.0,63.66725716210351
60.0,48.43311842956683
80.0,86.96195482317773
80.0,88.34118028764567
60.0,64.21037929915371
60.0,79.30337409937192
61.0,61.84364638804203
61.0,84.09140863926172
66.0,68.57981420501676
66.0,85.53700368945817
84.0,92.93521064899284
84.0,72.24131645083213
29.0,22.572669857430526
29.0,43.570408945528925
70.0,71.20820632871471
70.0,89.90895105091602
74.0,80.45591074850245
74.0,50.1762675723196
35.0,31.871389842066378
35.0,75.20505682498464
83.0,91.64983045436048
83.0,53.06975716803487
62.0,67.40344079161258
62.0,37.80678975844262
67.0,69.35504708065059
67.0,36.6460940461763
70.0,76.4229382752705
70.0,69.81602687628902
66.0,70.911590216528
66.0,80.61405260864763
33.0,27.39050048149261
33.0,57.900116475040875
67.0,75.7721611646341
67.0,48.33525245392275
67.0,70.14519771785052
67.0,58.74485848080104
55.0,61.03376775381622
55.0,65.88733791179203
73.0,80.10808765465526
73.0,55.89130922124093
56.0,58.387916935768544
56.0,53.83334227333444
31.0,31.082521198032055
31.0,27.652076634243542
53.0,55.13841767016169
53.0,36.260998169028255
53.0,51.92975694762134
53.0,71.92493872187794
72.0,79.9196131887175
72.0,66.134732499179
59.0,62.10076281979161
59.0,75.31160851128135
34.0,30.25094216074575
34.0,65.28491698697604
71.0,76.84961559745346
71.0,57.73022877373904
75.0,82.41370984733288
75.0,65.14729928731418
33.0,31.035097788124176
33.0,47.9264680302681
43.0,39.84814418664013
43.0,93.34790806103524
38.0,42.34254975504126
38.0,81.67217221649787
59.0,61.37921211625934
59.0,78.07803422896126
49.0,42.94753411614931
49.0,84.47259293118321
40.0,38.739916526282286
40.0,53.51215490074691
66.0,68.31319126307523
66.0,64.56391211071411
72.0,76.02963105080488
72.0,38.725729327410875
80.0,84.52869955220075
80.0,70.60324263720071
16.0,15.83906527412887
16.0,63.18544943995437
69.0,71.97557973425006
69.0,85.67107817743658
68.0,69.43810968569625
68.0,72.35657080508582
50.0,52.65013238956965
50.0,60.61111823733074
51.0,52.5765295134309
51.0,80.01417678246094
51.0,52.06846418774188
51.0,63.85597392302145
44.0,42.85545907035993
44.0,56.157015372280455
68.0,73.29104284419606
68.0,55.986578030022315
68.0,72.92050765387643
68.0,53.5375209292946
67.0,71.78511810773313
67.0,69.45867491487707
63.0,69.1722645139019
63.0,72.97171775834653
69.0,70.77044924502616
69.0,24.114790955693934
20.0,11.946686690693866
20.0,55.62271640795797
71.0,77.66143192354923
71.0,71.45516825484526
61.0,65.47807158728426
61.0,58.375332053783836
71.0,77.10535701201178
71.0,71.25761595355527
66.0,68.44923227099656
66.0,76.88439019667163
75.0,83.42738817571063
75.0,81.04903384169
68.0,72.19692221818661
68.0,34.16036669723587
76.0,82.20317644855976
76.0,76.89301377651884
62.0,65.08546150051836
62.0,34.40459197130946
34.0,18.17758256490083
34.0,51.880673442663294
36.0,32.956223561265745
36.0,70.24578456926378
63.0,65.22475240906601
63.0,30.85448061268164
62.0,65.88339187241331
62.0,47.411599472080525
60.0,63.48333197866941
60.0,31.035097788124176
70.0,75.07389465001756
70.0,83.11591067945574
77.0,84.68994040425991
77.0,77.94761181902652
70.0,72.96591422853305
70.0,77.65565617843987
74.0,80.38624989827832
74.0,43.548539659968526
51.0,56.411513781474355
51.0,60.0977404452463
50.0,45.65408183740351
50.0,78.03703907651555
43.0,44.32706587268308
43.0,70.3541735027282
58.0,63.14076384703185
58.0,56.54063647255754
59.0,64.47286824609284
59.0,71.78878772045368
45.0,41.37092872879083
45.0,69.7998887959489
71.0,75.4942013772673
71.0,64.75646558387513
62.0,64.4179613614574
62.0,71.38496588507968
63.0,73.38551288223897
63.0,56.19718821239297
77.0,83.38334822226125
77.0,56.08335150279544
60.0,63.97218691194098
60.0,65.6380487462888
46.0,44.33557610366495
46.0,65.6073256607906
56.0,62.4040368992047
56.0,65.16868405944064
43.0,37.350138573649645
43.0,88.49116370822878
51.0,54.831136482634236
51.0,29.17757634732328
76.0,82.9331889015524
76.0,39.526656412658895
26.0,19.068214854788152
26.0,70.94716659413149
31.0,25.27932554134952
31.0,53.36215884601722
45.0,44.317387370332426
45.0,64.9287849651804
67.0,74.65140094974282
67.0,75.88720611966085
61.0,66.06010243879149
61.0,39.97383169102227
48.0,46.13297843947106
48.0,60.338660341760374
72.0,78.65364020153407
72.0,72.35218848677414
63.0,64.68359514008472
63.0,59.582301662217674
69.0,69.9906236347739
69.0,76.66255929858949
60.0,65.39751996553844
60.0,29.201194287384567
61.0,63.73338537117883
61.0,65.8186671744125
60.0,63.26944506680843
60.0,49.378621087249485
50.0,48.576151678411065
50.0,51.33819578924107
69.0,74.71055358352828
69.0,81.34342342164882
64.0,66.4609763815086
64.0,81.55559537893606
32.0,32.79160170202772
32.0,77.52292110742701
79.0,88.05159053548999
79.0,54.10690034717146
76.0,81.28696204832681
76.0,35.10010002175267
37.0,30.60570672630621
37.0,53.50918063435563
66.0,68.9007789393504
66.0,80.69391501118173
51.0,52.30120991551729
51.0,68.30602349143152
34.0,31.035097788124176
34.0,68.68754397886471
34.0,32.02362840120128
34.0,76.34813928343095
84.0,92.1590901049139
84.0,65.29409705523551
74.0,80.18019675563528
74.0,69.06826714108769
71.0,79.55563983626155
71.0,76.9534124598897
23.0,17.025692805058043
23.0,66.03773251772748
73.0,79.86832214108091
73.0,69.37096409859106
72.0,78.67413031864083
72.0,70.97448596882481
67.0,69.75291392697937
67.0,77.21021644382802
29.0,32.30773955643309
29.0,62.40306369688898
23.0,17.29497847155028
23.0,76.49286106544156
65.0,69.42350031939748
65.0,87.57013772236269
52.0,53.18577611013319
52.0,45.766102270668625
41.0,34.412015820723354
41.0,47.96529401142283
64.0,69.46743647646696
64.0,64.30629514317621
80.0,86.07626262644101
80.0,74.89701180882673
47.0,48.315660218793084
47.0,84.1122603065096
64.0,68.45412050986897
64.0,72.81191637962479
79.0,86.12218869345736
79.0,67.18602243664941
76.0,84.71906957267385
76.0,82.15385734792284
57.0,62.16405646760444
57.0,87.48196090472601
75.0,79.819169337549
75.0,81.45396195792517
74.0,81.77680933312973
74.0,76.94052144244188
74.0,78.5656076713176
74.0,57.09677029675248
76.0,84.16981961202936
76.0,69.82503117259029
75.0,79.26234698503981
75.0,76.6338376613927
31.0,39.088342282781355
31.0,71.88720447151877
61.0,65.96444464603746
61.0,86.93897582451302
44.0,43.59307683296538
44.0,86.82413329934275
66.0,71.82174617813013
66.0,73.84211862440384
64.0,67.50184731599666
64.0,70.47742707976954
32.0,18.48491934787984
32.0,84.48976179059673
55.0,50.9727744052455
55.0,77.32006369701713
69.0,73.8095221442943
69.0,58.04613633026196
56.0,54.268029140243925
56.0,68.61874952208376
66.0,67.48794338658183
66.0,30.36903371190806
81.0,90.23162118268056
81.0,79.68962529925307
32.0,23.559607962568748
32.0,50.986336593928854
69.0,70.76945829627573
69.0,41.686385186880216
59.0,62.584476241161155
59.0,56.27740358276634
61.0,61.89387923415592
61.0,65.56678477148716
44.0,35.655253940596936
44.0,76.58215455205021
68.0,78.1752669445309
68.0,54.39613879724118
50.0,50.690968725306334
50.0,87.53413175105771
60.0,58.659797823176575
60.0,78.7254836033942
33.0,32.7268165984637
33.0,12.374531551042764
61.0,64.88008347261939
61.0,38.98804225011696
68.0,71.9637557288562
68.0,63.855300397236306
55.0,57.871549028379604
55.0,50.48625169287379
79.0,86.83322899980891
79.0,66.1193967270138
36.0,31.391239523920547
36.0,74.58410118026598
72.0,75.34869359483531
72.0,46.13673377841525
68.0,74.14365494986163
68.0,83.35986650778659
63.0,65.06376856805986
63.0,83.94484253783139
60.0,61.886145144813554
60.0,76.14609175942837
72.0,78.39292110603554
72.0,21.44676936466692
66.0,72.06988378403696
66.0,19.800370673963016
72.0,77.8819639285989
72.0,70.56186426071082
25.0,19.609028681321035
25.0,87.05899897760497
80.0,89.25004632819685
80.0,86.42516943675781
49.0,51.74125588895089
49.0,80.3276492875072
74.0,81.6967773311066
74.0,54.88739779798152
74.0,81.32158446602358
74.0,72.82973316241703
69.0,74.12033233915872
69.0,75.80293794021156
73.0,79.1596519857298
73.0,26.23316696832137
71.0,77.14641487299855
71.0,76.03233949420382
46.0,51.96165579999422
46.0,11.752073996505203
57.0,63.586907549712066
57.0,73.97978522090585
67.0,71.97854051761993
67.0,77.10281370835423
74.0,80.94925677683864
74.0,69.56666454888318
73.0,81.78372226559702
73.0,25.347864456914806
66.0,68.99032414079352
66.0,71.3152895842698
81.0,89.08171570319013
81.0,23.78242360339476
75.0,83.08860170665719
75.0,71.34411488832887
51.0,50.58223409745983
51.0,40.01298686345535
66.0,71.07785665825696
66.0,80.05233418569833
71.0,75.06314354939786
71.0,68.72453112657354
66.0,69.12758604639589
66.0,83.39965571226872
74.0,79.26862527201979
74.0,71.86520968404545
45.0,50.71693890062852
45.0,89.85206734242774
44.0,48.43311842956683
44.0,82.83323872443322
69.0,71.51090626968761
69.0,75.28054280380888
60.0,59.72613708365776
60.0,69.94622451087122
41.0,36.26445304724422
41.0,72.62361023098197
75.0,80.8998039878162
75.0,77.55340641330247
71.0,78.43139154440888
71.0,82.82444933057292
67.0,70.03403892974598
67.0,81.63934861836645
50.0,53.341865352185266
50.0,84.90228275386511
32.0,35.5639371202364
32.0,63.258865837513724
61.0,64.26131647495288
61.0,70.2568070233794
32.0,26.640434130407073
32.0,60.52103006191351
67.0,72.32542199592604
67.0,50.52349236176815
75.0,81.45743048996405
75.0,80.06095368702358
67.0,69.76409741216685
67.0,74.43902439814292
74.0,74.82287669035298
74.0,31.689934198361357
75.0,79.993373142611
75.0,62.42234908050284
29.0,29.413674251641623
29.0,52.92161509652664
27.0,22.372538449085994
27.0,12.754217894814587
68.0,72.84389556288852
68.0,78.50311257103601
51.0,52.667533724672296
51.0,46.952621855098926
42.0,32.88074552854715
42.0,58.14464695036264
38.0,31.89158225333273
38.0,70.33325821693916
65.0,69.97767063471292
65.0,72.22141725338594
75.0,80.60713468761907
75.0,21.72448405227783
72.0,77.97469961034392
72.0,53.4848068425556
66.0,68.65638522890862
66.0,77.0693354367782
65.0,70.93110895995642
65.0,38.18407117110553
67.0,74.34705405613977
67.0,67.72558073151504
68.0,71.26087623808439
68.0,67.18871092427463
62.0,64.29725433563493
62.0,64.15575685547316
55.0,55.841465909751605
55.0,63.91660201168702
42.0,40.90646512411416
42.0,81.40379544471006
72.0,80.5723294215149
72.0,69.92752870472737
75.0,83.62222500956142
75.0,78.09316318819128
56.0,58.76666841118714
56.0,36.260998169028255
70.0,73.2941457437974
70.0,86.0236227620158
51.0,55.45125996490316
51.0,45.51748492494863
62.0,65.09570574360077
62.0,40.729976286362444
35.0,33.4839634723412
35.0,48.5994444284039
26.0,19.13623901955782
26.0,84.3010616773779
73.0,79.03345539685978
73.0,71.49668233841658
69.0,73.03118938728204
69.0,69.25040540156363
64.0,67.68699112499996
64.0,31.377264702345087
16.0,13.894384723130031
16.0,53.42240108610838
61.0,61.73210619340858
61.0,78.96685573414618
77.0,84.68083824307382
77.0,63.07470357071662
22.0,17.608490219345413
22.0,80.45811869345414
73.0,78.13767635462898
73.0,44.66464726885113
75.0,79.86093108999592
75.0,45.24080826334034
74.0,79.27257411880629
74.0,77.0520290735488
50.0,52.13771969452881
50.0,61.23518985061855
64.0,68.84256457000089
64.0,70.28178445373129
48.0,46.572345732117185
48.0,87.68924962619064
49.0,53.00373478591348
49.0,60.97800794988365
60.0,63.3375755550868
60.0,64.44909042235156
77.0,87.52546920865365
77.0,51.851924471117854
64.0,65.37913968340797
64.0,77.03860707373968
71.0,76.77233632888999
71.0,63.37765224310084
47.0,50.30672527197868
47.0,76.763521049968
68.0,70.69852179034513
68.0,60.94724466038707
6.0,10.083618595598296
6.0,67.48084210151279
15.0,10.266283094574419
15.0,85.49255743752786
63.0,68.7415879528483
63.0,76.1781033598943
39.0,35.396216292119675
39.0,70.24482885186313
58.0,64.31761619798539
58.0,77.40536909349095
73.0,79.35520441603666
73.0,66.86404324504525
69.0,72.23099210231948
69.0,19.77404557010982
47.0,43.778334308935996
47.0,67.41530777933826
65.0,69.94213680418801
65.0,56.77941653683837
61.0,63.231966542937585
61.0,24.683817752219227
66.0,68.28995830397582
66.0,65.33919867552493
45.0,44.03964801007885
45.0,60.07800384384433
58.0,57.71442317664827
58.0,54.43569201346946
69.0,74.76706946468306
69.0,74.07282903993297
66.0,70.30845951260665
66.0,55.942430913673206
52.0,53.513764150164434
52.0,59.687602715732396
70.0,79.07954004407816
70.0,6.728711118672095
69.0,73.88359453625549
69.0,80.79850263665173
18.0,4.180418832842577
18.0,66.15446935756898
66.0,72.21194585788959
66.0,74.9418946712745
65.0,72.1693754041151
65.0,77.32158635525161
47.0,44.81199756111664
47.0,69.69970210606505
74.0,83.37513262913399
74.0,31.603055996183002
78.0,83.59428008848482
78.0,81.6437615277436
83.0,91.27146560841425
83.0,79.88712609456576
23.0,13.326768353884859
23.0,18.471442874567117
66.0,69.72149830687363
66.0,59.449811275740444
72.0,78.06374746533726
72.0,52.79657245898966
69.0,72.51075339948272
69.0,81.85691941036032
67.0,73.25395893336122
67.0,36.19539161799713
66.0,69.43588938944077
66.0,25.196213216206843
59.0,65.20909443487909
59.0,56.87230129905828
46.0,42.91615180539486
46.0,68.8673264479026
64.0,68.16295211547117
64.0,65.39028537223453
30.0,28.59355759205539
30.0,62.44702916365088
66.0,71.28690859813372
66.0,58.0124932098887
66.0,70.67982402242734
66.0,76.84803306827871
52.0,51.1325492764409
52.0,26.93787877056667
70.0,78.7339025507473
70.0,62.50290494481624
76.0,81.57263760049659
76.0,56.03978594364668
50.0,50.18488676379934
50.0,59.06375767108159
66.0,69.18045151085164
66.0,70.07014418925718
45.0,33.27198804744478
45.0,45.85149948182749
46.0,48.84419986821803
46.0,76.16995549564632
69.0,74.4069908384804
69.0,83.04731556507551
71.0,73.02430001208808
71.0,76.9235940881718
75.0,82.31306864701446
75.0,60.970618124845544
57.0,60.803479916047934
57.0,56.98270663441696
57.0,61.42886259228277
57.0,78.80773406421935
69.0,72.10096427656572
69.0,63.348443107272544
60.0,62.50918022299737
60.0,67.39507240839407
78.0,83.83968848434984
78.0,57.100975167089075
69.0,73.80929247042297
69.0,46.87507944363807
76.0,84.91247621475668
76.0,45.84127428273996
73.0,79.7843325928871
73.0,59.08792078363308
69.0,71.95123178266869
69.0,64.08698635411861
76.0,86.4829235263739
76.0,51.20288158127835
29.0,25.04291869433098
29.0,56.95167693265046
34.0,29.29106088136558
34.0,44.92435051380926
69.0,74.66405732225428
69.0,61.0922350180486
76.0,82.9002784940406
76.0,67.21957360621616
74.0,81.14337909496936
74.0,79.8614054731944
38.0,31.744490791918338
38.0,82.33904314107446
19.0,10.175181310172263
19.0,19.438740682453158
62.0,68.445719231179
62.0,64.15048242424172
73.0,78.61069240169417
73.0,78.8554531363684
36.0,35.511856833457614
36.0,34.270180664144334
59.0,60.97843660066832
59.0,58.405927720997624
69.0,77.1539491617005
69.0,81.42025471589227
59.0,60.37508054980566
59.0,78.45550571485467
71.0,77.03360044746609
71.0,34.096961395579854
45.0,45.85014460158283
45.0,74.71436011179043
55.0,58.75744877118569
55.0,37.67919681392186
55.0,57.783915508613404
55.0,33.842172566128454
69.0,78.43012349295441
69.0,88.37163283409512
36.0,34.57425944057792
36.0,40.36742624590124
44.0,41.722095041154205
44.0,89.77924035478276
65.0,66.08830544937229
65.0,64.17481160123918
75.0,79.9285140897145
75.0,59.76946178403614
78.0,82.4359790868624
78.0,82.15073261539555
60.0,59.540165815965736
60.0,84.27869996701133
56.0,56.75732765575094
56.0,57.08787633259527
75.0,82.27567250780231
75.0,88.99949645346186
62.0,63.35262755286681
62.0,65.26939108392764
71.0,76.2977796370264
71.0,66.2856775450199
64.0,71.74632122841587
64.0,58.922735388264925
50.0,54.87586636202184
50.0,78.0807172988803
69.0,75.33570677052529
69.0,73.92375021065322
34.0,28.994367162221863
34.0,62.85233825689471
44.0,40.87735253672582
44.0,62.29645624444498
74.0,78.2294553008906
74.0,76.83928813694297
81.0,87.57813624741522
81.0,43.39766343570864
59.0,61.31719066880936
59.0,74.3497859543034
79.0,85.18531964298995
79.0,78.27244175341161
63.0,67.98665240521552
63.0,46.98500746966306
72.0,80.51249106676028
72.0,30.043902462144786
55.0,56.83147129269827
55.0,87.07878480355163
72.0,78.02854142898548
72.0,49.13711540775802
44.0,40.6890504096163
44.0,74.47366155077304
67.0,72.12191677694807
67.0,70.02453566412214
74.0,76.44913588946463
74.0,66.30271844747938
59.0,63.44782261773162
59.0,18.969249646730248
57.0,62.72594327891045
57.0,57.82658137569655
74.0,82.42216698739759
74.0,68.81693773368994
59.0,63.335702316104516
59.0,78.43212380166369
45.0,42.86384768350803
45.0,63.27808638375831
61.0,66.08219049068873
61.0,73.25471552891054
42.0,47.0979853281861
42.0,38.92905901366163
80.0,87.91174838159026
80.0,83.83968848434984
22.0,10.781795023828295
22.0,80.98798965036673
52.0,48.23045023530716
52.0,50.01546003013516
65.0,67.30751737915273
65.0,72.59963336900068
40.0,38.38668799932344
40.0,72.95609274796135
47.0,46.60838938638216
47.0,62.92235573409636
64.0,64.19673054982906
64.0,67.06477448575129
64.0,69.6464552198039
64.0,64.58527763317772
70.0,75.8047932455824
70.0,77.45745896437717
64.0,67.01378832109594
64.0,67.72876823385286
53.0,54.50479517633221
53.0,70.06869538829528
31.0,25.933914874285563
31.0,51.28429657117755
59.0,63.900964897580764
59.0,67.64862931008389
66.0,69.7411692654781
66.0,61.11954924855252
71.0,78.94888631304349
71.0,77.68098293244458
50.0,53.390438946686004
50.0,23.384159279538494
21.0,9.76546282672814
21.0,72.270351107321
64.0,69.41176283366235
64.0,50.30834333552474
17.0,19.605383488073244
17.0,52.81121116578424
52.0,51.15473972239067
52.0,62.7293762318335
45.0,44.836623126407346
45.0,50.09633315585586
63.0,67.20048519028711
63.0,74.41143959279526
73.0,81.07937781228947
73.0,13.180381219620585
36.0,34.502210635436995
36.0,27.851116008991312
56.0,53.93135278491064
56.0,62.46667774254604
65.0,67.6660927206687
65.0,75.18859938232384
29.0,31.752517040795283
29.0,59.38294778954611
21.0,17.814703713112124
21.0,51.30133306757813
51.0,49.12631915705032
51.0,55.96976058912662
68.0,74.78598898205422
68.0,53.63295056628709
58.0,60.3272702408002
58.0,65.53964785818295
68.0,77.41276531437467
68.0,38.69473670781889
53.0,55.52205411376195
53.0,72.143336150332
76.0,80.21312319072939
76.0,7.99110537285793
65.0,73.065381444676
65.0,51.22219155914598
53.0,55.5762257762799
53.0,74.78104295321936
52.0,51.640903859024945
52.0,56.92659123026658
52.0,54.92681788259125
52.0,34.148066910095395
67.0,74.43638455532232
67.0,42.15599009618353
67.0,74.99396579187783
67.0,74.00884384867317
69.0,75.02048155339787
69.0,80.79323002532806
31.0,24.954193951969728
31.0,71.83745398608261
78.0,83.43786294820717
78.0,77.84393922761922
33.0,30.841857277419194
33.0,77.01592438567315
72.0,77.8901899764524
72.0,51.53091163525454
69.0,71.13902031425494
69.0,76.65177282291552
50.0,51.91264205542768
50.0,41.478642322359406
68.0,71.07185183865948
68.0,39.75040922977581
69.0,75.43800409126925
69.0,47.91453305770483
40.0,32.44032188280141
40.0,72.84365728563029
46.0,46.34456448199518
46.0,81.95732332265868
44.0,45.62703861540092
44.0,74.2044900665245
39.0,35.560145856821634
39.0,36.74806157211691
76.0,83.90058822747375
76.0,73.41425251813183
70.0,73.3463465583036
70.0,51.029431408144944
74.0,78.58872396832663
74.0,81.58720871145044
72.0,74.92353992771797
72.0,32.88074552854715
72.0,80.09242087224806
72.0,72.45042363209342
61.0,67.05363585761222
61.0,62.727207492977925
74.0,79.51530959756764
74.0,60.87582268512921
64.0,68.11541560799225
64.0,57.91279944659345
66.0,68.91848839413478
66.0,65.39973683233677
42.0,40.2005683041495
42.0,37.35097066557154
59.0,57.716281950217535
59.0,62.32208948838138
65.0,73.72510499695801
65.0,83.63141566287533
75.0,77.80152844185528
75.0,62.00101749816639
69.0,73.92718467775012
69.0,72.7014573768439
64.0,70.11594543450514
64.0,36.13066901495256
77.0,83.17873754766646
77.0,4.180418832842577
60.0,64.60867016736904
60.0,73.45954055070928
32.0,26.280443830489162
32.0,79.29288354474676
61.0,68.082724552211
61.0,17.95713172149493
68.0,71.03753031149779
68.0,73.30440517028069
35.0,31.487719066286843
35.0,31.574060741882022
49.0,52.84972575872615
49.0,69.90921073668414
45.0,50.90133719143978
45.0,80.03601302694676
37.0,37.67919681392186
37.0,59.681353699329975
69.0,73.66636408212037
69.0,71.97798204886345
45.0,44.89887845692249
45.0,75.98492137975683
69.0,77.52387215030814
69.0,62.01917316849381
54.0,55.0147608917481
54.0,78.87626614089407
33.0,23.27864275292518
33.0,78.53402644455849
73.0,80.1283889871807
73.0,15.65151380553823
37.0,37.14945478004307
37.0,67.35252459509024
48.0,46.240434001496055
48.0,35.196755594498256
69.0,72.96579327564842
69.0,56.50341813342379
29.0,25.54821461745712
29.0,69.5476758115471
52.0,48.40089332169998
52.0,74.80444825573159
75.0,80.4548313722488
75.0,67.79008327209533
18.0,16.54992977753608
18.0,36.3587821253667
45.0,50.12587749498249
45.0,66.97951580330647
38.0,39.14065209297161
38.0,68.719110516515
15.0,14.85692511476924
15.0,57.11722844663757
63.0,68.14938142896409
63.0,67.32915453982673
75.0,80.78892556825525
75.0,65.05800223891703
26.0,26.579723099635885
26.0,67.44184928010833
69.0,72.86843954961904
69.0,68.64056961251066
50.0,50.81800398350646
50.0,15.426919703544797
72.0,75.39777585106657
72.0,70.03345043907092
54.0,58.90992004555369
54.0,69.27017963451704
69.0,75.82425506446549
69.0,71.4460472717322
79.0,87.18646998140343
79.0,78.82553703150836
62.0,65.43717685616537
62.0,85.26959446378766
57.0,64.77176917250495
57.0,57.30739489706235
58.0,61.99899239737783
58.0,69.52431971825621
65.0,67.24963205016013
65.0,61.503457852111296
63.0,67.83375870512532
63.0,66.33003661692419
53.0,54.07709794284642
53.0,55.86561381731457
37.0,33.356189318793156
37.0,70.61404381324678
59.0,60.850389095764115
59.0,54.76889451983294
31.0,33.41631155921203
31.0,62.192329971829
75.0,81.2242937800994
75.0,78.80303517440677
69.0,73.49516339764813
69.0,53.46057437204928
74.0,82.85744517131184
74.0,28.359880885082077
64.0,69.3308242998454
64.0,65.24531277439507
60.0,66.07859035746986
60.0,52.122273940710386
67.0,67.92761062180625
67.0,73.39839078258831
74.0,82.44874695149292
74.0,82.20140128566425
45.0,48.001999222768916
45.0,55.42177672954625
64.0,67.5851766338331
64.0,74.58506681445357
64.0,66.31477494957318
64.0,24.965400344186037
26.0,15.4341190968604
26.0,78.67151688999945
71.0,76.18751315343229
71.0,74.56201893846549
67.0,67.59672545972347
67.0,75.92914583823261
87.0,93.73182735988047
87.0,57.58546526549526
65.0,70.59640513769995
65.0,77.559499495296
52.0,47.78711067669394
52.0,29.238373684356304
72.0,78.73778298687449
72.0,81.30562339915281
40.0,28.327387975193062
40.0,13.407056416938588
77.0,82.36472263123886
77.0,43.334221688263085
66.0,69.78182849164222
66.0,80.00016591384713
57.0,56.456886894371905
57.0,81.9957623531377
68.0,73.63672895963305
68.0,78.82113925831692
75.0,81.50382241394459
75.0,39.01686826102963
36.0,35.71691582212111
36.0,69.1624437151442
58.0,57.989001241758615
58.0,42.617922161735294
76.0,79.96436915868799
76.0,72.51708226992565
65.0,72.12262440181132
65.0,76.23881733122153
71.0,76.16857384572131
71.0,71.52226312473908
72.0,80.07911558068014
72.0,79.62090508449268
52.0,54.4879594253228
52.0,80.51193460426259
72.0,76.93739742114963
72.0,72.5256964443048
73.0,77.78159788421789
73.0,22.562352291819707
50.0,52.333636343794296
50.0,77.32470419928057
58.0,60.56494777194348
58.0,13.229151826187888
85.0,91.51090670136824
85.0,43.86713784413104
71.0,76.20317866660673
71.0,22.621772335115224
48.0,50.06311312025349
48.0,74.98353526654978
38.0,36.07179230922668
38.0,61.61601053066477
68.0,72.28564016205002
68.0,79.80946354941085
68.0,72.94302308305123
68.0,57.740774447571766
70.0,72.176753922422
70.0,68.15009527286043
71.0,74.47606665577854
71.0,71.19898393559373
50.0,55.830207168057086
50.0,77.5742440439472
23.0,20.10614911504183
23.0,46.664661128578246
62.0,66.63744380956086
62.0,77.75069334859677
66.0,73.18586907321804
66.0,73.44150161352854
47.0,47.89363560507417
47.0,71.38767522886866
62.0,65.01305488910987
62.0,7.958882138326146
61.0,62.08733269973999
61.0,79.61980958071109
45.0,38.59625996874087
45.0,56.43509772502716
62.0,65.83492844225282
62.0,82.85295874822066
71.0,79.61779671223007
71.0,51.223812572620716
72.0,75.18563317590167
72.0,32.524803093218736
50.0,49.501965810860725
50.0,69.1615714846555
60.0,59.57848368049213
60.0,72.68834373651356
61.0,67.93934460573382
61.0,67.59873552249366
30.0,30.98300073193451
30.0,53.77333887970127
57.0,64.46161921589794
57.0,56.066337180899836
65.0,63.438172424065215
65.0,78.09634314464734
58.0,60.477549403070725
58.0,26.280443830489162
69.0,78.62073720217717
69.0,44.827090023948756
72.0,78.75036654109653
72.0,69.53565324702697
33.0,33.94644482646646
33.0,73.69891515452593
66.0,72.38466771254156
66.0,82.02587949680992
64.0,68.82204477826008
64.0,12.034351221526833
67.0,73.61405260127935
67.0,74.32235852075979
33.0,26.43357422784061
33.0,29.738991400775717
43.0,37.26737067572583
43.0,82.2725121963602
50.0,48.97528040507086
50.0,52.890365728184634
24.0,19.799264574250458
24.0,79.39135232482897
54.0,56.99340589026485
54.0,70.97339882944965
63.0,73.59741700064302
63.0,45.167546330050584
51.0,57.23875823690571
51.0,50.416112685537314
56.0,60.838301676980734
56.0,76.84313185508341
70.0,74.98652917376347
70.0,68.93223689560625
4.0,1.1691390106716426
4.0,12.310098071152197
76.0,83.35716854041993
76.0,53.41396302200832
17.0,11.039957686118498
17.0,77.15667043386134
19.0,20.705623208760528
19.0,84.30486963496736
32.0,15.18012922910259
32.0,40.32862822003983
62.0,58.70015457554598
62.0,80.96974275860941
63.0,65.64002292560275
63.0,65.46869823483854
48.0,47.7252583820823
48.0,70.92623549871115
44.0,36.44240610592078
44.0,85.5970139546335
36.0,41.764122357830786
36.0,63.226139869463
71.0,78.09890999894617
71.0,79.26605953430851
77.0,83.71576430168699
77.0,90.74418514441265
44.0,46.64090037015069
44.0,61.11096330746756
70.0,75.99781518550515
70.0,71.31619880167511
59.0,68.25856834912548
59.0,60.39785097818003
58.0,57.94869773611367
58.0,56.6500639148814
47.0,43.70637712724499
47.0,63.657752130397455
71.0,79.10772356351345
71.0,86.78188504735988
46.0,50.066771207490035
46.0,22.234404446217923
73.0,76.60237050984654
73.0,49.03717542543927
67.0,74.73233953483827
67.0,70.51437638748365
66.0,71.46872308663922
66.0,16.91659107226843
21.0,12.916621708949549
21.0,88.92796596610253
68.0,73.06540620617926
68.0,73.98412472235276
78.0,84.12169934156412
78.0,45.506268416039006
63.0,64.47856369332493
63.0,49.00122252337269
66.0,74.22787017487053
66.0,63.38475705608488
75.0,85.0209665228212
75.0,77.05508204935722
63.0,66.95576096507597
63.0,81.59818122564127
69.0,70.73953916764793
69.0,71.6288028862977
62.0,63.07558048022986
62.0,60.19342814972481
43.0,46.49306545259594
43.0,60.34864910271216
75.0,77.9510900808695
75.0,76.9818030831945
65.0,69.07040284641499
65.0,76.63548117448062
54.0,55.56274013356756
54.0,71.03280143398092
57.0,59.00614040576602
57.0,16.473294653258222
54.0,52.70693346731014
54.0,68.2563586860075
52.0,55.65805671449857
52.0,56.24029531676604
66.0,70.03013916252212
66.0,63.348483390238584
63.0,64.61684521754125
63.0,69.79068153881025
54.0,55.15985923389263
54.0,18.08609892503887
47.0,46.34166534998241
47.0,52.0838913959945
65.0,68.39713390812165
65.0,48.821435343145026
43.0,46.54017064385101
43.0,74.69718993942354
71.0,78.53409900974049
71.0,87.72348174540889
51.0,53.20248809361243
51.0,50.03288306531101
68.0,74.1075190519407
68.0,82.51119037461996
50.0,53.38772579953263
50.0,70.05523565679437
73.0,78.3821526905702
73.0,33.115683235768074
70.0,73.11599719281344
70.0,55.547653898887745
39.0,38.32967506668314
39.0,69.15638290427637
39.0,32.69067258675966
39.0,81.74203422770074
48.0,48.141744186930396
48.0,52.80102489290482
63.0,64.19254139770516
63.0,45.381148355557684
57.0,57.82847206967648
57.0,25.349340146448014
53.0,54.86018606642307
53.0,72.01925002514156
75.0,80.19050557695891
75.0,40.53808305050609
65.0,69.851992770006
65.0,58.706618391788766
63.0,69.12195868860556
63.0,73.4104106038775
52.0,55.02773964901428
52.0,73.3364560090186
68.0,75.43102038392715
68.0,75.12381033955546
60.0,63.762352014624696
60.0,66.95201660947697
71.0,76.08232347515496
71.0,69.26717759972229
65.0,72.0757204440157
65.0,73.45518721061308
62.0,65.36933299876972
62.0,71.91979596467274
71.0,75.37659665547795
71.0,85.1169681113767
51.0,55.00640695486442
51.0,74.56906390344102
61.0,63.66391450156499
61.0,37.235238311593776
81.0,89.8126009961938
81.0,72.46008864210825
54.0,54.969485572523126
54.0,81.18094119825253
69.0,75.32765408368567
69.0,14.135506487528914
71.0,74.88075683483879
71.0,77.89520762821456
66.0,67.04449743126116
66.0,79.00894280982766
61.0,63.40664648114284
61.0,41.34581677401462
49.0,46.41109906851307
49.0,43.44198205768561
62.0,68.43047346665031
62.0,50.344219499136784
80.0,84.73208811097146
80.0,48.90283279465285
37.0,36.57587441699417
37.0,65.8965192276878
64.0,68.07466326332417
64.0,70.86230609090359
69.0,72.84750041561836
69.0,82.68907172690751
49.0,53.106281783285
49.0,59.77866043917618
56.0,56.912782505517384
56.0,54.63807056714694
62.0,66.59469248379747
62.0,46.55756549156183
73.0,78.33898716282664
73.0,64.09952055908104
46.0,42.531572331165194
46.0,51.54115249325281
28.0,12.721961539616814
28.0,57.75350087800683
65.0,66.8187900402591
65.0,73.47291139391513
67.0,71.87341898810325
67.0,61.01996386729871
59.0,61.703706463160245
59.0,77.79580673945628
42.0,40.70782949543718
42.0,57.17232343023761
43.0,38.55887883913027
43.0,62.0021730189178
66.0,72.18982890904846
66.0,75.45173182060358
56.0,60.41663816425125
56.0,68.69210078278076
65.0,67.79957847650957
65.0,84.40752173906071
37.0,35.158993138939195
37.0,77.33402842959327
62.0,69.11967081312912
62.0,84.7817289871499
62.0,64.0884268070377
62.0,53.49046671342876
48.0,45.925207060820185
48.0,30.701713263443423
49.0,44.628796972759005
49.0,58.83554420320928
71.0,74.2540459464758
71.0,58.076203545724184
55.0,57.306267022555005
55.0,10.960779588361959
63.0,69.02661682166342
63.0,69.5847681507949
67.0,69.50410356304087
67.0,44.79949397653695
88.0,97.44786729069585
88.0,62.66707719734421
37.0,33.74938284417891
37.0,47.71804559171153
65.0,64.04373483211566
65.0,62.267060189758524
46.0,50.632755345190844
46.0,52.290074775900564
69.0,78.46742553428686
69.0,65.65892607703648
67.0,69.72299401781316
67.0,74.79435678477228
71.0,72.11272011951678
71.0,62.63291671621346
75.0,81.17902348107845
75.0,75.80455154143635
72.0,81.22542986808861
72.0,74.31517117580466
71.0,74.12235496667796
71.0,67.6112279777144
70.0,70.67311369811665
70.0,66.71142848952945
76.0,82.79241552627343
76.0,77.93772990379387
54.0,55.431209207352595
54.0,43.54076566782197
61.0,66.94673670678753
61.0,91.02919488008172
54.0,54.70423587756693
54.0,63.60884676215505
72.0,77.19154105501275
72.0,70.20450124176028
64.0,68.21272464528073
64.0,57.8791776365469
74.0,79.98707228375338
74.0,80.48001790503514
61.0,62.18447205005077
61.0,45.23212388140513
33.0,34.180196977912374
33.0,16.005252000738096
59.0,59.58965726090133
59.0,83.05594103591756
37.0,33.356189318793156
37.0,40.71633236721033
53.0,51.56623747539095
53.0,74.35932307653127
68.0,72.914168409544
68.0,73.54282436513734
63.0,65.85022700241069
63.0,56.42909385011717
63.0,68.88830434335745
63.0,39.23208604265329
55.0,52.17797373922008
55.0,70.72396175646196
63.0,68.06843576983084
63.0,68.61516548157175
20.0,14.766431390934827
20.0,52.02441227935117
42.0,28.06783490856708
42.0,32.69067258675966
58.0,55.24901422277935
58.0,85.45050927707342
60.0,61.98311443659253
60.0,39.39701614965219
76.0,82.68893516520382
76.0,75.43295236057924
72.0,77.06997625042521
72.0,76.93973709943344
57.0,61.544796233244654
57.0,29.222908830260508
67.0,76.72902546490451
67.0,46.412816064302206
74.0,80.36403890651792
74.0,75.30795764075538
79.0,87.15882833094633
79.0,60.58874021011701
33.0,27.39050048149261
33.0,73.03378707167951
63.0,64.82415834414718
63.0,49.49621252401522
71.0,78.00156310997761
71.0,70.82553701569475
50.0,51.409669859323856
50.0,77.38536327740258
69.0,73.9687970862235
69.0,66.91313479496102
48.0,55.18282428337665
48.0,26.045656592387218
56.0,60.41705607237958
56.0,78.66926654911134
65.0,70.23295515818626
65.0,81.77219456198247
69.0,73.139636257024
69.0,76.574422750775
77.0,81.60842733111394
77.0,51.064594955069424
54.0,53.325762024121104
54.0,45.443240769927115
81.0,88.79415704213261
81.0,80.40373178493581
70.0,74.25896673824025
70.0,2.2931550645478183
76.0,81.51273217851639
76.0,59.78972460886172
28.0,24.62150380809976
28.0,67.96724479661941
62.0,66.50336066966935
62.0,81.95070040433382
69.0,71.77586816241893
69.0,71.48785799902794
80.0,86.35926174635108
80.0,62.22420163667579
51.0,50.3256559573112
51.0,58.61805264595654
51.0,45.840424599940604
51.0,20.441335299899492
67.0,69.99467164015573
67.0,75.22659131272309
16.0,6.412502475541828
16.0,36.73019581719325
69.0,74.7240710307878
69.0,71.41354495341494
41.0,35.25032318042793
41.0,78.20355233983747
65.0,64.32312432280855
65.0,89.48273621052118
61.0,64.31031280573251
61.0,18.443443247619314
67.0,72.52527350902858
67.0,75.87503721366994
54.0,57.72051044341964
54.0,77.2571812754029
45.0,40.9519035124535
45.0,77.34745127481312
65.0,69.79901724609954
65.0,48.21741742453975
69.0,73.75309391980716
69.0,62.36801623920803
68.0,73.7009844876876
68.0,76.34716130497776
69.0,75.87468441259074
69.0,41.313675694883386
37.0,37.27794264094371
37.0,76.4173259698859
54.0,56.0856172887153
54.0,85.05672463610034
52.0,56.095924564393215
52.0,54.27079673483502
44.0,33.6346870207293
44.0,56.071776418570664
66.0,66.27227108416292
66.0,72.70003296185087
70.0,77.97426610602912
70.0,59.09100136474649
45.0,45.81604056481336
45.0,66.32944855388371
17.0,12.810012607221836
17.0,70.27957371270514
51.0,53.292701399835096
51.0,75.4000061709778
62.0,66.25890653415604
62.0,66.134732499179
38.0,36.47164215579215
38.0,64.21037929915371
58.0,59.60766079691547
58.0,52.84540418847257
62.0,67.74217304364424
62.0,59.782585730228334
64.0,63.602456981761065
64.0,83.73872710458437
67.0,69.92381309082782
67.0,65.25150810658579
77.0,84.53241088614362
77.0,25.93293699832236
64.0,67.94430004926511
64.0,73.70171315057092
53.0,53.43022657110072
53.0,32.09454629310443
69.0,70.54293935074702
69.0,55.50345417538978
64.0,62.31437419666611
64.0,52.62090980098998
77.0,84.69077040972343
77.0,86.83035987565842
29.0,31.307400753737625
29.0,71.32228399103559
35.0,29.591887533637305
35.0,52.88096606096474
19.0,17.208502434118543
19.0,72.75681175781096
70.0,72.98151272930681
70.0,69.08698403828083
79.0,88.96742314481986
79.0,29.15303025458337
39.0,42.0918880922639
39.0,77.8637708265448
43.0,36.01587340857509
43.0,23.882152016840394
71.0,75.30059887244346
71.0,72.359270805797
35.0,26.440307322865863
35.0,64.64867353759922
65.0,66.22556124975284
65.0,74.64483761251506
71.0,76.17959897185199
71.0,85.16157844516943
69.0,72.83175925472437
69.0,64.59055908954542
35.0,27.296201240027585
35.0,44.74429781631795
57.0,60.26628606867979
57.0,79.90129270171798
54.0,60.759381538481875
54.0,67.9509060372987
55.0,59.11243410384583
55.0,5.170239472998617
54.0,57.378313144141714
54.0,74.12463600782814
58.0,58.421878058068046
58.0,29.25401126795788
62.0,63.99132376295768
62.0,77.45566017431531
64.0,69.4159170915969
64.0,68.82299219779793
50.0,53.37387332487083
50.0,24.370917168286553
69.0,77.94761489008937
69.0,38.41127920041305
52.0,56.3912922176217
52.0,61.73210619340858
66.0,71.32942993222855
66.0,37.388220704785624
26.0,19.13623901955782
26.0,42.20288253226448
73.0,76.03923003662982
73.0,53.115364775728494
76.0,80.51127119681149
76.0,76.46783794017557
72.0,74.72253439546125
72.0,59.845269519379144
45.0,40.39389652552285
45.0,79.5616800411949
72.0,78.43495996017379
72.0,63.474790293445494
64.0,65.9704015392822
64.0,73.33951072391471
70.0,75.12164152822811
70.0,77.3020385162593
20.0,8.452256762549155
20.0,65.9290709980146
76.0,80.39871676500155
76.0,42.57583583919876
73.0,78.94246328657471
73.0,50.76195286355062
67.0,72.08083460334404
67.0,47.981372149501055
59.0,63.483318691913325
59.0,29.79944932049324
31.0,26.570684653523813
31.0,78.39365858846065
34.0,40.212215809920735
34.0,76.13065895896716
56.0,54.33417594398196
56.0,68.78325010032569
54.0,55.711494358405446
54.0,57.9008691335124
63.0,68.6740871867741
63.0,68.96874504564812
78.0,85.42340103715418
78.0,84.02097108582825
70.0,76.21533019473122
70.0,58.836953463487475
71.0,77.71364647619782
71.0,77.1121030914444
63.0,67.35362520236384
63.0,82.81415981986481
57.0,55.76923795624634
57.0,66.24911477355937
67.0,68.61536946519311
67.0,29.922550436341453
38.0,35.36337838900084
38.0,8.523044069601042
55.0,56.20312747138195
55.0,28.67856847228984
35.0,30.46373809277037
35.0,53.04775513932458
66.0,73.40750810159915
66.0,34.57386735437518
75.0,82.55687549842673
75.0,80.11112185488486
69.0,72.81541389096787
69.0,64.26707432242318
33.0,31.689934198361357
33.0,63.47865835781886
62.0,64.94620532856447
62.0,75.16959678075943
63.0,68.67287891412604
63.0,63.10060841924951
72.0,76.1135002978798
72.0,64.41433386906908
50.0,51.032897570195814
50.0,63.85429545166511
76.0,84.06357252805884
76.0,22.344122007530302
66.0,71.76085416135908
66.0,51.82070835486144
59.0,60.48655168519895
59.0,75.90936679832095
41.0,43.738124260019106
41.0,75.4412013132661
65.0,71.98316851927859
65.0,89.98258259240691
59.0,60.88304906041333
59.0,74.93419627440312
66.0,68.48827379281738
66.0,56.64316365188688
58.0,60.10207034252477
58.0,72.29954113853114
72.0,77.70378124565951
72.0,27.33422799850871
44.0,45.46470873220028
44.0,61.29393716063595
70.0,75.67390549486589
70.0,33.98681519930244
59.0,58.78764287898946
59.0,57.15026612906132
67.0,72.34451110414892
67.0,80.0255522163385
67.0,70.17187695773623
67.0,70.11160714910113
32.0,31.535573407708966
32.0,47.454174041469685
80.0,87.36267351173387
80.0,69.98373807865335
67.0,73.36760422717435
67.0,80.67706607476384
57.0,58.45086099192821
57.0,74.02883521861764
33.0,33.80415852285233
33.0,79.07695688677393
66.0,72.72934817064697
66.0,73.93933571635552
54.0,56.86561740228103
54.0,69.94903266919016
58.0,60.478567472760005
58.0,68.41710964456377
29.0,20.124429685965083
29.0,77.38635511912844
78.0,84.62022236529782
78.0,55.12888876295705
44.0,42.67391049087439
44.0,79.62867642943382
24.0,16.461007372816027
24.0,82.03192733043596
58.0,65.0451755858652
58.0,37.328916515062815
64.0,66.68798405211646
64.0,79.4845574233521
63.0,65.56101564870971
63.0,60.87626387166296
66.0,73.5550533541695
66.0,68.43101151361145
23.0,18.962149274121373
23.0,81.63115644067057
36.0,33.83643389160039
36.0,50.69656401272755
65.0,69.3200516514504
65.0,72.40763851829053
67.0,72.96995380368224
67.0,83.23931803426973
73.0,78.43925745747674
73.0,70.5153633106878
70.0,76.42121744089565
70.0,69.91769498449361
33.0,25.830020291169944
33.0,88.06093800582676
43.0,37.62569529339345
43.0,18.965973445638554
57.0,62.20058590782821
57.0,54.31796133141137
64.0,65.35764877654145
64.0,68.57411720648184
71.0,78.86538206633105
71.0,65.08141430946148
61.0,61.59434679088531
61.0,83.520538631401
79.0,84.40368222888554
79.0,57.667604376144254
13.0,2.8053895949664707
13.0,89.76219701855473
46.0,44.306338653717944
46.0,62.52378727359644
58.0,59.82780243215694
58.0,56.19184508521437
57.0,57.09648223321318
57.0,19.46750019632026
69.0,73.31372203370739
69.0,76.70972915845806
45.0,41.76470657290196
45.0,80.92221367372508
26.0,29.796774557161314
26.0,18.370124640689482
69.0,73.04980278792556
69.0,71.05458479276803
67.0,69.5610460648399
67.0,61.460717938510925
57.0,55.57083291053948
57.0,17.444789955489966
75.0,81.69698022607463
75.0,80.35230251219434
63.0,71.1713090787552
63.0,73.64491387120381
61.0,65.5913214145512
61.0,10.175181310172263
62.0,64.38439536120342
62.0,15.353910389011332
75.0,78.60997806451024
75.0,62.16264372559738
71.0,77.00315578998521
71.0,44.41961846617954
69.0,73.80489343568394
69.0,62.88570670179354
43.0,41.222421555451206
43.0,74.65083508027055
64.0,69.5978977327419
64.0,88.39472943425807
72.0,78.1105104900684
72.0,73.13446216532685
70.0,78.92439289792173
70.0,-0.014617156925226027
10.0,17.660808028200165
10.0,58.109223212082156
55.0,56.10711359623167
55.0,15.355991164319107
56.0,59.98663782880965
56.0,45.50627283957243
62.0,64.29035357528227
62.0,39.590852684548
69.0,75.04751408544297
69.0,35.32226278719486
51.0,51.398555274866794
51.0,50.1762675723196
59.0,63.33847770069582
59.0,34.31133040664173
70.0,75.36450723799658
70.0,69.06443333432605
72.0,73.71539346099291
72.0,52.489445151167104
74.0,81.11044547224094
74.0,80.6505259936265
57.0,59.10994693587321
57.0,7.0065440337231735
15.0,-3.50145183151767
15.0,76.86696454886862
78.0,82.76320539421073
78.0,86.09190488163046
58.0,59.12753115102993
58.0,77.59949981050914
20.0,10.156709789094236
20.0,46.84944912133875
53.0,52.9717675788242
53.0,64.36557102500484
77.0,82.31357658663063
77.0,63.93919300275445
67.0,74.25539409285034
67.0,63.25583527626759
52.0,56.78198527483204
52.0,87.50855860531266
57.0,62.794813064198365
57.0,36.81051397357453
79.0,83.01520974821756
79.0,70.31047279755882
72.0,79.04570281857616
72.0,52.603074819230585
71.0,74.64475882496805
71.0,90.45872696844253
75.0,81.23500181557682
75.0,82.49170193701815
71.0,74.64383178040856
71.0,74.69710070366108
71.0,75.88820080596236
71.0,59.06878103170618
81.0,88.80836965105686
81.0,47.889985566401094
63.0,70.5751197853611
63.0,21.58248149397724
54.0,57.31864014566793
54.0,43.24284494167233
50.0,52.43451217957545
50.0,72.19299619988118
65.0,70.01357197558525
65.0,79.76937420944444
20.0,14.261221945997306
20.0,68.69981842962613
72.0,75.64961367817699
72.0,78.99415256471826
65.0,69.4283838050153
65.0,79.45861868232419
49.0,52.94531823306437
49.0,65.19369159167968
52.0,48.54683153859622
52.0,61.41104910172197
78.0,83.86818521332731
78.0,55.740119230525636
50.0,46.01235978214601
50.0,64.92381715397829
82.0,86.49737192431235
82.0,70.77457335141037
74.0,78.05024447177891
74.0,23.451712749840226
75.0,81.89168617601939
75.0,68.64368637729007
81.0,87.4930830891114
81.0,34.8313589158613
25.0,25.68768198918582
25.0,83.72883187986241
65.0,71.41473142049796
65.0,50.54826870107297
49.0,44.788672489164355
49.0,35.88824818823559
60.0,63.150121811950896
60.0,77.81069130586854
26.0,34.398380613673055
26.0,88.71805191513789
66.0,70.56135375711818
66.0,86.37755538526216
70.0,80.0895830200426
70.0,40.08613903967961
67.0,73.11503818740823
67.0,52.80196491671819
75.0,83.91630734217853
75.0,76.8901771434094
64.0,70.39339261043148
64.0,78.92698946122414
74.0,79.20007591121578
74.0,35.538349023716364
74.0,82.01016774872562
74.0,76.01886794137516
60.0,64.5025169081174
60.0,50.913515995815544
56.0,58.02633290561249
56.0,78.36926242684035
61.0,62.43459685094575
61.0,41.52847999523789
41.0,39.65923760703555
41.0,64.72251462110398
70.0,79.10333642756052
70.0,73.17547860276852
67.0,70.9301464114697
67.0,59.63929164533147
64.0,68.4568436761378
64.0,49.866819883435824
73.0,80.8804100567533
73.0,63.765908914912984
59.0,60.289387903574664
59.0,86.07195415620731
35.0,23.821703189065943
35.0,66.53258784645777
45.0,48.52509384221861
45.0,80.7516888385515
56.0,54.99692420368848
56.0,76.08942576607603
31.0,25.501879880458716
31.0,40.72959203843175
80.0,86.64128760176146
80.0,69.6311020640751
62.0,66.91173613963207
62.0,66.91627091079772
64.0,66.35850548841802
64.0,48.11622013124742
47.0,53.99936229329933
47.0,68.9043903771809
76.0,83.14027133107425
76.0,67.7134178129129
56.0,57.929542583462705
56.0,84.74480450365138
69.0,75.2290217705924
69.0,74.69682625548904
68.0,75.31260215209966
68.0,56.01078370407083
77.0,85.41144522541549
77.0,60.179507996304665
76.0,80.88616497005751
76.0,61.83368358730536
56.0,57.308399158732925
56.0,58.47047194152697
75.0,78.66176917903834
75.0,52.18393106315688
60.0,64.2126904942117
60.0,70.3231956671849
76.0,81.37067266234357
76.0,80.70940452193696
38.0,30.14027219034739
38.0,29.922550436341453
53.0,59.43848908564166
53.0,59.988056690845156
56.0,56.69461814317066
56.0,90.21399638929955
78.0,82.78056447521197
78.0,44.087537250157766
60.0,60.26500392426874
60.0,63.93834875258369
28.0,25.773872226971378
28.0,78.24150737655896
77.0,83.35238640702312
77.0,77.28158436252204
67.0,72.73884238889872
67.0,78.1374145088655
77.0,85.48511574244083
77.0,75.33279835203035
70.0,72.07673446733986
70.0,69.68945071362316
56.0,62.33063788273057
56.0,65.03200471177365
34.0,35.41278984724812
34.0,71.56944613074393
68.0,68.50088379852872
68.0,56.644894611309326
58.0,63.190526775371666
58.0,43.74232533124729
72.0,78.00689443600868
72.0,73.36008005025906
64.0,68.62845068604503
64.0,64.26701761470008
64.0,62.337792685860165
64.0,49.29224135102044
56.0,61.351528844188465
56.0,60.74419625466618
51.0,55.928969411802655
51.0,43.778334308935996
39.0,38.34331896029596
39.0,64.84449517908178
53.0,48.691204156600406
53.0,61.066775089620705
77.0,81.58914027514743
77.0,44.23661446464973
56.0,58.60929031120685
56.0,81.23391463989259
45.0,44.31634852135704
45.0,77.15505382701724
67.0,72.6753164335492
67.0,46.959333691275674
58.0,63.61133267551833
58.0,81.73930185711333
66.0,72.92078650696709
66.0,64.59371757228365
67.0,71.57418266983314
67.0,86.83530613292402
39.0,39.58264642445516
39.0,53.55815612020422
54.0,56.111115393547664
54.0,79.51525052888155
58.0,60.34864910271216
58.0,21.067830690545236
59.0,65.03020623723012
59.0,88.13257704351025
71.0,76.52117689738259
71.0,67.89445000084828
68.0,68.48043369244891
68.0,78.71025067340605
54.0,55.42035184561013
54.0,73.70141125571024
72.0,78.16631745348252
72.0,74.94220041806045
69.0,74.86965162132321
69.0,36.94573741962864
68.0,72.00390556964572
68.0,51.052596182168486
64.0,68.56033542959085
64.0,59.48137229156595
73.0,80.17747170853085
73.0,67.39965089517398
69.0,72.37296890705079
69.0,66.32317096773079
77.0,82.82365433587336
77.0,56.26195103655044
41.0,43.9213584071436
41.0,57.404085288173064
19.0,8.120203288683456
19.0,68.3886906005061
58.0,62.4456618540583
58.0,43.810765543381535
75.0,80.53419813282409
75.0,64.63329579918309
63.0,61.85803078033223
63.0,78.9162667174486
49.0,45.209789951139555
49.0,63.587123679026945
73.0,77.11628441255868
73.0,29.59678531379211
80.0,88.66678522505362
80.0,63.382876538493065
66.0,68.99207492982526
66.0,83.59458390865973
63.0,70.98970986248082
63.0,34.61266308955828
35.0,38.30013669532008
35.0,71.81689887979843
67.0,74.82902538441203
67.0,81.64265059410758
47.0,39.18259838351719
47.0,70.65346093853441
58.0,61.60056963042257
58.0,39.75040922977581
65.0,70.2661174434906
65.0,73.6913108646603
73.0,77.80438251993127
73.0,49.311188300793674
73.0,80.49502999067136
73.0,37.41570915546765
61.0,65.297468738031
61.0,74.04802902859984
46.0,43.60111911504754
46.0,72.63330605342497
53.0,58.77240482086688
53.0,78.7704637857928
39.0,37.72593249857323
39.0,68.60684747817334
71.0,76.78709813448921
71.0,74.92064032951407
33.0,30.474860098122008
33.0,73.95981706833652
47.0,45.884002454602125
47.0,80.18271086495974
64.0,69.27493872914027
64.0,80.23837479383587
69.0,75.65869323478404
69.0,73.97683002143566
72.0,78.60046395073402
72.0,84.29968831828421
65.0,67.04507416827613
65.0,63.51322469273316
50.0,46.617944295047266
50.0,57.80525323581071
16.0,-5.614625847360969
16.0,52.909341698879814
72.0,73.22215067981386
72.0,70.81886899276736
13.0,9.437389366758907
13.0,62.79751199800859
61.0,64.05240488718499
61.0,78.36300463759954
67.0,68.8570234799538
67.0,70.96613166827836
74.0,80.06076713853429
74.0,77.16162060896312
33.0,30.401840273043604
33.0,66.37858147661251
39.0,31.179847606446913
39.0,78.29036940453648
71.0,76.84816969848356
71.0,73.09802800002569
65.0,72.03621265939069
65.0,75.31366607299344
67.0,68.42895503931317
67.0,62.712071589950426
48.0,54.879437087660335
48.0,74.9258329939289
20.0,7.0707891915280925
20.0,20.817533148734242
63.0,65.6207006453858
63.0,41.74637933899612
50.0,48.87743791977863
50.0,20.325542456960818
55.0,52.64946057076804
55.0,70.00977807229731
49.0,54.37319068586174
49.0,74.44728069255098
69.0,74.28558944602304
69.0,71.14888583448004
71.0,76.70852156849321
71.0,73.90672273953413
68.0,70.98516348525243
68.0,59.647767153979544
79.0,84.97717129900474
79.0,85.21954227634853
65.0,69.95635566974772
65.0,78.96610982819254
49.0,46.26732321874067
49.0,77.72883378356534
13.0,15.891799537892268
13.0,73.40554317103681
35.0,35.24477055396028
35.0,48.16395919620436
61.0,62.350336453883415
61.0,18.965973445638554
67.0,69.11683188515326
67.0,57.36049454733353
71.0,75.36732773042797
71.0,71.70042834176854
46.0,49.08331662403583
46.0,48.376461219857845
57.0,54.06668366654151
57.0,57.11392800652192
52.0,49.6636883104411
52.0,68.1968823318013
32.0,27.90546838701522
32.0,71.54734346809778
79.0,87.28955066632233
79.0,65.51361957559851
78.0,86.84646633809268
78.0,72.10393538267084
74.0,78.65591558905862
74.0,58.3766995720444
64.0,70.71756669581629
64.0,81.59840713353827
66.0,72.41223678117018
66.0,66.23109184797875
62.0,66.87013058509592
62.0,64.64773931290893
72.0,79.48172222116256
72.0,27.176570861918435
48.0,53.74952189273586
48.0,56.409422470765435
75.0,80.42371649749816
75.0,74.60717120106301
65.0,68.609950921581
65.0,77.41441927027341
36.0,42.43933837076236
36.0,46.98119256622863
48.0,47.49688143241474
48.0,84.84623620253416
57.0,59.89840352693693
57.0,63.000821806826764
56.0,56.3623978356452
56.0,58.370747249494
71.0,77.04205664696354
71.0,61.265065064424846
12.0,19.007799519217315
12.0,77.10606960953504
67.0,72.4737645579317
67.0,62.09549519603718
61.0,66.9919278774974
61.0,46.66678010372112
43.0,45.21372048005048
43.0,82.47989322091843
50.0,50.75204960086552
50.0,42.61965648230773
65.0,72.00953718165675
65.0,14.22967630598447
43.0,51.92291171601198
43.0,73.71768975525777
76.0,84.31717733186292
76.0,26.43539281499119
71.0,74.12940153081439
71.0,28.65784912474186
61.0,66.62247100882627
61.0,66.31632598992559
66.0,73.96359676925738
66.0,48.29222728390454
51.0,52.962298026479914
51.0,81.16389159936972
72.0,79.66595035360325
72.0,81.61715359946567
60.0,60.185428135670975
60.0,6.283099385150933
34.0,21.860325230434057
34.0,32.320743539288344
68.0,71.61263513464354
68.0,82.8574127100581
60.0,63.08138518360664
60.0,83.13319050534312
45.0,40.81228993774505
45.0,73.71941660076942
64.0,72.8768926138776
64.0,30.444913428329926
72.0,76.95703399754598
72.0,15.6910372792143
70.0,80.11756585281881
70.0,25.978814181370865
63.0,68.53784673908132
63.0,33.203299109336
62.0,69.69801876943183
62.0,51.80734949768424
68.0,74.55696013830675
68.0,79.03072867932423
62.0,65.6418320522888
62.0,54.605257995607076
67.0,73.21369171302518
67.0,51.40839175044272
49.0,48.03641690072186
49.0,72.83118198920675
69.0,75.52482598538779
69.0,83.52359499282403
67.0,68.9327006136358
67.0,68.69850396947129
43.0,40.884532581954204
43.0,55.485122038631175
63.0,63.08709238129671
63.0,80.18506983536736
64.0,70.60589467835717
64.0,77.53764547226422
57.0,57.31586740177511
57.0,59.73339626380363
30.0,25.068444508261678
30.0,76.54449147397679
59.0,58.90583356849754
59.0,67.72742895669302
65.0,69.45514347240703
65.0,73.70781530595951
59.0,60.44001174552017
59.0,78.56701620226727
44.0,46.87970172303278
44.0,67.45902608696287
64.0,67.56220684622701
64.0,80.75507181175215
22.0,9.270208421910127
22.0,66.30386517357857
63.0,65.37470596458758
63.0,78.41630427495721
71.0,74.92569227234867
71.0,68.99827024022795
11.0,6.233466992043077
11.0,58.718513583722654
50.0,56.925414324793735
50.0,54.820866824986126
46.0,41.95100242474439
46.0,65.34846677516089
65.0,73.20390906928714
65.0,63.65303803940128
64.0,64.80885851585447
64.0,72.05077439882263
48.0,44.44640793584006
48.0,30.250420380756452
55.0,54.617650672436696
55.0,75.83628957982074
49.0,52.793320488770576
49.0,52.39464648234298
53.0,48.17339326214494
53.0,46.73369274013248
50.0,49.582737086160876
50.0,43.66251734075246
72.0,77.63612170051516
72.0,73.86481760368792
78.0,81.84158130716975
78.0,79.85357429918855
26.0,27.040163726545245
26.0,31.126838244557007
49.0,50.00790886262183
49.0,77.7455022769148
60.0,62.552001914167136
60.0,57.286934894583226
55.0,60.6500719769341
55.0,40.92040503088134
71.0,76.36672158544513
71.0,63.68170479906422
73.0,80.70030705864991
73.0,39.620450201004246
65.0,69.94355810364397
65.0,55.498965340823986
36.0,36.39746710641265
36.0,56.3073820915248
66.0,70.18286962037081
66.0,78.44413348583902
78.0,83.14799282766438
78.0,65.13287208303893
57.0,63.53031390281427
57.0,33.356189318793156
69.0,73.04980278792556
69.0,74.12220819450977
59.0,60.904206956044334
59.0,76.72644975841212
68.0,73.39379712812683
68.0,77.16052215378744
24.0,19.217802744670735
24.0,58.772346688963694
65.0,65.46104669001647
65.0,65.51004242653613
64.0,66.57228107025901
64.0,63.267363684735926
68.0,72.90096424790954
68.0,58.06328017200724
59.0,63.46774353220974
59.0,77.19757894561423
22.0,20.234434975111014
22.0,49.768377349846105
45.0,48.25346083474079
45.0,71.09728844132798
63.0,65.41329059043647
63.0,76.0332431095938
59.0,62.22752366695238
59.0,64.5863316802658
62.0,64.96806077806878
62.0,82.58105034446345
51.0,50.125323077744895
51.0,50.62804569673102
50.0,54.08231419481331
50.0,77.83150754628639
61.0,67.42787113843247
61.0,73.50691305867986
48.0,45.5819609301667
48.0,80.32789732526214
73.0,79.72680858121214
73.0,68.00159545717418
59.0,59.59433424106584
59.0,39.91262461693657
51.0,54.945953098708856
51.0,44.70695755363067
43.0,39.44228475383636
43.0,55.520462004388094
61.0,61.386157264426856
61.0,55.82676547265862
17.0,13.417467123830193
17.0,82.24284901580171
66.0,70.8618551439518
66.0,60.92432160015045
70.0,72.77562091333004
70.0,75.47802550108764
42.0,43.05631342389023
42.0,5.053352223889647
81.0,90.48944453387219
81.0,22.8157297934531
80.0,85.59008317493539
80.0,62.92141868498544
53.0,55.833370604985134
53.0,15.58926886456885
47.0,50.7598880079305
47.0,78.96203579760595
48.0,46.695183979581714
48.0,51.943551946630464
49.0,49.9697194178807
49.0,65.07990711798129
42.0,34.91881664184325
42.0,75.89874851759106
32.0,25.218846020576507
32.0,81.7994368301865
65.0,70.06011216859804
65.0,62.39977768205068
60.0,63.13736294958301
60.0,85.1644600955135
51.0,55.08224492969367
51.0,78.53113445503749
76.0,80.10354073211374
76.0,77.45028245933173
56.0,56.440866297892796
56.0,32.29725584506582
42.0,42.82158221859504
42.0,63.13138338390132
72.0,77.58287819721227
72.0,71.59934465769629
77.0,84.57121371546828
77.0,20.16046901658791
62.0,66.97217119324745
62.0,8.837468583549764
62.0,65.91431755478249
62.0,85.12887518431586
66.0,69.96197521452882
66.0,43.154389082602904
42.0,38.51981829149008
42.0,83.05083403815757
59.0,63.24400661114976
59.0,61.438876603017434
58.0,59.072016886260826
58.0,51.02105198049162
61.0,63.91022621500616
61.0,58.51793181289867
61.0,64.21258166128348
61.0,74.0704551682822
74.0,78.87475548307964
74.0,80.92089459451921
67.0,70.37099729441303
67.0,34.895845134210106
54.0,56.76540750758306
54.0,57.76062367877336
62.0,68.32474837317937
62.0,6.183043985720303
67.0,72.31859017018985
67.0,31.277012545968205
65.0,68.48572893131643
65.0,45.28930960332292
37.0,34.844382748875205
37.0,73.7114412324438
36.0,32.742989447607386
36.0,77.92428824582771
62.0,63.80366286509991
62.0,38.371344132078434
50.0,50.10673556346086
50.0,73.24676924582462
63.0,64.13845009772746
63.0,73.6871863756266
53.0,47.34760173092434
53.0,65.46923359939422
39.0,35.16830788181102
39.0,33.85434765610415
48.0,44.19632710467067
48.0,45.948545663135576
11.0,8.976380042195842
11.0,78.88009767990775
71.0,78.46589244352083
71.0,64.56175577094388
61.0,67.13385151192637
61.0,82.82931837900571
63.0,68.00476924324283
63.0,62.52888191760974
69.0,73.6184028876454
69.0,76.27274882333552
65.0,64.56474981531858
65.0,53.146670394015416
51.0,52.18632795205593
51.0,45.89228272859617
63.0,65.92104133071501
63.0,56.901903161691166
75.0,78.76300336194265
75.0,82.92680955928734
68.0,76.36060688477232
68.0,26.790973527144843
66.0,67.87634987979459
66.0,59.48106345593055
35.0,38.7060773898105
35.0,75.41402364013186
54.0,50.96710252395002
54.0,71.27580036585454
78.0,84.48098578019057
78.0,67.91866931066005
61.0,64.05889001144232
61.0,74.79026274585834
72.0,75.14403100570905
72.0,60.89967225485327
74.0,78.10013839273114
74.0,46.69638005068566
55.0,53.25872660877678
55.0,41.65611202817195
49.0,47.222214402841246
49.0,67.70171322380065
37.0,40.59314930414149
37.0,51.80391699906943
61.0,62.08163058322742
61.0,59.2340880228989
72.0,77.11239622176436
72.0,60.09822953019142
64.0,63.52954482962792
64.0,57.16536780570141
54.0,55.27004143511607
54.0,63.406168302742515
78.0,86.27370758774867
78.0,82.40502919376598
75.0,79.29054610716076
75.0,47.193568030453264
48.0,45.54517434165933
48.0,2.0486575875968924
70.0,75.1230600616592
70.0,28.16974737204032
75.0,79.42637359229087
75.0,83.25600906995567
64.0,68.28084635243755
64.0,79.75242455105104
57.0,60.784206405937994
57.0,57.56473149809875
69.0,73.79544168976082
69.0,82.58645274359822
44.0,45.31037371508364
44.0,67.87278471575536
62.0,65.50405247130118
62.0,79.78910629939838
70.0,73.30573913641416
70.0,14.29973119839201
68.0,75.07300630352631
68.0,62.331496968874376
60.0,63.0167231462014
60.0,66.74592875459439
70.0,72.73325625819837
70.0,74.89561970054615
69.0,77.0600134567685
69.0,64.07898522493662
14.0,9.397910293421546
14.0,64.34440095045181
67.0,73.72850060913828
67.0,67.72994572227975
47.0,45.644791090933836
47.0,37.450078905122325
72.0,76.43119935634166
72.0,71.37576073940369
72.0,78.43695800325497
72.0,30.13647003877054
75.0,79.88580029700228
75.0,43.930910407683086
69.0,75.65974372036317
69.0,80.59870963016311
40.0,39.75569516519181
40.0,65.51831967782459
14.0,16.754737019487777
14.0,66.04064365079842
65.0,69.22330695867191
65.0,33.953247875786474
76.0,82.29559118802842
76.0,14.280761211009747
67.0,71.70013565393748
67.0,76.2320932980299
62.0,66.2703866426217
62.0,59.6476718335619
58.0,61.05145980771459
58.0,50.1605370792758
67.0,69.89987355764492
67.0,70.15488011093117
65.0,68.18310842189459
65.0,54.92018143049154
64.0,68.5520162969587
64.0,77.32158503496726
45.0,39.98469277973197
45.0,84.81373058630737
58.0,59.48137229156595
58.0,73.65190228233911
69.0,73.9821603966243
69.0,40.920366596118924
64.0,71.41010204834714
64.0,40.82937743841734
66.0,69.41475643979686
66.0,88.57691793500823
58.0,61.44412658954792
58.0,53.74068071619706
75.0,82.17782890963656
75.0,75.72052777682552
51.0,50.30212317294877
51.0,74.39391500927275
55.0,55.41197754763692
55.0,61.74162254648735
64.0,69.4558070537064
64.0,69.79577269372476
72.0,77.31864077911513
72.0,55.92018099375787
71.0,77.51857337654064
71.0,68.43912173734196
63.0,67.16013630974152
63.0,82.08552725075702
38.0,42.853180753323215
38.0,62.131981934056284
44.0,39.678964242190716
44.0,73.37850387338648
37.0,36.59435822573528
37.0,41.82242905399244
70.0,69.4452559292842
70.0,75.37070733403982
78.0,81.05916629769166
78.0,37.70659989510949
26.0,21.83070106822771
26.0,21.858125397006233
67.0,67.46044656710063
67.0,71.18049413754466
48.0,48.95743198565225
48.0,63.17356230145765
79.0,85.76387591994887
79.0,65.08375300408898
61.0,62.323288788670254
61.0,67.23027487079156
42.0,41.9999875404215
42.0,61.478219212560305
25.0,24.417439307292625
25.0,17.970429031968138
53.0,60.63320111199914
53.0,40.153282998828445
63.0,68.5548513705283
63.0,43.780108814520815
70.0,78.45650652040138
70.0,29.60771729271886
26.0,15.87390010500826
26.0,62.15607650827445
68.0,73.95380558137572
68.0,18.443443247619314
70.0,75.02209686018
70.0,61.03238217443811
61.0,63.84840202066874
61.0,77.00107780396473
56.0,57.136728196052104
56.0,78.94920772055292
69.0,71.13774547830258
69.0,56.213761856326244
60.0,64.4139615499642
60.0,77.23988533441428
63.0,66.53120410314591
63.0,43.48523787495401
62.0,65.79219919106276
62.0,33.49839468975165
64.0,69.78855823229111
64.0,75.25787204204187
66.0,66.48425366745977
66.0,60.48116529760108
80.0,85.6949342892321
80.0,42.850672714426764
58.0,55.123538029301756
58.0,60.97185989852994
67.0,68.22254531952535
67.0,86.77243476390731
68.0,69.52076218507943
68.0,70.19696191064827
59.0,60.17499304207723
59.0,72.39191603368806
50.0,51.89572614374538
50.0,30.055065320883273
68.0,72.22740244053762
68.0,54.73192047283078
56.0,55.036224275954226
56.0,61.670282166603045
72.0,75.80563130835606
72.0,70.86467952632199
49.0,45.469469154187266
49.0,64.80228429927035
68.0,69.64767485757142
68.0,77.50774566854244
59.0,63.18742817273568
59.0,59.35302097456423
67.0,73.50283222874162
67.0,67.80823080267186
71.0,77.49277919919945
71.0,45.07514222461498
54.0,57.43254716399019
54.0,70.78358892818466
43.0,41.894051865023926
43.0,67.16478674957222
46.0,46.23451311025997
46.0,77.46748850777976
69.0,69.70890615572847
69.0,31.27329654644211
59.0,58.53576145479883
59.0,48.095461488062426
51.0,49.41016066748193
51.0,56.259778445957636
65.0,65.54683742273966
65.0,49.2118082622805
66.0,73.3439771167192
66.0,67.11325251187026
76.0,82.66279268516035
76.0,72.28334511181123
53.0,53.15241968211609
53.0,79.55295974730603
26.0,17.633440679539262
26.0,70.9903358365977
56.0,61.319219715538736
56.0,83.11886272181681
79.0,84.54732228595685
79.0,51.73297562870562
60.0,64.6262299474651
60.0,35.551191821462794
63.0,64.90847392238669
63.0,59.57078755537191
64.0,66.75281439904148
64.0,67.55254976660166
63.0,71.20886389568193
63.0,46.618856436788406
75.0,82.08626547036641
75.0,55.70724906633541
69.0,75.38602246632917
69.0,57.93738853256582
39.0,32.299538948904
39.0,72.34789126907987
68.0,70.97836012069877
68.0,82.39050607108294
72.0,75.45386509232122
72.0,85.2789354662118
59.0,63.862045911239704
59.0,65.29019868327327
73.0,76.15694928846256
73.0,69.30051595069625
74.0,79.53733383216121
74.0,34.235987564126106
75.0,82.62387792545456
75.0,18.614642041460115
53.0,50.31064614075717
53.0,48.0672933791102
56.0,56.87618149107857
56.0,77.0737411372782
77.0,80.45255888121704
77.0,45.14516195122616
84.0,90.73540970465314
84.0,58.881032219390875
72.0,77.72607054141639
72.0,67.04850785528498
69.0,76.19666388110159
69.0,60.541185550801856
52.0,52.28135282392162
52.0,71.99227530065559
38.0,35.787579618610664
38.0,13.180381219620585
74.0,76.97619626662163
74.0,73.16752533875484
45.0,51.113579061338555
45.0,22.057471686673637
50.0,49.43283074114663
50.0,57.591806943368965
58.0,63.60828098051451
58.0,78.79997992001074
34.0,38.42528601245817
34.0,59.27492037685886
46.0,41.36476326365437
46.0,60.10035731318561
51.0,47.851257770673215
51.0,53.594785322476525
59.0,63.34596964083681
59.0,60.48095495825612
69.0,72.69349405576332
69.0,32.19964812712254
25.0,28.396719520727004
25.0,33.85772919774331
76.0,82.13210672483353
76.0,78.9204825363617
65.0,69.31333891304712
65.0,61.076444559009474
55.0,59.41219056325821
55.0,73.84211862440384
60.0,64.33398836065112
60.0,77.85473696800858
66.0,72.46992033919759
66.0,76.0287900124597
66.0,68.70675483752564
66.0,53.324981252815974
70.0,76.29617340655386
70.0,78.87859741384773
64.0,65.48531460991762
64.0,77.17360710712836
52.0,57.70004819322327
52.0,78.14151020775734
62.0,68.69200017747391
62.0,21.69370965946507
72.0,77.76536446712026
72.0,70.98214237907132
30.0,12.13952962951305
30.0,59.83984201944429
75.0,83.6680573786573
75.0,79.229569187489
59.0,65.22868663346839
59.0,44.91336319541335
46.0,41.31906551736722
46.0,33.33431215442886
66.0,69.32682876850788
66.0,79.93836718572942
30.0,35.29307173741489
30.0,28.326598187958894
56.0,54.336503246625114
56.0,72.68785995179826
74.0,82.68486970037947
74.0,39.31720697920417
40.0,43.27572455684634
40.0,62.43018966515763
71.0,76.7950910954421
71.0,60.97305986571615
40.0,42.38811952583427
40.0,69.76388121408638
60.0,61.16740265077891
60.0,32.322315570947296
70.0,75.1588322147229
70.0,60.499183811247576
70.0,76.55722087713241
70.0,70.86153709961286
40.0,39.56796743994312
40.0,65.38374116870324
75.0,81.82211657447289
75.0,79.23927273469423
61.0,65.75834802732982
61.0,77.00712294553011
49.0,54.03177009525149
49.0,77.45929966465832
73.0,80.00148482967631
73.0,68.28485437938701
84.0,91.36753052574943
84.0,60.93672019529379
66.0,67.60377894247421
66.0,80.667655562444
72.0,81.03986481191015
72.0,74.09258736538033
52.0,52.40909645148719
52.0,74.70548337813739
83.0,87.69793306371042
83.0,34.969446962506595
63.0,66.70950052014405
63.0,71.79266810231735
67.0,69.27190541095035
67.0,70.9661442158619
63.0,65.14597882467677
63.0,44.20770236744522
43.0,42.523014009900066
43.0,79.77141931950746
13.0,12.291653426232642
13.0,60.950971696801105
75.0,79.74913428679417
75.0,31.388902284715755
47.0,44.63932375392221
47.0,49.2118082622805
76.0,81.36213587442575
76.0,77.26840980238063
63.0,65.32636355744307
63.0,81.75339306360695
54.0,52.71010695660857
54.0,69.88765988372216
58.0,63.282979330801254
58.0,58.841296651167795
20.0,13.283099319382757
20.0,32.03946207303403
42.0,38.44203820044032
42.0,68.86746503480077
55.0,59.19776067613452
55.0,62.89496205629706
79.0,86.2308186581605
79.0,74.01517859635771
59.0,57.3946241897703
59.0,65.80735618825673
62.0,66.32231228013245
62.0,49.18429681162331
62.0,63.537005399931786
62.0,79.49909942911336
74.0,81.30513675611303
74.0,42.53791742837291
42.0,40.98210799100417
42.0,75.47064859083969
67.0,71.53175216437165
67.0,68.70469695373941
65.0,74.87560526596883
65.0,49.77840988201655
6.0,2.953031282666018
6.0,40.62238359767133
71.0,75.13389999720818
71.0,71.34885150374163
44.0,40.11113108273321
44.0,59.28592049962225
71.0,75.83079427132594
71.0,79.84561378918136
33.0,26.956836116936813
33.0,79.38424738913767
73.0,77.67778481452513
73.0,65.45438142363139
80.0,85.91952860164878
80.0,42.191243694711716
43.0,39.720567479029114
43.0,76.84313185508341
39.0,36.25391022658465
39.0,64.60867085641627
65.0,67.70139348729373
65.0,71.0163926663065
57.0,61.891757156310746
57.0,62.31130476660877
60.0,62.815423014755766
60.0,70.40908781931375
72.0,78.17421970761029
72.0,71.35580832237457
61.0,63.61193932244504
61.0,49.30940642334588
72.0,76.93739742114963
72.0,52.307280527133514
76.0,80.79773268057073
76.0,78.60274636392353
70.0,76.26834664012227
70.0,71.8690747319489
16.0,0.10358478119565007
16.0,74.60691945752853
67.0,70.20204401644497
67.0,96.39496285416516
53.0,55.04402791215733
53.0,78.82636061421744
71.0,73.18088210315665
71.0,42.25494697085429
69.0,73.64901550346718
69.0,73.63299617581873
73.0,79.3842922470858
73.0,86.9973956171383
62.0,63.448127374117576
62.0,77.73408871876183
58.0,59.72730353231941
58.0,39.25399377675194
75.0,82.37472150499377
75.0,64.08923760470594
62.0,64.18051446565329
62.0,66.33434582980033
33.0,25.25354494123792
33.0,50.79252860314318
69.0,74.2300395401121
69.0,57.737999546138155
66.0,68.59618483233851
66.0,38.3116054066993
63.0,62.624521930472724
63.0,67.50628983072579
80.0,86.87060642139198
80.0,33.737888423962204
29.0,31.075169072154495
29.0,82.01271970512295
49.0,52.27519262671598
49.0,83.55593161958933
23.0,12.145789908915788
23.0,51.05248566616348
62.0,64.70900580139175
62.0,72.17392598102714
42.0,41.80387532430399
42.0,70.0007780964105
70.0,72.98983337714554
70.0,64.81527266276407
67.0,70.98341721201268
67.0,53.21991850303402
67.0,70.53649558426429
67.0,54.26860014471674
57.0,58.99637784454052
57.0,58.7398457953218
81.0,88.57292712456177
81.0,64.9032394397878
21.0,21.85709110486897
21.0,84.44169792023195
69.0,72.12007015812657
69.0,76.23154635079982
52.0,57.20376194698815
52.0,86.44389129560983
49.0,49.69411505343601
49.0,73.92163933034874
69.0,74.82070978193042
69.0,58.71518035158789
71.0,78.31337364400372
71.0,83.28907784200732
63.0,64.9290419363603
63.0,54.183331101585736
66.0,71.13645049891477
66.0,55.45571645699454
54.0,57.294279525661864
54.0,73.02789111541415
41.0,36.244576478597935
41.0,68.0140628047539
65.0,70.47715871888931
65.0,63.44237058296943
30.0,29.6900934172387
30.0,67.92861158016927
69.0,72.44727395389032
69.0,83.95545619467725
60.0,61.411760228370895
60.0,72.86821452003244
81.0,86.53985289793047
81.0,62.68375721324969
73.0,82.2124387752599
73.0,38.5433092890554
39.0,37.85851923428396
39.0,68.97080205231276
66.0,71.67192273594179
66.0,80.93224800624495
48.0,52.73035907284486
48.0,61.123500539187546
41.0,38.288318129653305
41.0,45.00090921012435
68.0,72.46397017977597
68.0,73.26416095185238
32.0,24.693241215424166
32.0,39.63766048233492
74.0,80.79221402432682
74.0,69.94615759994736
53.0,54.384832541469905
53.0,41.22631408639808
49.0,46.26732321874067
49.0,33.373759828877155
34.0,33.1795649221167
34.0,71.85015933215038
65.0,67.1059357511781
65.0,68.31455521146893
70.0,77.8415685321782
70.0,83.37886279750074
67.0,75.53664287237751
67.0,86.45919433894204
82.0,89.37344184431362
82.0,86.71166105849017
46.0,49.19032536603447
46.0,64.28244227419827
44.0,43.24132313747731
44.0,52.87319953092725
73.0,79.05969431784087
73.0,36.212877494181384
67.0,73.60844176266164
67.0,67.03940793149314
64.0,68.78217594583475
64.0,67.42570974867556
59.0,59.5543428696804
59.0,73.54856605915114
73.0,77.86272214610989
73.0,20.94477564906441
57.0,59.19263432971292
57.0,79.71635320209913
74.0,80.27878814797714
74.0,83.53124555755284
74.0,81.11208635860811
74.0,44.943025363898016
36.0,36.09556355181758
36.0,51.37629559625964
54.0,53.185255228098356
54.0,60.522825862134766
58.0,59.507564053479314
58.0,88.76752629463044
74.0,81.04377395130467
74.0,65.44012697464484
51.0,55.95121029124857
51.0,44.35109134710427
67.0,71.61915701259551
67.0,67.45387008378356
43.0,39.41205160380696
43.0,74.57716748545141
38.0,38.549319892554706
38.0,57.158444588096984
62.0,64.39712509573786
62.0,36.29297225820608
71.0,75.70736257083661
71.0,51.03901769015363
67.0,74.00404725160291
67.0,71.20303401704604
25.0,17.95823395862726
25.0,49.327425475963366
74.0,82.68306370120507
74.0,59.37128278624186
62.0,66.14028861268713
62.0,51.842670504890236
72.0,75.63312597850461
72.0,47.01289757178387
61.0,63.59791531144816
61.0,42.842792436117236
66.0,72.55884622984775
66.0,65.42409894692952
73.0,80.76983977117976
73.0,61.92949610189049
65.0,70.78975742221382
65.0,63.76405668238192
41.0,39.441785359544895
41.0,60.10038249205195
74.0,78.85481685315432
74.0,31.72146978397933
76.0,84.22527471093667
76.0,40.25097052893341
77.0,83.24388948576006
77.0,42.19004141025624
64.0,67.33566667456773
64.0,46.3028709870394
59.0,61.49884406719008
59.0,55.58137545717017
69.0,75.00368406691445
69.0,70.93091645004415
31.0,26.749070203821248
31.0,72.84976287061181
69.0,77.28345305909716
69.0,59.29085392455096
80.0,85.62790815676993
80.0,57.81881274491201
62.0,63.431717478979465
62.0,47.86156322981441
63.0,65.6469819825142
63.0,23.69055315291638
64.0,65.47296955292427
64.0,79.61294759249864
71.0,73.84148311603781
71.0,60.52558028962176
54.0,57.78750383825542
54.0,70.64461915625537
38.0,33.65689477548983
38.0,45.8249300834359
67.0,71.11389710895571
67.0,58.84454454658186
57.0,65.67759460323862
57.0,85.27064795866897
45.0,47.22310852895174
45.0,68.42206775209053
39.0,35.288751874414686
39.0,69.12787992033395
63.0,64.01072043226111
63.0,48.546447378622815
64.0,66.15015151322126
64.0,38.19283321356062
62.0,67.15785137816613
62.0,50.92828107749688
52.0,49.647250069901645
52.0,23.27864275292518
66.0,72.96478601926657
66.0,44.732539893608646
68.0,71.11907648750298
68.0,66.54061396631522
58.0,58.53916930915
58.0,54.79609630530547
43.0,40.69353972487812
43.0,72.33186473879556
79.0,85.18391049491754
79.0,73.94614281368729
60.0,61.66213608880878
60.0,43.5211975931328
52.0,53.85917516618355
52.0,55.66962866286849
46.0,48.04666411611419
46.0,68.60797584920192
32.0,34.50307868796989
32.0,64.2220184252734
57.0,61.515893812199124
57.0,55.29409707045971
56.0,58.61167574113193
56.0,66.27428583794068
72.0,76.25301111308369
72.0,82.45511724730966
57.0,63.80003512484376
57.0,55.31310784352479
69.0,74.08813666466887
69.0,75.51954204012338
57.0,57.689005725746824
57.0,61.991808344486515
66.0,70.16599925384855
66.0,34.59217310158999
68.0,70.73767992584646
68.0,59.44111059813196
48.0,53.149805100794026
48.0,44.05386729904933
56.0,56.51856891203272
56.0,25.058381965056697
70.0,75.51414594254652
70.0,64.6946434872703
60.0,66.5348003578593
60.0,75.28326800302199
66.0,67.23187589467705
66.0,84.2430667930389
63.0,63.450489245109566
63.0,67.03775249286542
71.0,78.28195427023883
71.0,63.33285281115815
60.0,60.102142109511135
60.0,77.74441258287214
69.0,75.11841071925267
69.0,63.048066807165924
52.0,53.460264197624326
52.0,88.44520381330261
61.0,67.78219321617985
61.0,44.2877932727331
57.0,56.21500517630329
57.0,68.32633075551041
65.0,70.63583456065959
65.0,55.85202604088869
50.0,49.60727500896837
50.0,48.30183991476565
58.0,63.772992866107074
58.0,15.4341190968604
60.0,66.43065296784215
60.0,81.65163400095764
48.0,49.245727315433726
48.0,39.75040922977581
40.0,38.12757574706768
40.0,58.12087110439944
68.0,73.05553000541187
68.0,75.59695354321315
67.0,69.53131455239532
67.0,51.44852152644086
66.0,67.25529372967355
66.0,66.86928020790998
69.0,73.72949286483424
69.0,51.72585438475693
37.0,40.59314930414149
37.0,73.01809869865667
38.0,30.237866484394544
38.0,83.045110046069
63.0,65.3619818483034
63.0,66.86238509734454
66.0,68.4452059455765
66.0,81.77498646293037
69.0,76.95015763927103
69.0,47.26104026919114
74.0,78.66335037301309
74.0,55.7268457651997
69.0,77.84439012128223
69.0,68.46793427363554
61.0,61.328631753671004
61.0,45.87482262215684
63.0,65.72454732770927
63.0,22.793783401500605
71.0,73.78534529020993
71.0,58.5733244148725
36.0,36.63307001097593
36.0,43.3086879364638
10.0,5.1143074570899785
10.0,45.94570276065036
71.0,76.83666766507031
71.0,77.57043695260182
56.0,56.86739416340015
56.0,71.5562076302644
57.0,60.28026054161052
57.0,62.48788267841746
72.0,77.63415014541181
72.0,66.27985676425396
65.0,66.30402521447263
65.0,76.4766981875224
46.0,41.57071984164179
46.0,72.19873259871099
43.0,44.784111053844015
43.0,84.44702536505991
41.0,37.990575422591576
41.0,84.11124360163473
68.0,73.3736456518821
68.0,82.50135609743597
22.0,17.94033760525076
22.0,71.37543581501052
74.0,79.95990294677836
74.0,73.19166094463986
35.0,28.149570685096364
35.0,72.6369152248011
55.0,60.00457121241965
55.0,80.08748479349919
55.0,55.65563559545916
55.0,63.98096411688084
60.0,64.1648664767385
60.0,90.23166937242621
77.0,82.08197965492644
77.0,72.51885795963454
65.0,69.04855502549697
65.0,67.72346337483049
72.0,78.7535318809638
72.0,69.86389371898042
43.0,37.86417404478635
43.0,64.85164054231296
37.0,34.040188888808245
37.0,59.74086357256601
66.0,71.34621327982944
66.0,68.03338047361586
64.0,66.32225868790186
64.0,77.3581044779429
41.0,39.075212045058265
41.0,63.99597633867842
64.0,67.43113497604071
64.0,59.84532604009104
61.0,64.19197711273637
61.0,83.06789678127285
84.0,91.77974591750058
84.0,73.24386865188228
57.0,57.17076564539019
57.0,56.42296106167004
69.0,71.76975971248021
69.0,37.88805014631009
40.0,38.31578467270464
40.0,29.985573010167798
49.0,46.416224495768574
49.0,62.617042809851
35.0,22.96964628245587
35.0,64.92556713287706
79.0,84.83287813820755
79.0,73.96282230034245
67.0,70.58929592744119
67.0,62.87928348316791
52.0,52.98417205745187
52.0,53.27786168685702
30.0,26.579723099635885
30.0,28.096653930590264
70.0,72.1790568366801
70.0,52.83691524493247
69.0,73.01774531558823
69.0,28.4424997600309
62.0,59.707420862681715
62.0,66.7800631656902
52.0,48.75414752459454
52.0,58.76509404270138
70.0,75.20175371995316
70.0,16.67706799036813
67.0,73.46955439993866
67.0,32.96604459950686
74.0,83.01498044965996
74.0,78.9790910329549
68.0,71.97859769427356
68.0,78.37288823675607
51.0,54.53649082613043
51.0,79.54225911584012
57.0,55.802678710110115
57.0,67.50622939952876
74.0,82.90004669784503
74.0,75.25122997980395
30.0,20.625094603966772
30.0,76.57919592644407
59.0,62.81033705178737
59.0,15.298712466340646
64.0,68.1933793879972
64.0,44.58666587879287
78.0,82.05823664493408
78.0,64.47286824609284
59.0,61.58108251708586
59.0,62.30341628340443
65.0,69.59149254136781
65.0,24.138599323559333
56.0,61.00983657211293
56.0,86.35010620945837
62.0,60.899831738045975
62.0,81.59130530822148
73.0,78.34841315870466
73.0,70.15777490847574
69.0,78.28383106701835
69.0,70.57572591204769
64.0,70.35227254170712
64.0,70.56369901104614
77.0,79.35596996062787
77.0,47.05839231222615
74.0,79.45449993514103
74.0,75.03733429618774
63.0,59.48539674775884
63.0,31.187754741084973
49.0,51.327550799432174
49.0,71.9735952767146
42.0,40.72845804786601
42.0,42.1840615400435
70.0,74.85777960608465
70.0,53.80129224422319
39.0,38.157058397933724
39.0,77.60465486448555
66.0,68.8046653138166
66.0,75.9258107117949
31.0,33.608167491587324
31.0,80.6096344396513
70.0,73.59619286915262
70.0,87.18707314917913
56.0,60.653124748627306
56.0,54.09221199834235
59.0,59.19504023051468
59.0,63.01265228134719
74.0,81.8746839600995
74.0,83.76464832068547
41.0,45.861063528325246
41.0,70.51555165857786
82.0,90.13301007525519
82.0,71.39135404805506
77.0,86.6365028933244
77.0,39.24392027385602
71.0,74.97909055625047
71.0,47.0613385320961
45.0,46.73863731690818
45.0,85.16661720251608
58.0,60.90422915430838
58.0,52.91765513863686
52.0,54.164511245598305
52.0,11.564089190940592
58.0,58.132989834382784
58.0,60.997910413943714
83.0,90.6931224954194
83.0,86.57762949256636
37.0,38.76046036784663
37.0,64.87950976809293
54.0,59.70187887971747
54.0,64.07676873633886
60.0,65.62115918347206
60.0,62.722222110155315
70.0,76.74349413348227
70.0,42.61634763391362
70.0,78.29264634994274
70.0,82.34080354962032
59.0,62.26757172853013
59.0,60.75534631661964
52.0,59.363006296051026
52.0,74.49958918961823
70.0,74.4599566604665
70.0,75.5226486621633
38.0,41.53811836371409
38.0,51.71129455000471
63.0,68.32171389079394
63.0,26.570684653523813
75.0,78.66077170992338
75.0,73.40135958555481
65.0,70.02885932238115
65.0,62.26238178414877
40.0,41.011611527949185
40.0,81.41633957568644
67.0,72.74619665945414
67.0,74.50731412392275
67.0,74.47948535706479
67.0,76.03163536207558
54.0,58.46049119099814
54.0,35.41278984724812
71.0,76.06212579420946
71.0,71.71046226202475
29.0,18.527532623813727
29.0,72.59009039893238
68.0,69.54622297025452
68.0,64.04236636880171
66.0,73.29189012621077
66.0,60.2766784842953
67.0,70.2260110621703
67.0,69.15548678579256
73.0,77.53605001525062
73.0,71.90543849483345
13.0,15.83906527412887
13.0,53.521369576896916
37.0,38.341799968596376
37.0,76.39071882906387
50.0,52.246645752453276
50.0,58.50897721314635
73.0,81.3510752974172
73.0,79.76643295411606
64.0,66.83672850905202
64.0,78.42836152765886
62.0,67.41875683105422
62.0,53.69259676664069
64.0,66.13002260352215
64.0,52.5128986564751
58.0,58.900992579310014
58.0,49.29234200478527
43.0,48.84929340701126
43.0,64.16157026951953
65.0,73.22190875577303
65.0,76.95915760076286
25.0,28.066443832612094
25.0,44.22967451422801
44.0,43.79832937958702
44.0,12.111025659569918
40.0,38.12757574706768
40.0,69.5640689539236
64.0,69.90215654516044
64.0,68.43091675091273
28.0,31.659759788636393
28.0,48.78884707446633
28.0,35.88551291589846
28.0,77.140016685065
63.0,67.48850385812597
63.0,62.09084903759668
57.0,56.79515522962589
57.0,73.76510705076805
66.0,69.82715990874777
66.0,86.14135651189468
75.0,83.43109503668552
75.0,81.58876584336315
62.0,63.33093648981679
62.0,64.23144894870092
43.0,44.11306470938632
43.0,27.748152853366037
71.0,78.38509136142454
71.0,78.86048884499291
47.0,42.895974429169485
47.0,80.44865604965969
58.0,58.794901771786044
58.0,85.52886221844511
56.0,53.65606777759092
56.0,70.30564986300016
63.0,66.61990758714046
63.0,56.795832639066816
73.0,78.4112408000995
73.0,55.208393249376854
67.0,73.11257459308496
67.0,42.65580523286684
58.0,59.848627740363554
58.0,67.32706274851586
66.0,70.88592519939039
66.0,71.66778174844887
60.0,64.69055098456693
60.0,85.85099517976238
66.0,69.1585202380885
66.0,74.68271600432621
75.0,80.06413216005137
75.0,52.984530115162215
69.0,75.15529779258344
69.0,88.31233204733621
75.0,78.39479940924679
75.0,51.32086001490785
37.0,32.419176312531135
37.0,58.076962607013854
55.0,56.79038500324265
55.0,78.6986483675704
75.0,80.99827675460529
75.0,32.360509395456404
65.0,67.65302297161372
65.0,78.12243542659883
57.0,58.4266770401004
57.0,62.219646369451425
29.0,21.678551299712126
29.0,72.44678373781812
68.0,74.56815561025456
68.0,41.5032422125451
66.0,68.81684799862205
66.0,74.08694904745829
45.0,42.866597986055126
45.0,78.1981531892564
27.0,20.20936832927424
27.0,70.52680160594133
42.0,35.59984345983975
42.0,80.34926375785392
44.0,44.146906905825574
44.0,83.19601378849552
66.0,69.57853405519029
66.0,61.64765174260373
61.0,66.603302895907
61.0,92.91007419379861
58.0,61.222666005409906
58.0,66.55990724712046
65.0,68.0959023659409
65.0,78.79885074856128
67.0,69.09988605750374
67.0,64.81319080634847
69.0,71.90853302883761
69.0,38.3549531935584
69.0,73.40468065383112
69.0,45.4955667562686
62.0,66.55950556329162
62.0,71.93967463795246
72.0,77.67832009286587
72.0,61.602304448754126
37.0,35.724407615575274
37.0,60.40013264397601
65.0,66.26700803832352
65.0,39.51078128473938
70.0,76.0570188857335
70.0,75.948337565082
56.0,60.09572371722936
56.0,73.54563290052704
67.0,74.39546984477079
67.0,79.81672816449071
76.0,84.32735164765819
76.0,70.81959563070109
89.0,98.03092974852922
89.0,76.45415376813554
61.0,64.40915398320709
61.0,80.51863895828222
67.0,73.42488631076662
67.0,58.14632149819869
59.0,58.0475256156501
59.0,76.0457091570292
59.0,60.25827317214515
59.0,83.7882845497503
57.0,59.39738428730169
57.0,56.099327600331094
67.0,68.7393522793028
67.0,65.61132398922149
57.0,61.51641619436424
57.0,29.60771729271886
69.0,74.19325418183894
69.0,73.05547416965766
66.0,70.54719012755055
66.0,83.45617746478621
6.0,4.461121327222884
6.0,78.32779353601848
58.0,59.497664267690766
58.0,35.20862164556371
70.0,76.12404418168069
70.0,80.3013661888557
57.0,61.40902028499511
57.0,48.19153529199275
77.0,85.5508705448326
77.0,56.9000172171726
51.0,54.5095620911344
51.0,19.432492251561655
58.0,57.64271890306725
58.0,63.13268691200835
67.0,69.36938707850459
67.0,61.11577785679907
68.0,73.09525058372708
68.0,75.65903573891143
83.0,91.35171828405555
83.0,66.21889597462462
75.0,83.78239245603504
75.0,85.72327570306157
69.0,74.52510360032824
69.0,52.08599760807181
67.0,70.58726024943269
67.0,62.03990180588784
65.0,68.19663714895148
65.0,56.65712350612927
77.0,84.00357195311119
77.0,75.33500378650956
72.0,76.2200739616739
72.0,16.94397311564819
68.0,69.27905091490942
68.0,63.44071717611615
80.0,86.56312750069674
80.0,66.16704248849072
64.0,70.4259841432534
64.0,15.340832266324696
68.0,74.51664245986814
68.0,70.47281667991655
66.0,66.44888415045659
66.0,81.6253884723958
26.0,21.280209954229235
26.0,48.519089182835785
66.0,69.89592144219989
66.0,72.57649218838901
73.0,80.61773473013892
73.0,64.09162189690488
59.0,61.959958114716585
59.0,69.53744608450785
20.0,13.773128531477994
20.0,75.83240733662245
69.0,72.45964120461218
69.0,26.925681544163297
74.0,78.38813446497795
74.0,41.64008756968417
34.0,34.41027585783149
34.0,70.52411572988069
68.0,69.84947821230617
68.0,70.66130758305212
73.0,75.77995975885784
73.0,87.68030112626764
62.0,68.47573976098624
62.0,68.35395591628503
50.0,50.32604947729271
50.0,60.79514234935482
74.0,81.76222097354236
74.0,73.37169384622337
41.0,41.4134048135204
41.0,72.59850706724751
73.0,78.11364433596901
73.0,51.39511749557812
35.0,34.67567072040856
35.0,64.85194039130772
44.0,47.071517696288936
44.0,80.55097897359138
50.0,52.143766471188144
50.0,71.22483330734786
60.0,61.51775932375648
60.0,73.41573414621729
70.0,71.40729527845997
70.0,69.91298713936106
69.0,76.96906772087976
69.0,81.44886664901207
56.0,59.42313065068032
56.0,63.16969501300167
53.0,51.54431839633361
53.0,55.60995977786342
39.0,30.776921960883783
39.0,85.80822206827804
68.0,77.1036445888567
68.0,18.18151434141248
48.0,49.32208415240814
48.0,58.601606979303426
34.0,33.11964030696407
34.0,60.103568112554
67.0,73.81037775858829
67.0,57.281226194865894
51.0,47.28386717851589
51.0,71.91717812166115
69.0,74.84320941893765
69.0,61.816585114591135
84.0,90.83785670751882
84.0,69.8267293156631
67.0,74.11776749760435
67.0,79.14986542496865
52.0,53.750402174424664
52.0,75.5879852794518
36.0,35.85087274941537
36.0,79.34092528999514
66.0,71.47770430498213
66.0,33.144252375345445
65.0,68.55378670359897
65.0,52.21023758480965
55.0,62.26696016247644
55.0,49.16915029077171
37.0,28.0927328649081
37.0,72.43465716669277
47.0,51.322664001931116
47.0,69.39998248900235
77.0,85.92641285499161
77.0,79.54154899553748
76.0,83.87131912885621
76.0,80.50732138763811
69.0,72.83407303680974
69.0,62.00117010008279
47.0,45.74738713874598
47.0,66.427585404269
23.0,13.326768353884859
23.0,44.68979149559152
55.0,60.258533438621726
55.0,77.2671449031418
73.0,76.63102774411323
73.0,59.101245251347564
66.0,74.53758629510236
66.0,72.40958888879948
57.0,60.550010714701045
57.0,24.327795004666427
69.0,73.58491430810034
69.0,62.9346365476099
77.0,81.99553667766725
77.0,77.19950741999651
77.0,82.96977013184971
77.0,60.710225402483104
50.0,51.17821560877172
50.0,81.24538641310272
56.0,61.135764977775125
56.0,54.4993463303
47.0,48.7281306494034
47.0,63.90809541160576
62.0,68.94135328761212
62.0,69.61329148062941
59.0,65.7835467635166
59.0,66.88384207513599
64.0,70.39683592289498
64.0,84.26008321232126
66.0,71.52882304390374
66.0,70.93830112061352
56.0,60.18973981443946
56.0,60.282004953306625
54.0,56.69494980234498
54.0,70.33325821693916
82.0,90.09242687095252
82.0,46.685826784222684
26.0,14.085067803463232
26.0,65.25738860585989
51.0,51.046442914834586
51.0,45.52485548987971
68.0,74.26562388139672
68.0,74.29967304786169
37.0,36.57587441699417
37.0,68.01399244772125
68.0,73.0234901348623
68.0,58.33846745433823
55.0,61.793137951471124
55.0,46.21979544249905
72.0,77.89095699998165
72.0,81.19628199444395
63.0,69.81076060358055
63.0,71.66909669429145
62.0,64.69449392217757
62.0,85.89575041747855
44.0,41.19886942225486
44.0,52.553209464963345
64.0,66.88911308414612
64.0,49.58056954976587
52.0,55.00037728404294
52.0,35.79406910856062
64.0,67.94399404990094
64.0,52.41732137865398
55.0,57.732077067236446
55.0,84.02886281818513
62.0,63.613176131120554
62.0,61.44777752322773
71.0,71.1159744295179
71.0,27.847838081604493
62.0,65.53528574434256
62.0,63.69349310850566
66.0,67.71659622173638
66.0,75.05036940353813
60.0,56.92243154460266
60.0,65.17544793914584
26.0,25.629017031031708
26.0,23.444970690393177
66.0,73.08978816772498
66.0,74.18323884430578
56.0,57.0809547242572
56.0,77.23551127564104
69.0,73.66102544596856
69.0,48.64314628255437
32.0,33.23152023684395
32.0,75.86872392465614
64.0,66.0287861714097
64.0,56.45034706471216
61.0,60.504397567808894
61.0,78.46907123166034
60.0,59.93446677499793
60.0,77.85880632704556
50.0,49.68436459075025
50.0,79.859375879234
70.0,76.91205587087273
70.0,77.7219146697231
66.0,69.18260804459851
66.0,63.781889445791535
73.0,77.76107775325602
73.0,63.38494978351946
51.0,53.41396302200832
51.0,54.8684511623473
72.0,78.08247024261448
72.0,82.55312532359613
70.0,74.73165523332801
70.0,47.6545497922105
63.0,65.57904437195634
63.0,81.41491679446284
66.0,72.63028528884433
66.0,34.168689774802544
65.0,68.23181479639163
65.0,81.76405987366479
69.0,73.22704272366929
69.0,57.203410892930435
66.0,71.89939121335351
66.0,68.3361568372988
66.0,66.60551725893532
66.0,11.195611110903826
48.0,44.91037448716315
48.0,39.883536019582664
45.0,46.036231778905346
45.0,35.46220711253636
31.0,33.196171310719365
31.0,52.07272324670856
64.0,69.8024553380996
64.0,64.12077372378366
68.0,74.74482645709793
68.0,68.670220583039
60.0,62.578514705188866
60.0,69.46132239079117
66.0,75.04626830810605
66.0,69.1070457047785
65.0,65.67342489307396
65.0,58.498615283096
62.0,64.0958798210641
62.0,2.6368210851815093
63.0,70.18662234013851
63.0,56.65705495843298
19.0,6.542620603216449
19.0,72.34553226883475
65.0,67.65722920672079
65.0,66.48788780409046
66.0,66.87760076839777
66.0,80.66484347907323
77.0,82.11774654217896
77.0,37.478174714234285
74.0,78.72497951709533
74.0,34.46531731105057
61.0,61.99234924347388
61.0,77.35564734489503
51.0,58.075456918778514
51.0,70.74708637770698
77.0,83.20097670030049
77.0,71.46142432824729
38.0,34.73511939655691
38.0,60.36958553959499
37.0,37.85385816716382
37.0,40.25317199692694
49.0,48.68098785967305
49.0,55.820065157187685
60.0,64.43661123448243
60.0,68.89948191019442
50.0,45.40637519712135
50.0,59.11654867325416
64.0,67.10095710743013
64.0,55.60423422879194
74.0,79.5785256305088
74.0,70.56533467815132
62.0,71.52571910270717
62.0,45.86019209692381
62.0,68.79040652726968
62.0,81.60966262771848
68.0,71.67604459084214
68.0,36.863526797582495
55.0,59.15918684014645
55.0,90.53082706116044
61.0,64.25464917392378
61.0,23.144967699839924
58.0,56.64579886121646
58.0,45.87441685393458
63.0,68.47101833455855
63.0,65.81764693074922
74.0,82.02985213856971
74.0,62.978528255847095
23.0,28.735527419920345
23.0,44.72341400785564
71.0,75.95275274816714
71.0,39.32368416786784
73.0,76.11717280394902
73.0,77.97615018977586
66.0,69.81196533208202
66.0,26.46088128586456
74.0,80.13072378145358
74.0,84.87111130760826
66.0,67.80007913402403
66.0,73.18281878408447
58.0,61.014636339615606
58.0,68.84165120212378
66.0,68.37119116038178
66.0,72.12996904110207
70.0,75.83071910632191
70.0,54.025715542843784
52.0,51.525205204200745
52.0,70.9939021406405
61.0,68.97484947854446
61.0,52.16576104903072
85.0,92.04774829456159
85.0,67.68362058646102
42.0,36.0400442804401
42.0,73.50823353494707
72.0,77.29157651595642
72.0,67.1819730439808
70.0,77.84988069758805
70.0,24.965400344186037
72.0,79.04423004790146
72.0,76.58045833274241
67.0,72.03987767638483
67.0,60.77800288354956
71.0,79.67076123839666
71.0,79.10903568798852
48.0,41.81802387955747
48.0,71.00035026845887
69.0,73.26196606899532
69.0,26.78433237435837
62.0,69.89869094659497
62.0,46.320889302314924
77.0,84.29775409531703
77.0,72.9019670911826
70.0,73.67912673418118
70.0,81.13104521033961
42.0,37.388220704785624
42.0,59.87524596243395
61.0,64.4201663314447
61.0,27.063795145572783
67.0,73.27182590016122
67.0,40.981550801668504
25.0,12.722989314264112
25.0,35.09036436916978
71.0,78.54671837461166
71.0,64.41631113185616
64.0,67.57648649550157
64.0,6.8984440285166215
69.0,74.62389890726479
69.0,39.981247011180244
76.0,82.5336605268875
76.0,68.76199237650275
52.0,53.31470921672434
52.0,42.55662592926302
78.0,84.25761390838113
78.0,83.12668056126591
31.0,27.33696642842125
31.0,78.51487234026666
43.0,47.71800627977035
43.0,70.14815998334001
45.0,48.30404315738741
45.0,27.213946281896312
74.0,81.86175672704837
74.0,72.0347149835469
73.0,78.21915422016383
73.0,61.93467966845776
59.0,56.121135693285964
59.0,44.92051534896581
76.0,85.32214930850114
76.0,76.4908685619111
46.0,42.33889367610203
46.0,38.13314812900626
64.0,63.19379052046901
64.0,67.24203402408767
73.0,77.96482098909064
73.0,38.84545194891626
61.0,64.29326890561856
61.0,27.589332510767406
66.0,71.22169807619315
66.0,51.03616759285961
47.0,43.778334308935996
47.0,67.48913129843004
71.0,78.81117807688327
71.0,68.2499605193658
68.0,71.39175878295885
68.0,70.78485062404394
77.0,84.11659066985357
77.0,59.368880887262605
44.0,40.57024029515219
44.0,81.99273398941335
61.0,63.04216624986833
61.0,64.99075139041389
31.0,33.0020989065074
31.0,57.15374202044825
46.0,45.60180010524522
46.0,70.94537712856516
62.0,65.54986405278106
62.0,75.62334975108575
73.0,75.38563684956824
73.0,75.4311072328411
68.0,71.35355242890216
68.0,57.93512031891578
34.0,34.96840723768685
34.0,26.67832458814695
80.0,86.25841812209927
80.0,71.08554012327374
75.0,80.64965983549206
75.0,71.35924653867295
69.0,73.96824411502024
69.0,33.33431215442886
59.0,59.18496082781223
59.0,68.07379025275299
55.0,55.92602874490137
55.0,41.4134048135204
76.0,81.30071571507904
76.0,81.95194166883493
40.0,46.58199902184509
40.0,75.56241879559434
45.0,46.66749631006559
45.0,78.75650059625508
52.0,53.0802297217644
52.0,75.56828140815509
65.0,67.09095325964068
65.0,23.185293759325134
68.0,73.06078344292104
68.0,49.211400999793625
65.0,65.79006910257408
65.0,86.1326455938489
71.0,74.30356904342034
71.0,80.53619281553586
72.0,75.11030568290124
72.0,68.26040525861202
69.0,78.31702788818762
69.0,26.602673445772894
81.0,86.74143816256765
81.0,68.49333905016374
59.0,62.83257957834121
59.0,82.15870065391715
17.0,17.23988647512209
17.0,75.90671738645926
61.0,61.804842535622754
61.0,21.092364562712362
41.0,42.597716874006665
41.0,73.85237827780242
49.0,46.37966804142002
49.0,62.801766646787826
64.0,66.55058587929898
64.0,67.51365559647166
28.0,25.773872226971378
28.0,66.88299767846257
55.0,61.21249986344441
55.0,82.58378119986122
46.0,47.644958423982246
46.0,73.72161060305962
50.0,48.519089182835785
50.0,36.8989299077607
33.0,23.568395158160286
33.0,62.89463211059342
56.0,53.70947979095138
56.0,66.82570812170462
73.0,79.72145987892162
73.0,75.96091131967336
64.0,67.87404923894695
64.0,79.99430351411746
43.0,42.96310843411146
43.0,61.549599368008785
65.0,66.2062949712888
65.0,79.19925598289217
76.0,80.94316860763325
76.0,64.0489192363708
58.0,60.3339749878898
58.0,83.89496847342832
25.0,31.204005816255346
25.0,69.15005134939531
60.0,66.95683695097722
60.0,89.0900229313159
76.0,81.70010191573402
76.0,37.99844073886038
56.0,55.08550350971308
56.0,23.444970690393177
49.0,51.256328024348534
49.0,63.28327815823587
62.0,65.1371296661215
62.0,38.15831961856128
74.0,80.89335075737199
74.0,77.55321470000956
59.0,59.27337769375032
59.0,45.231854379408844
46.0,49.78282982086313
46.0,60.91726969572409
54.0,51.429718424674604
54.0,35.39743601422009
74.0,80.38179527646747
74.0,22.167869982594596
38.0,43.160923836065535
38.0,55.320484735111904
38.0,36.425056746942005
38.0,-1.333191625057168
53.0,55.3455797112228
53.0,75.84478859229995
55.0,52.28606310664071
55.0,23.78242360339476
66.0,71.16704853029978
66.0,44.98278372595564
62.0,66.04353949100766
62.0,56.89730426442486
84.0,88.48029033850071
84.0,68.47176857200822
42.0,39.92634692331882
42.0,38.485564040030965
54.0,55.7215150074162
54.0,85.70175105464693
29.0,32.507372172745306
29.0,77.72349058695653
70.0,69.76674147281767
70.0,41.24390366493623
53.0,60.09726542897846
53.0,75.02354677323967
65.0,68.36530923788627
65.0,77.58410281589539
62.0,63.21796872437238
62.0,22.280238664195622
53.0,57.73982364989837
53.0,86.09409327884157
78.0,86.13701612493259
78.0,43.54028717756512
61.0,63.659807323365044
61.0,36.95563453276765
59.0,65.83154304562981
59.0,74.91548778089128
38.0,38.74629219714211
38.0,67.50184731599666
58.0,55.61391124637629
58.0,86.87136692902874
75.0,80.48837906761202
75.0,79.03559934471338
52.0,53.513764150164434
52.0,16.577707305426372
68.0,70.00302685759704
68.0,78.60945178461714
57.0,59.72346264142061
57.0,72.47927238980571
59.0,62.431971150276524
59.0,72.2208318199053
71.0,79.00698813929426
71.0,79.61348480977074
74.0,81.19538128811729
74.0,23.506849143856982
71.0,78.01374834102774
71.0,71.5257060488376
77.0,83.35372224553328
77.0,48.51959778555994
60.0,62.7707541818819
60.0,48.56876716952337
53.0,59.509080862034125
53.0,74.13724582263387
61.0,66.0215609679837
61.0,34.66973277290663
71.0,76.45349973322226
71.0,58.51742722844449
67.0,71.12804315351269
67.0,87.12855262435818
51.0,52.02588319738504
51.0,47.094671793002476
30.0,24.281155412797034
30.0,66.92479675585776
68.0,71.55640238200459
68.0,81.37931983868134
69.0,74.56446424127381
69.0,20.325542456960818
79.0,87.46782959257297
79.0,67.42275296588718
67.0,71.35524488567228
67.0,81.98810286922622
47.0,48.45017648173638
47.0,69.83059643425509
69.0,73.54716903516567
69.0,51.001225042994065
71.0,77.50166368392792
71.0,52.93335910396996
52.0,52.66608479459961
52.0,23.61322044971024
52.0,47.6545497922105
52.0,70.29936046537023
64.0,69.0061803811326
64.0,65.25805918079982
68.0,72.5172502934443
68.0,65.57680781549425
75.0,82.6033288947188
75.0,25.469509739474347
44.0,41.78279311865947
44.0,65.58489461061106
48.0,43.00769202671057
48.0,74.65547718231585
62.0,63.77769411072137
62.0,51.21377580019367
59.0,65.10374341618922
59.0,75.61842835894078
44.0,45.78582956272567
44.0,72.19901439449046
72.0,77.169658952166
72.0,77.84973375289968
71.0,77.84232547336939
71.0,62.60351849803408
76.0,82.60303087672298
76.0,49.32355514049692
72.0,74.73017826180086
72.0,73.09959894325812
66.0,69.93565719355558
66.0,73.05761519270732
76.0,83.11886272181681
76.0,75.72811828637197
63.0,70.75317089287586
63.0,43.226722221387774
69.0,76.6120458191233
69.0,48.87785066895378
60.0,61.46550197363797
60.0,81.42061449777628
27.0,24.075552119190036
27.0,7.121929172418561
60.0,60.176339461301836
60.0,60.753480295569375
59.0,60.91491540735257
59.0,51.47908169215219
61.0,66.05743214029309
61.0,54.91093710888998
77.0,84.83839830707478
77.0,87.41530451714323
50.0,52.45577429737705
50.0,80.30713632676839
70.0,73.3825600186558
70.0,75.50429026379175
55.0,55.84444830858837
55.0,75.57139312155869
29.0,25.933914874285563
29.0,74.96413226148644
42.0,43.81315727730856
42.0,70.49009582367233
75.0,82.85413201057582
75.0,86.03011418587016
81.0,89.74964255504887
81.0,72.01194508583882
54.0,59.71658773604702
54.0,71.87976348957278
30.0,29.407144162430768
30.0,57.95839210800045
27.0,24.2574990078935
27.0,35.99768373322678
44.0,49.0848983059181
44.0,86.79940825452064
75.0,79.76925513302939
75.0,75.5389397818978
35.0,34.39922871284989
35.0,59.19308764662975
80.0,89.62125268360853
80.0,66.04863903659043
68.0,69.38153008986154
68.0,61.772299975261035
80.0,86.12051563903628
80.0,68.17706214039305
44.0,34.46824910832362
44.0,75.56257443553545
79.0,87.62566283331
79.0,84.99021942739182
66.0,71.69888552426045
66.0,70.10986460623604
62.0,65.07962457381922
62.0,68.23861327039589
64.0,69.02443175323799
64.0,85.25931001040215
72.0,76.47107917373614
72.0,68.84885249836583
66.0,67.44112139138105
66.0,60.36468540672507
78.0,85.67495924562473
78.0,61.40852392028194
63.0,69.663725209804
63.0,80.64881023091493
58.0,60.19911436145509
58.0,64.70803803270127
79.0,88.44819178722025
79.0,64.33662997121291
68.0,74.96778405212041
68.0,72.12219616393168
54.0,62.11672806689779
54.0,74.5065733537416
79.0,84.4804880713703
79.0,74.14109654477403
70.0,75.23843622730448
70.0,79.97773797436173
50.0,48.64077668268499
50.0,24.434508299175945
75.0,81.61702219504849
75.0,80.34026432928249
74.0,75.74096348013819
74.0,82.13152210871266
65.0,72.41354962063036
65.0,86.89422736449467
70.0,72.36551973566304
70.0,75.6496002989623
66.0,71.58957390544276
66.0,69.73694186733542
64.0,64.75499094668015
64.0,67.71434313009928
59.0,64.21757901679752
59.0,85.6323915523003
60.0,63.428415547667214
60.0,65.51983965456134
72.0,77.4006396483287
72.0,83.05125491315744
65.0,72.78858155345858
65.0,54.6849390273772
43.0,36.82576763196897
43.0,74.10351620056025
33.0,28.245082543687033
33.0,66.0620033173297
59.0,58.60143387053978
59.0,51.28139262024678
77.0,85.53631775879484
77.0,63.4759931770883
74.0,78.90546466353629
74.0,42.85205553582898
25.0,22.660599883147086
25.0,49.75529641291121
81.0,89.83963618113188
81.0,52.292255454216615
38.0,30.142264598890506
38.0,71.67118509785183
67.0,69.82027032353619
67.0,51.81722189859363
56.0,61.801955114306054
56.0,57.59016551000474
58.0,61.52986735140479
58.0,60.539571468612564
54.0,56.97182923752388
54.0,62.6079965078427
70.0,73.99176346648511
70.0,71.29655713620963
63.0,66.24200117859846
63.0,45.448184760144215
51.0,50.033885874790144
51.0,65.6968861011307
43.0,42.59760969360542
43.0,55.2749452509924
68.0,76.21583942707673
68.0,88.69085778224132
29.0,26.829982215671635
29.0,73.12568198516755
49.0,44.788672489164355
49.0,77.80652221773119
75.0,82.65118763635951
75.0,80.9840549798763
38.0,39.602654709112755
38.0,74.10894360536452
53.0,58.15708433482763
53.0,46.84944912133875
75.0,82.21226188084017
75.0,74.30757872433168
67.0,72.8180981140165
67.0,30.09489095920884
70.0,71.83013399152452
70.0,40.90073235276162
74.0,79.4062393486168
74.0,39.84814418664013
30.0,23.457738875574933
30.0,51.18939613893099
62.0,65.93403470302178
62.0,47.26989704020775
57.0,58.24548197562166
57.0,76.71564779146013
61.0,64.46776313083319
61.0,51.60346945270163
65.0,67.66052083482191
65.0,77.25545385152844
62.0,68.61086428313553
62.0,78.55329077572708
50.0,43.755644955014304
50.0,79.43764152918715
57.0,53.858199342849446
57.0,64.227947746224
71.0,76.69645640371664
71.0,52.75197543081299
44.0,50.13131170129509
44.0,80.27878814797714
68.0,74.74064901637882
68.0,81.47930555837775
22.0,17.608490219345413
22.0,43.563540168612235
46.0,43.189531701948226
46.0,64.91718747385164
51.0,52.00421879101634
51.0,49.90678566848874
40.0,31.18247867676621
40.0,71.92483422725292
68.0,75.11557956190148
68.0,64.176198080218
69.0,75.37219891076325
69.0,72.97659135834073
75.0,80.9767978642804
75.0,72.75213823614365
49.0,46.8339262367665
49.0,73.41845505887369
73.0,81.20163419258864
73.0,78.19061228130863
51.0,49.23009901296882
51.0,74.77507073436715
70.0,72.78279674323358
70.0,67.26514888298215
18.0,24.063916163099805
18.0,73.1340417395657
39.0,33.12163879856445
39.0,49.80448598363546
42.0,42.493928570084734
42.0,40.70782949543718
43.0,48.87903379094848
43.0,51.118324340279855
62.0,65.05698696402067
62.0,73.05722299548148
50.0,53.14467553037082
50.0,70.86380704773171
61.0,60.9350684645114
61.0,91.90398819911883
55.0,60.0242323672673
55.0,58.22569165343663
65.0,67.68197366089947
65.0,51.86775279788759
61.0,62.18566293614964
61.0,25.27870012586908
61.0,60.85844366540056
61.0,67.81517696790883
75.0,81.39909093780244
75.0,4.8390119131177585
72.0,76.64845893747935
72.0,78.3055815542964
71.0,76.79281947112156
71.0,78.7039672366887
73.0,77.37132743016741
73.0,74.018092677749
67.0,71.49709672128404
67.0,81.19131220313096
40.0,27.590908670763156
40.0,72.25509432734151
57.0,52.71976811900919
57.0,21.838375259720237
66.0,72.07888490312547
66.0,74.45021793560875
74.0,82.01144046844337
74.0,76.45202118170232
52.0,54.73502687871411
52.0,79.7630915736504
71.0,77.34876029759084
71.0,67.04830254338975
69.0,75.33079291170793
69.0,70.97425555314868
20.0,10.248392960004821
20.0,53.034678274067176
60.0,64.72269335168409
60.0,55.00367908120677
54.0,57.362725480232314
54.0,72.66984016091595
56.0,60.18533920484788
56.0,66.96960469061423
48.0,52.3912682755863
48.0,74.3788888361355
68.0,72.24421639277352
68.0,59.77740912145697
46.0,47.300364284661214
46.0,90.09095883113639
58.0,66.21732595902017
58.0,45.898319367214185
63.0,68.00045585068443
63.0,53.74085294284214
63.0,69.02019966213084
63.0,30.804292212381938
55.0,55.64270626677785
55.0,38.0906783056501
71.0,75.20746699958545
71.0,78.68240658356956
66.0,66.49337630917665
66.0,62.79350107756477
31.0,27.931917593489175
31.0,76.80534219921157
62.0,68.5290042541206
62.0,27.33422799850871
54.0,57.76453529675683
54.0,59.85306825302547
69.0,75.994476241727
69.0,82.6733891636942
68.0,70.20553886809188
68.0,22.102536355521636
42.0,41.22232399172066
42.0,60.759381538481875
64.0,69.03640058191752
64.0,19.34393084015312
77.0,82.51160918366236
77.0,31.87287424956537
67.0,73.34315009074419
67.0,40.063135756215274
71.0,75.08143245809356
71.0,68.48123768878042
25.0,17.444789955489966
25.0,69.64187565141992
6.0,4.461121327222884
6.0,67.52982201703941
55.0,57.692632215669164
55.0,61.53494111810028
83.0,90.93039394087305
83.0,26.692651394978327
53.0,58.49118455100057
53.0,56.70684893476755
51.0,45.4672565391117
51.0,14.208766775822028
50.0,45.061274405234315
50.0,74.92341145411882
63.0,68.30031865216591
63.0,65.02400155860948
64.0,65.59176383644245
64.0,67.48132217508373
61.0,65.24145672830088
61.0,68.4209584801963
55.0,48.486813723136095
55.0,28.278557421951177
67.0,72.07844499866968
67.0,57.5745059254495
58.0,55.785224505796975
58.0,67.19377314559466
75.0,78.62073720217717
75.0,67.91284594182076
51.0,50.80750391691578
51.0,77.8404326947018
72.0,78.90413770123399
72.0,50.95716785903136
58.0,58.56798193723114
58.0,76.25113411836054
26.0,22.9573715732281
26.0,41.51502516248411
38.0,38.19283321356062
38.0,49.2118082622805
67.0,71.76602786772042
67.0,45.4781183531685
42.0,38.656090910607645
42.0,75.91669234934619
74.0,79.39501433850495
74.0,48.55663449843661
67.0,72.0598861196051
67.0,36.21956482230439
61.0,64.5657824966782
61.0,43.10547618834016
54.0,58.748457853770674
54.0,77.98843684879006
68.0,71.70134027992549
68.0,73.26766916127389
58.0,60.85237621528381
58.0,19.36482180696993
63.0,61.807155351495965
63.0,75.03045152168283
9.0,-3.1985819047724817
9.0,73.84771832828187
62.0,66.01162209889901
62.0,26.749070203821248
65.0,67.30182585318391
65.0,75.56506364621589
77.0,84.21282836620833
77.0,21.502606466394127
56.0,55.098643132593224
56.0,35.85351338842253
19.0,21.838375259720237
19.0,22.549756714630803
53.0,52.83159383924169
53.0,78.11506299303949
73.0,77.6332940286585
73.0,60.760218730089605
83.0,91.7441710904402
83.0,85.16977208224876
62.0,64.75886105222895
62.0,69.98210173883876
58.0,60.8001732635222
58.0,85.21459525764612
67.0,72.00265438538293
67.0,65.68613106153691
65.0,66.58622068705847
65.0,79.77614764072285
56.0,52.9631340664302
56.0,69.10716751086727
71.0,74.9159896272077
71.0,56.54207269593627
75.0,80.84391273225651
75.0,81.4294042946081
44.0,46.27918428634666
44.0,72.16840719456303
43.0,46.574618610540654
43.0,67.05512109748702
23.0,12.754217894814587
23.0,61.43475141882709
40.0,31.12060972832421
40.0,87.36012911774401
53.0,49.38396762848049
53.0,78.70020340559955
66.0,72.23024606569476
66.0,69.77465871488522
64.0,69.68987722246447
64.0,67.66853450134147
83.0,92.45364288695737
83.0,71.60030475790973
65.0,69.50495291797768
65.0,65.55502017795317
47.0,49.49702813399227
47.0,51.07476720364559
80.0,85.23611560190119
80.0,32.580778042079714
54.0,57.326571562458184
54.0,58.414204816781876
70.0,77.14344402999023
70.0,34.3923530692968
67.0,73.22937518982383
67.0,6.183043985720303
42.0,36.983274805900464
42.0,23.868213420948052
45.0,44.11570083150178
45.0,75.74055762408477
21.0,22.707616566298043
21.0,77.346276094156
54.0,52.874423345670834
54.0,49.817008298863755
67.0,70.13694300154373
67.0,56.10104671865622
72.0,81.331933380019
72.0,78.6504735594894
77.0,84.12952847794384
77.0,81.29631214089272
61.0,57.791832299237285
61.0,57.94042356081758
57.0,56.3614531587433
57.0,60.196382844468246
66.0,72.02856443161897
66.0,78.1164733951112
44.0,43.68116440036863
44.0,70.2070557578939
76.0,82.81436373102679
76.0,83.9092569183187
76.0,82.31415087489796
76.0,27.335520740072184
56.0,61.7833241312826
56.0,61.11128175097383
43.0,45.32629868753503
43.0,76.64112850365956
68.0,72.19299619988118
68.0,69.45971213246855
64.0,68.4857704014745
64.0,82.9821354417927
55.0,57.177845884019746
55.0,55.9888013051779
72.0,77.31019910918178
72.0,58.42913293168499
68.0,67.41155324839667
68.0,38.526015516189034
26.0,17.473525877744976
26.0,65.90435962495388
48.0,44.320379862369236
48.0,62.617042809851
58.0,59.70477010064286
58.0,8.789393861230735
56.0,59.39502648390106
56.0,70.16051027114503
44.0,38.17063700682297
44.0,1.627633842682826
47.0,44.4388661775111
47.0,80.65237111066028
50.0,50.879383618530255
50.0,42.36285897122934
44.0,41.52420665088573
44.0,47.43539883179966
57.0,60.382391211838865
57.0,32.568384337223335
76.0,84.20263576011735
76.0,66.19472676328127
63.0,62.61899258156751
63.0,71.64086400167702
55.0,54.60320311220107
55.0,73.30458961157268
70.0,75.71889169660068
70.0,75.96174635488825
50.0,55.590197799716805
50.0,61.421042743838996
40.0,36.29891774192248
40.0,76.6554102630592
74.0,79.07223751501249
74.0,52.06350805423182
41.0,38.50805479452265
41.0,75.30003051830107
57.0,52.738713601856546
57.0,40.499582204714216
72.0,79.1033454391137
72.0,62.66852860153392
46.0,47.43539883179966
46.0,37.061426601815356
42.0,40.08364080504117
42.0,37.62686908511057
79.0,83.8307615650595
79.0,72.44942626463217
67.0,72.86998789359592
67.0,39.53471611745971
70.0,77.29677353996709
70.0,46.60828290526837
60.0,63.34892140895215
60.0,73.11716372297337
25.0,17.417258262481198
25.0,45.64499462351159
54.0,60.31274230965721
54.0,71.37085497523242
47.0,46.257581833698
47.0,60.098682783871936
65.0,72.72631735909647
65.0,70.81975228699662
75.0,80.4506961126628
75.0,62.707903652044536
17.0,10.30060987472342
17.0,54.86087928204705
77.0,82.63605818868939
77.0,52.9862575109384
70.0,73.11799164363123
70.0,71.23414238664668
55.0,53.94928994629561
55.0,22.6581822601932
87.0,96.89724867962997
87.0,64.95775420099477
79.0,86.40766240917105
79.0,39.23763824541345
56.0,57.29452329872203
56.0,86.49145901772141
80.0,85.76168072138233
80.0,76.03534761269447
65.0,70.77685971607133
65.0,65.42011063691461
39.0,38.07957879325056
39.0,44.38937740134821
15.0,25.225208576249088
15.0,77.96744710048944
74.0,80.2593915493573
74.0,49.87957135941309
76.0,83.14050544169567
76.0,74.5865666152502
62.0,64.78161143454162
62.0,50.15059819743027
59.0,60.34260739760157
59.0,71.18338490859986
40.0,41.069407521739265
40.0,79.62194218026576
57.0,54.21280354142948
57.0,80.2892914150753
79.0,84.56854826374143
79.0,85.12481230507387
72.0,75.60758979434252
72.0,68.40310819164631
68.0,77.92922892187255
68.0,72.17405859515367
62.0,64.29558743968954
62.0,65.12940877875604
49.0,50.64907293203237
49.0,58.93193919377768
54.0,55.10106493675079
54.0,65.80025289123881
50.0,49.66688712998814
50.0,44.15692018968946
77.0,82.87618249448047
77.0,75.79893451531251
66.0,66.9715537513843
66.0,26.448830763358842
15.0,9.141613318337932
15.0,31.0070692756442
75.0,80.98541855616816
75.0,70.77250203749844
76.0,82.01281578636588
76.0,24.513282430292293
58.0,61.92789623480763
58.0,50.91276405510581
70.0,74.10162552745095
70.0,42.298499186037475
52.0,57.764923698262805
52.0,68.73825642395389
63.0,63.33086210370351
63.0,62.789920683548644
74.0,82.26495584172523
74.0,36.469613521807275
53.0,47.950798552681704
53.0,46.89538884133873
73.0,77.19960595641373
73.0,37.9990990242531
78.0,82.69314584010527
78.0,89.61192099357163
51.0,50.89566848339513
51.0,66.83035475493705
70.0,79.54531559237762
70.0,74.45676121980637
53.0,52.43861913681417
53.0,71.00228874242123
62.0,60.0948797193459
62.0,25.252705573631374
70.0,75.82595864506595
70.0,38.613988049470265
60.0,66.22619005923855
60.0,68.23326970315446
55.0,59.884550726888676
55.0,87.08032401485127
73.0,77.16079917340329
73.0,61.07319294152035
36.0,26.12321755205801
36.0,77.44765128788555
46.0,50.98775638699834
46.0,70.05499860933725
17.0,17.41735446968198
17.0,82.62360019197308
63.0,64.65260330275851
63.0,80.65598771198819
59.0,58.301081998292034
59.0,32.760731431773024
75.0,78.9140575510479
75.0,74.98602443822978
75.0,82.64759013306582
75.0,74.33516412246473
75.0,83.91010945220597
75.0,87.76408791493486
64.0,66.28061675845584
64.0,73.01947723632657
73.0,78.7387397192814
73.0,55.787076526471935
67.0,73.0728264956062
67.0,62.50898185161094
45.0,37.78272308045359
45.0,56.69784480994622
81.0,88.91598696550454
81.0,80.45528216494574
75.0,79.62181423160501
75.0,43.17646365488628
60.0,60.94736917916174
60.0,73.9291303109157
71.0,77.42429006128845
71.0,52.39970580218318
65.0,67.73731413085665
65.0,75.74620696478405
66.0,70.2533780942415
66.0,58.138109829231496
69.0,74.22221482377597
69.0,59.37354274195235
69.0,71.98671223598518
69.0,56.55471874102318
69.0,76.00985252891559
69.0,13.831293966954945
26.0,27.394475303370825
26.0,72.43465716669277
79.0,85.96213228303196
79.0,58.68112767456148
74.0,78.30454227024183
74.0,63.538889486098185
38.0,34.75124455378477
38.0,13.855866185803563
64.0,67.16134715638077
64.0,73.25722840033251
58.0,60.59494949504318
58.0,61.73777553604788
59.0,62.16104576900619
59.0,73.17937131956842
54.0,53.28878660276786
54.0,47.230380731932314
34.0,36.208508150789726
34.0,28.850134930076308
71.0,76.4109708229214
71.0,74.88649470415436
76.0,79.91598576382705
76.0,70.77340249175569
43.0,42.796134802938695
43.0,72.06632557859865
66.0,73.85258422416439
66.0,43.313334820307944
36.0,32.467470639204635
36.0,68.64833908926249
67.0,71.87999444498172
67.0,72.85302494991208
42.0,44.41738496818999
42.0,35.337029180526315
71.0,77.72246717999928
71.0,65.46026771057808
65.0,69.22253324031698
65.0,79.42678836057229
54.0,54.40192730420773
54.0,50.38733796832264
56.0,58.03957791695626
56.0,79.19966817401422
38.0,38.68325692494574
38.0,88.04135904885129
70.0,79.90477632204875
70.0,79.03242531331529
72.0,77.24008317112788
72.0,71.43274488354456
53.0,54.56879007548963
53.0,78.60365504509559
61.0,61.80872790412178
61.0,80.33734559830998
66.0,67.45107395916449
66.0,69.01415305869034
78.0,83.36526443202644
78.0,76.27190099052899
57.0,58.96381179203058
57.0,80.27692580031095
67.0,75.06478327886936
67.0,58.67524973842171
70.0,77.43437673970459
70.0,34.001164058583356
66.0,69.26249173070852
66.0,80.58021097696133
73.0,77.25049652898912
73.0,91.89661769728355
54.0,52.293667813148375
54.0,65.26467413438934
32.0,25.34060023988809
32.0,36.16578179935914
69.0,72.17100464762285
69.0,73.3744864967523
51.0,55.643893930815295
51.0,57.66372667869007
71.0,78.52180163283003
71.0,45.33878975248467
66.0,70.34754385207776
66.0,80.0607357414899
58.0,57.68038664121167
58.0,61.29114431532264
57.0,60.31587889746032
57.0,66.60532562041135
64.0,70.3160938410465
64.0,38.751987191511375
62.0,66.02463303650029
62.0,75.34469512421538
57.0,57.018660421528296
57.0,67.47021440748279
53.0,55.97120639110824
53.0,68.27509666624297
64.0,67.83474184573112
64.0,65.22949487584691
82.0,86.42771669680155
82.0,73.96207481921232
49.0,53.54567096273411
49.0,31.278734655776873
48.0,50.46873988735831
48.0,42.41914451991903
67.0,70.8495589302334
67.0,55.07605928177861
42.0,43.66029520438235
42.0,68.38166081399572
68.0,70.19468307708365
68.0,79.16321180040063
69.0,73.1059674862334
69.0,86.90211195818358
25.0,16.94397311564819
25.0,55.020531615035395
71.0,78.05070466270439
71.0,67.43692976835871
72.0,76.74414553380944
72.0,41.87480544554029
77.0,85.40216926503138
77.0,20.40059625031381
63.0,63.55997385611386
63.0,78.21795759352659
64.0,62.847612401373
64.0,47.95756228837337
68.0,68.72307457050812
68.0,74.9321235457063
70.0,75.60553633475172
70.0,62.96973722785418
68.0,70.86935233272607
68.0,41.76395006636079
40.0,36.83261248567379
40.0,88.46698536015367
71.0,77.78363099102467
71.0,40.20582907563113
53.0,51.05860229694093
53.0,70.17445097054195
79.0,84.97250017074771
79.0,55.963377334328015
68.0,71.0883549344133
68.0,83.07147090794757
69.0,72.59685445746845
69.0,69.73442290661518
72.0,74.77823825937242
72.0,72.85005353020807
70.0,73.43176581639784
70.0,82.33729544714049
68.0,74.90195246358587
68.0,56.51578189865677
58.0,60.96034855354134
58.0,47.574264196714864
64.0,65.27782091399558
64.0,50.56381905000467
67.0,70.16117818157011
67.0,69.69344827379348
64.0,65.98266169242265
64.0,70.50265314288737
41.0,36.91688330895562
41.0,80.0204392345492
60.0,61.960816521619336
60.0,69.46073280800391
65.0,71.16990013914801
65.0,46.235888192732034
60.0,63.2757942606047
60.0,37.03878048926612
49.0,46.54365740968018
49.0,40.784978856073735
17.0,17.41735446968198
17.0,83.95490870572036
71.0,75.49847335437153
71.0,58.77855975406709
64.0,67.67089569154399
64.0,83.618137062821
71.0,76.69752705667213
71.0,26.045656592387218
52.0,52.34829191085424
52.0,60.02667328611625
19.0,20.804535238305448
19.0,59.19064882380519
49.0,50.55274450915272
49.0,78.90968203546572
26.0,18.629606363518576
26.0,83.18145684547574
63.0,68.08239977081746
63.0,64.72347887628251
26.0,25.05096158064447
26.0,55.95298558096226
14.0,10.716109234265275
14.0,83.35573203767188
47.0,49.12415848620964
47.0,57.59492373740625
72.0,78.47048447428728
72.0,52.30925744417948
77.0,85.15977472791894
77.0,66.42028681975376
48.0,46.818629202139505
48.0,70.14626420928795
9.0,-3.1985819047724817
9.0,69.10918628177512
29.0,18.527532623813727
29.0,41.186651658716926
56.0,61.23057679993843
56.0,63.04579556054074
66.0,70.43117030601343
66.0,33.72698530453914
31.0,28.195371109589985
31.0,54.77627085743359
36.0,34.110548859780295
36.0,76.7881538545223
69.0,74.94787181963028
69.0,66.8359705836258
29.0,20.97019967854169
29.0,78.70952308150987
66.0,68.08414208159502
66.0,39.73803916767821
62.0,62.105866219070776
62.0,64.25734119526896
58.0,55.28014450151966
58.0,56.02445353191746
52.0,50.82096275152645
52.0,76.00982423324018
36.0,30.556584041442136
36.0,67.52457678202666
64.0,68.07379025275299
64.0,68.94158873173421
69.0,73.07572002766972
69.0,70.62247463319738
67.0,73.7852823170428
67.0,80.070081298177
56.0,54.69965149283894
56.0,64.05630429649466
58.0,60.88260187043858
58.0,21.70556570786482
64.0,68.04330869667797
64.0,67.99540555254043
76.0,80.78603339967776
76.0,75.5245801187636
65.0,69.71343942216191
65.0,70.66675756234861
40.0,34.558823676098825
40.0,45.1450621455607
68.0,67.8206643709645
68.0,60.19967684930191
68.0,72.71518137603925
68.0,25.50826066033295
67.0,72.0914552186889
67.0,50.286929172654766
71.0,78.29784443350513
71.0,63.214290097206
59.0,63.5972177518226
59.0,53.85917516618355
59.0,63.65216449495722
59.0,37.484472836798375
58.0,60.690374194347044
58.0,53.96482288480195
58.0,62.48591068074438
58.0,63.714561355698436
22.0,18.650667211563814
22.0,68.20457704297075
60.0,62.300739520331206
60.0,66.63083139548468
64.0,65.18699226207963
64.0,43.855627333404584
29.0,29.413674251641623
29.0,31.066923193036132
63.0,67.13046249619026
63.0,76.85710161763194
23.0,12.68098090985012
23.0,72.39559386864033
70.0,75.63509057901024
70.0,70.42375235324494
83.0,92.07589062140914
83.0,82.23520402721789
68.0,75.65006600905247
68.0,83.03969020309461
76.0,84.58437114277916
76.0,69.15704043179858
28.0,27.074539170283856
28.0,76.58623375488474
43.0,42.1084965330931
43.0,62.25673275358878
25.0,27.184943088301452
25.0,79.5014763266609
64.0,67.36817597832334
64.0,39.14974368316928
73.0,80.52946291308979
73.0,64.52609255566762
66.0,70.66002951028213
66.0,71.66171350553174
67.0,67.43503286998742
67.0,62.298359592415466
56.0,58.36639047469771
56.0,77.4779049198209
32.0,33.42243700547084
32.0,74.86592403934662
70.0,72.30225008982939
70.0,76.099033344075
68.0,72.20493961760155
68.0,81.53200626609504
65.0,69.07358665283829
65.0,68.02920190483513
73.0,78.09911464241799
73.0,70.07862182374748
71.0,75.47646876728334
71.0,42.33889367610203
24.0,19.25688693100824
24.0,68.62898658996937
81.0,86.84627210380216
81.0,42.40290126171408
64.0,67.76863966292524
64.0,81.11696686816157
35.0,25.69564661990819
35.0,64.18731710794793
53.0,55.8361102345213
53.0,63.37121216274153
59.0,68.3242074276281
59.0,74.67623388220903
74.0,79.11629730047406
74.0,68.19383205582568
65.0,74.33026783420064
65.0,79.68289888007729
37.0,37.56766756476122
37.0,72.88229646002827
74.0,82.87157302136956
74.0,48.141744186930396
72.0,77.9774448461078
72.0,77.02602650952184
27.0,23.07301557329106
27.0,47.917666218664294
59.0,64.77444730841933
59.0,89.05198653917631
69.0,72.80659285549461
69.0,80.57928320054748
45.0,52.4315665766249
45.0,74.75517684401945
66.0,70.78340620163647
66.0,67.80477394223777
64.0,68.87927733261057
64.0,68.77978490396237
33.0,32.53289410143765
33.0,59.11528352967542
78.0,84.78989814449591
78.0,65.29981109474795
52.0,48.806359902114366
52.0,81.44649048318092
67.0,69.85923112806609
67.0,59.98319942423842
60.0,59.2443184677889
60.0,69.09686999931523
62.0,67.47222209836463
62.0,40.35902720793456
56.0,57.29837358731146
56.0,57.137728068631816
24.0,16.37453975442378
24.0,58.07298275877622
70.0,71.68887609348138
70.0,28.040466393180225
63.0,66.85411996466735
63.0,71.56021113330627
46.0,49.14064003551556
46.0,61.328773933966716
73.0,78.15270632233108
73.0,61.02457286687087
60.0,63.64138448862212
60.0,41.93930158390896
75.0,83.06242092918598
75.0,59.16533124569793
65.0,70.2879764656791
65.0,69.6880124395023
47.0,44.27005961958497
47.0,81.55393219552445
29.0,26.783019227984425
29.0,65.05711955814775
74.0,80.54928411095648
74.0,87.04913867453877
72.0,81.0782457163296
72.0,64.61856453370928
62.0,69.37283978662765
62.0,37.183192837182446
71.0,77.02914807530601
71.0,53.20776284819209
67.0,70.74720472797475
67.0,58.01686302585159
64.0,69.85578849801726
64.0,63.90423268496687
70.0,77.21708990250801
70.0,42.4618203979403
75.0,79.45173527591072
75.0,53.90609874842198
38.0,43.121014110014755
38.0,0.037308230455266767
64.0,70.22480412614152
64.0,77.5328740546525
63.0,68.68334821925441
63.0,64.50625513145667
69.0,76.11452655169751
69.0,46.45444386832145
49.0,45.87189990127479
49.0,51.0829800184182
37.0,38.042961491298854
37.0,58.44202170153318
73.0,79.16284102262568
73.0,69.17871072733084
62.0,63.827468689756756
62.0,85.09286375861376
36.0,35.84984835146952
36.0,74.30587499693655
72.0,75.64941254017907
72.0,32.439738594384266
58.0,58.87571550174215
58.0,66.27428221785743
37.0,39.885406922873926
37.0,56.039070708903466
30.0,28.257452412419582
30.0,52.101308036286184
81.0,87.4757367173903
81.0,44.477001817149414
65.0,69.4079478944613
65.0,34.85610255514814
39.0,37.365150706470274
39.0,72.89701582115242
79.0,85.78016162593048
79.0,50.582867627891346
66.0,71.84955310317304
66.0,55.590096422045235
72.0,76.72504398706963
72.0,41.73346115295283
22.0,13.635623168472762
22.0,51.139727182747606
59.0,56.46944523718889
59.0,63.03309418406508
61.0,64.29850120887153
61.0,71.79863190633688
76.0,83.95628835129935
76.0,75.04467244684014
76.0,84.8414258267868
76.0,74.14403297195997
83.0,91.17711743679865
83.0,79.83324502850746
76.0,80.0841386255832
76.0,66.39374306589019
46.0,41.31906551736722
46.0,72.78630599416778
56.0,57.79442729205425
56.0,79.57066236863989
50.0,47.170475920888464
50.0,71.68528260746422
30.0,27.92725713696484
30.0,76.79933133784937
20.0,23.377713397985247
20.0,34.30619837671793
18.0,15.357933295127395
18.0,35.470848015319575
51.0,54.81103455327121
51.0,60.714080488985076
68.0,74.74909784340218
68.0,72.11529930372018
64.0,65.58263230009982
64.0,63.575728431183734
60.0,63.74708512117269
60.0,58.47777649363883
35.0,30.606657980269006
35.0,72.83880382733224
53.0,54.64014931898282
53.0,76.57078779809149
38.0,37.08608813016366
38.0,49.93705959012601
62.0,66.5250765803678
62.0,73.94309872131902
65.0,67.32267165280098
65.0,48.35132956886213
58.0,63.95618777334977
58.0,71.01031032579374
55.0,57.89326356884408
55.0,70.10718676814986
68.0,66.79930591484339
68.0,77.12155907070843
67.0,72.49821205074966
67.0,74.61428133665243
43.0,40.02749301054473
43.0,65.84009331221029
70.0,75.54695746514955
70.0,38.621369560057246
69.0,77.06616252165907
69.0,80.33211637585032
70.0,75.21371556181265
70.0,63.6332889325505
73.0,78.92967066662544
73.0,67.16069448455545
78.0,85.68104702279322
78.0,74.55532833593452
35.0,34.24823363232895
35.0,64.12489085536896
74.0,80.43920385363901
74.0,36.94726653866178
56.0,57.96203649863588
56.0,36.349272463591205
69.0,73.8114696058214
69.0,95.09761140689699
51.0,54.78771546578065
51.0,31.969098972327913
73.0,76.52660183016667
73.0,83.19658232373882
68.0,72.51713388441931
68.0,53.9077545144558
35.0,38.037548566329804
35.0,80.01928738045842
74.0,81.97566459024284
74.0,45.03848383803222
63.0,64.45958931073812
63.0,72.86661462631884
59.0,63.94297600351308
59.0,70.74898787341755
68.0,74.02924101572017
68.0,57.833747561900964
60.0,65.76748996884623
60.0,59.335313114194435
30.0,27.350650485293386
30.0,72.8296193373987
30.0,34.062549024306634
30.0,33.08843258697732
70.0,79.10847453071085
70.0,82.05828254033077
74.0,81.13810372994146
74.0,72.20713155184495
56.0,57.458863271086386
56.0,67.88793868524317
68.0,73.02948710949329
68.0,82.74559813777796
84.0,89.80634444820362
84.0,76.06285118182188
18.0,15.16964863642869
18.0,37.40863659680559
76.0,81.96164767210212
76.0,64.10229810266827
22.0,13.149493449591603
22.0,65.21110043123099
71.0,79.17184236694419
71.0,63.927106546786035
74.0,80.55822906493529
74.0,85.41475514769098
74.0,81.40648014910238
74.0,92.33696993353635
69.0,74.1954470895239
69.0,9.456657598630613
65.0,69.82510800722252
65.0,72.74030579500288
66.0,70.84795206338583
66.0,78.6133856404623
69.0,75.26102753095927
69.0,50.837636668882055
66.0,67.70247316127256
66.0,70.50101742138338
54.0,61.21422475802575
54.0,73.10234881806366
37.0,31.04219332610063
37.0,64.8514664174973
66.0,74.32697058889897
66.0,57.816827730310195
83.0,90.59551146064251
83.0,61.98585912897448
44.0,48.209489709004
44.0,91.45551890067213
64.0,65.40528974967708
64.0,82.6030346436695
66.0,71.11947526263822
66.0,83.08338593276596
62.0,66.3226052743604
62.0,44.645313689589045
55.0,57.928806086545535
55.0,44.84012645515651
71.0,74.29967304786169
71.0,49.53058042403313
77.0,85.463537979048
77.0,54.80293438140711
72.0,77.99105763126357
72.0,85.73799139870891
71.0,74.01306895315008
71.0,53.50500573669933
64.0,66.0263891692806
64.0,44.89464110628637
57.0,57.17076564539019
57.0,75.24949441763681
63.0,62.63275299989294
63.0,56.22816540989294
64.0,70.63569513469054
64.0,69.43546518615528
64.0,70.46747741104923
64.0,52.57612931897734
78.0,82.44518736748745
78.0,60.08635893599251
63.0,61.068680252372246
63.0,42.79955083956014
74.0,83.81020786285166
74.0,48.75825312166762
73.0,78.9258150681714
73.0,75.4532482166079
48.0,44.64361492273605
48.0,-1.333191625057168
72.0,76.86055467969516
72.0,28.9102378938652
65.0,68.62840098017148
65.0,48.586174164081285
63.0,66.22305290427488
63.0,66.11604261461889
72.0,77.6827173866626
72.0,60.63307279207129
21.0,9.76546282672814
21.0,62.90781444957423
63.0,68.05765637841625
63.0,58.841296651167795
66.0,71.21711399626543
66.0,29.82173863145556
82.0,88.59459798716983
82.0,53.91461010668098
74.0,80.64433312530974
74.0,81.48139620778824
42.0,43.34424096567494
42.0,82.98180834882078
53.0,48.06361432624465
53.0,66.48932620845869
49.0,46.5140761787203
49.0,74.6466282396961
61.0,64.41207535169917
61.0,72.45792922886528
62.0,68.01601546169223
62.0,74.60097023675081
79.0,84.36440264934248
79.0,44.11570083150178
62.0,63.5155737595818
62.0,77.40281967944378
58.0,62.11291304668549
58.0,62.06012158089487
79.0,85.74303353024538
79.0,36.21956482230439
63.0,65.5018336718133
63.0,63.34892140895215
67.0,69.71823836597991
67.0,58.38783905923498
71.0,75.48763156159578
71.0,18.363221076621812
72.0,77.6978838288419
72.0,64.47627767826668
70.0,78.5038015326171
70.0,79.63548670413269
47.0,46.4453411880645
47.0,56.544872040421126
41.0,46.42903470225093
41.0,80.10619391672788
65.0,68.0208313348175
65.0,53.69996245513778
62.0,65.98053517284427
62.0,45.394422768738764
37.0,33.13459849785261
37.0,66.52979504488525
73.0,80.41725119136532
73.0,46.644125060883596
69.0,74.37745370310853
69.0,19.605383488073244
60.0,66.11997791376768
60.0,72.89001579871058
63.0,66.82480594464062
63.0,63.75309284717332
75.0,80.1481684522152
75.0,71.44033252948617
72.0,78.80913809445843
72.0,57.89162481221234
60.0,63.15562499638082
60.0,68.49929395018285
15.0,15.797006212508677
15.0,73.67939933764359
32.0,16.558762126046304
32.0,78.56715751386008
63.0,67.10645443761143
63.0,67.05648092993744
70.0,77.05002314644526
70.0,72.82481558696566
68.0,73.96042197642697
68.0,81.8129218467742
68.0,71.93039359453161
68.0,66.3824322314187
47.0,48.595803406586015
47.0,69.04906624161828
33.0,27.420271083907664
33.0,68.87651296181048
45.0,39.42833408692479
45.0,6.728711118672095
51.0,54.99594722623692
51.0,25.090258392961857
45.0,46.02004496098118
45.0,45.69786218038894
79.0,86.58156501676291
79.0,51.58935866801289
65.0,70.00467758103451
65.0,45.119474274522304
70.0,74.48615553716485
70.0,82.34804834222888
74.0,78.94095959250404
74.0,82.71695164640937
64.0,69.36901162449897
64.0,35.88824818823559
70.0,75.17612353607393
70.0,64.78990872739479
35.0,34.83742742262734
35.0,65.32304434355228
47.0,42.87305362531191
47.0,57.85214194173636
53.0,53.54297596247034
53.0,74.39958382411885
67.0,71.53391440274527
67.0,46.05316009220064
72.0,77.69389457675277
72.0,84.38367794686138
48.0,46.240434001496055
48.0,76.01692143600428
67.0,73.36879203535295
67.0,63.20866312741174
67.0,72.23917398054812
67.0,76.23075149040943
76.0,82.01072437800178
76.0,55.204028079686736
67.0,69.03792857863402
67.0,74.1948450466345
60.0,65.30341803429462
60.0,47.997854608779676
57.0,59.60404742352051
57.0,79.65250063998963
53.0,56.99398469634593
53.0,19.246650290451043
66.0,69.21528941206367
66.0,85.07496579654475
72.0,78.02468136898034
72.0,60.276374470181736
46.0,45.7790877617789
46.0,77.50640425652512
37.0,40.59314930414149
37.0,58.67833160478341
64.0,68.56989146995829
64.0,76.66003018192066
79.0,86.64161074474771
79.0,73.29681833488473
37.0,39.03343058204587
37.0,44.091739239348954
59.0,59.303681280728256
59.0,66.69899480146233
52.0,54.650523573236114
52.0,65.56653538566133
48.0,51.53202939317782
48.0,20.817533148734242
72.0,76.79126728814504
72.0,16.844636791619905
73.0,76.44141364885104
73.0,31.277012545968205
70.0,77.02312970560604
70.0,62.503624336491725
70.0,75.25376256900023
70.0,81.21043811997737
83.0,89.87298410275514
83.0,61.63855836817493
81.0,86.63400544568128
81.0,75.71526100290095
81.0,89.37635445655144
81.0,68.01364946506521
41.0,41.2675205188126
41.0,45.76412418446273
45.0,44.24694759046474
45.0,79.66629116746918
65.0,72.80890768387161
65.0,55.9744322832056
23.0,19.99160975055628
23.0,66.02880807666071
81.0,85.66331251045506
81.0,47.7596007235224
59.0,65.80961604076788
59.0,74.39945598053924
70.0,76.6741257212708
70.0,45.578404627543875
67.0,73.90161417709271
67.0,48.197388632144396
49.0,45.5837654349757
49.0,55.88413291234741
68.0,77.80556781282792
68.0,49.2118082622805
62.0,69.1714552580545
62.0,63.86570423717461
58.0,62.527971684077954
58.0,75.98391987639133
71.0,75.94145070312402
71.0,80.06408072481315
51.0,49.315831886383876
51.0,73.9386384936148
71.0,76.52300769616454
71.0,69.75570536789206
41.0,41.49919057859836
41.0,63.71374668681693
55.0,60.38079933660714
55.0,72.56325827689449
65.0,70.74636839025118
65.0,25.83459662294746
67.0,73.27795876132802
67.0,59.5198659574645
62.0,67.18148045932548
62.0,71.46417985984255
64.0,65.48930306923978
64.0,75.51182512379853
48.0,48.182429571725834
48.0,26.201338870690222
33.0,24.833322697190795
33.0,78.80850210744131
78.0,83.12942521790364
78.0,69.47902978629327
80.0,89.04588096772807
80.0,23.27864275292518
65.0,70.94704281235585
65.0,54.66445971589201
66.0,68.751936128093
66.0,56.22957754289439
53.0,60.962607090955316
53.0,78.42745355179659
65.0,71.02250221000799
65.0,55.347926144305404
68.0,75.31695670131637
68.0,56.898135242273554
67.0,71.4724253026198
67.0,68.04606684510401
54.0,50.270655040657516
54.0,81.38102759709318
75.0,82.11255879489374
75.0,33.55766875325526
63.0,65.98071972987827
63.0,65.77289765246218
54.0,52.86826469729834
54.0,80.77626916465158
61.0,66.9918767333753
61.0,52.818024951898565
49.0,57.10927948773758
49.0,33.156007403770445
48.0,51.99367482674501
48.0,74.66925330333771
26.0,12.763162101220246
26.0,79.68025380575727
72.0,74.99429674698933
72.0,76.21342195303549
59.0,61.2595547334941
59.0,64.44135652118518
76.0,80.95110012348152
76.0,64.17522486765438
73.0,76.56095699911964
73.0,44.634093967239494
57.0,59.883711051781745
57.0,73.77991031398346
68.0,74.55354608776372
68.0,58.57839442466428
49.0,52.743410813479045
49.0,60.62580558680503
68.0,74.56911103763656
68.0,72.48588744217949
48.0,51.461000507930635
48.0,70.92172252788322
79.0,87.48999698437387
79.0,24.198751695597025
60.0,68.47512003633324
60.0,15.890312434380576
38.0,36.50367853868727
38.0,68.55135162327923
27.0,26.714467275031836
27.0,71.99728980053914
59.0,64.32896450212695
59.0,65.41060434830547
69.0,76.67113119266509
69.0,69.11041961326788
63.0,66.1399550180056
63.0,80.13478162322798
81.0,88.65334910537894
81.0,47.10045776591227
57.0,61.60747300311493
57.0,2.783757930797094
63.0,68.13277235420264
63.0,71.95431242689659
64.0,69.24423511550339
64.0,83.84794699622881
44.0,42.68882069720354
44.0,61.1474476187654
51.0,54.82992560357741
51.0,68.63252643602397
60.0,59.03807460154104
60.0,76.56297223155337
63.0,66.6301615120218
63.0,50.16748359121283
72.0,77.51466206283533
72.0,62.34465694744489
59.0,65.66404322174253
59.0,27.595412792681884
67.0,68.46193224045231
67.0,74.23189931117389
61.0,63.86122614722473
61.0,9.992064390299902
47.0,48.1868961143108
47.0,82.91717625800993
66.0,68.48673648923597
66.0,69.1707824506255
57.0,57.10735571040783
57.0,47.39998607863424
51.0,54.96652878213723
51.0,34.43623335214005
66.0,69.57973419690575
66.0,66.55113839180746
73.0,79.95257594545922
73.0,82.82562946877636
58.0,62.303170252131395
58.0,70.52153069191093
41.0,40.83622637243218
41.0,52.83798375157562
39.0,36.486401806721915
39.0,75.61241920395707
71.0,77.27415259777803
71.0,37.13495527719158
63.0,65.82442660558337
63.0,41.05639786747736
69.0,74.82070978193042
69.0,61.04632209470833
71.0,76.65920462487418
71.0,33.279983061848554
55.0,58.07599886695749
55.0,54.72770538422401
57.0,55.25045192406486
57.0,57.90962709204746
58.0,65.94349430735934
58.0,56.41612780910981
36.0,32.73608562681363
36.0,71.37553057071437
76.0,84.0307530360165
76.0,37.55057273862474
59.0,61.38709055574333
59.0,75.24383628526823
67.0,74.65887949340276
67.0,11.844099114551682
62.0,66.47739738007863
62.0,85.17739284833135
74.0,82.07566542022977
74.0,42.61641673110415
70.0,79.76065836191049
70.0,65.88603578550845
66.0,70.24699465565544
66.0,84.41431138478464
52.0,50.06162405173063
52.0,51.69439585806134
73.0,79.56696758797813
73.0,39.88717806194131
61.0,64.52486931198717
61.0,61.1804798743932
33.0,25.733992927113718
33.0,40.0957304151475
61.0,65.33985205199866
61.0,71.2582182086033
35.0,34.75009812361037
35.0,54.91757774793268
71.0,75.5283967792567
71.0,67.3388857311748
47.0,45.4955667562686
47.0,45.05630870524635
57.0,56.57849874128709
57.0,70.91405413951043
57.0,59.72975308957257
57.0,62.18132718578295
66.0,71.27496694793638
66.0,73.54172526788739
67.0,72.84528117767746
67.0,58.37136257664656
47.0,39.40893818037307
47.0,58.739328251201584
59.0,61.548229771417425
59.0,62.311819142265904
57.0,57.32776238576815
57.0,76.79242602346142
40.0,37.42132041099916
40.0,78.38722086440708
59.0,64.21483900106278
59.0,44.97157950811027
69.0,76.30793083534115
69.0,72.84652302011648
53.0,53.294114860151126
53.0,83.44395347916708
44.0,43.38123807135946
44.0,62.532563123744524
47.0,41.58341355667136
47.0,74.08921264474208
72.0,78.93222009257943
72.0,71.19711295851471
66.0,70.73445113649285
66.0,72.96759138551312
54.0,57.48573634599677
54.0,82.24452400785998
84.0,93.33695230359547
84.0,47.71505666214608
75.0,79.5948914104199
75.0,64.3713114120406
62.0,67.98311914311967
62.0,76.05412870270987
75.0,81.36379900403932
75.0,74.96413861463822
49.0,49.37855448572236
49.0,66.04967215989791
74.0,80.2491175306842
74.0,81.11273527556727
65.0,69.17175776053085
65.0,74.03995714038751
63.0,66.70994519220147
63.0,60.33515848380955
69.0,72.3146358034046
69.0,67.38367668222486
39.0,37.28628170668469
39.0,57.93768548395468
77.0,84.52970048205032
77.0,86.60320397673371
63.0,68.83161699070462
63.0,69.66728352071294
49.0,50.95418692556564
49.0,56.561981757215335
63.0,67.63757028788979
63.0,61.181746250688605
42.0,40.579971349484026
42.0,35.4459741039326
68.0,69.19308302945439
68.0,15.642205155116244
79.0,87.2497615695284
79.0,47.64038568021056
32.0,27.616217442291656
32.0,80.93010187360755
84.0,90.80696887661747
84.0,60.342839011380136
68.0,73.91284526577488
68.0,8.41983770946041
28.0,22.739695812334503
28.0,62.32575221985962
55.0,53.776453449301584
55.0,81.93985054130098
74.0,78.78582524925946
74.0,71.38133307074821
32.0,30.7926993611959
32.0,66.61691684455855
65.0,68.82766472909066
65.0,65.41458189214154
79.0,87.11859287693744
79.0,63.048880356826146
72.0,76.36992833317788
72.0,50.09459685363953
74.0,79.65625541419377
74.0,88.80649187636789
72.0,77.81837927541358
72.0,25.78917715889372
62.0,66.57127379838113
62.0,76.59623144882715
40.0,43.2245016240488
40.0,77.82273494947344
59.0,62.23128915597624
59.0,70.07233624243702
69.0,73.49051007454295
69.0,80.94785548776747
72.0,78.41209803565062
72.0,76.9016086105267
49.0,40.308330648190974
49.0,52.85147196069954
69.0,75.24624434395975
69.0,78.02206342753988
57.0,53.203502324550016
57.0,73.23624365376304
66.0,72.02722815771205
66.0,59.27790801461788
67.0,66.32715618561883
67.0,60.40815240072652
52.0,48.640607098084615
52.0,83.25094195796117
71.0,76.77282184806432
71.0,41.288830138734625
58.0,58.621354814187896
58.0,65.88336641889924
48.0,45.45698259935517
48.0,49.35533168124891
70.0,75.75293356221584
70.0,74.83475009372262
70.0,77.84440170443793
70.0,60.3310984806418
58.0,58.89919306989037
58.0,78.45429027335456
36.0,40.07629312451451
36.0,70.57113592308013
76.0,84.46438893539289
76.0,30.401840273043604
54.0,55.111150812817925
54.0,45.60084261593795
45.0,49.35212470874086
45.0,79.73759362529955
54.0,57.530491272016945
54.0,82.0455245819756
74.0,79.02640832538918
74.0,84.78015148454386
73.0,79.40567676116149
73.0,71.51354974584484
43.0,45.727639908408946
43.0,4.507175964741691
3.0,13.073407689937369
3.0,72.55185470662985
64.0,67.26748869301173
64.0,13.417467123830193
58.0,60.230624590789375
58.0,42.33889367610203
22.0,25.758486558852724
22.0,6.283099385150933
66.0,70.66829949409936
66.0,26.26337180897957
50.0,55.06798223806982
50.0,66.4373006370916
68.0,74.98318102145163
68.0,77.91641842333445
74.0,80.7704342944948
74.0,78.94561603325985
22.0,25.55486538614565
22.0,64.31611476625773
75.0,82.45787000431966
75.0,67.76367745896067
43.0,40.13545013441035
43.0,79.5298518614178
37.0,37.62786377320583
37.0,60.640270018751096
77.0,82.32279360747646
77.0,50.484634152563615
63.0,69.84338099501139
63.0,52.96453903624433
80.0,87.57869775828425
80.0,72.32379418657047
48.0,46.98119256622863
48.0,79.56054364294141
55.0,57.99103487421638
55.0,60.19310399474301
64.0,67.98619744284332
64.0,46.31130921239213
71.0,76.72903820805959
71.0,54.168850210284745
68.0,72.4808133366904
68.0,59.150111447640484
63.0,67.590180679625
63.0,12.291653426232642
70.0,75.17095489316887
70.0,74.64188927711507
68.0,73.2492141853204
68.0,78.14178136486231
37.0,32.28949149721228
37.0,54.55231436227609
79.0,84.55809141597513
79.0,86.9538980908552
66.0,70.83350460612121
66.0,67.52904290360851
70.0,76.14245925663988
70.0,12.370230032331563
43.0,45.88187482277169
43.0,59.426472262688094
65.0,72.89366338874453
65.0,82.63273874755748
24.0,16.461007372816027
24.0,25.353635514392863
67.0,68.65651391706496
67.0,52.71338780740888
76.0,81.79608319967065
76.0,76.87435761241227
66.0,72.08815938115129
66.0,46.32229699277957
74.0,82.15999549202377
74.0,85.94279364217647
64.0,69.08739130353553
64.0,82.54896059988027
65.0,70.92651849682255
65.0,60.29111604794588
76.0,83.21213408046799
76.0,77.91001147070034
42.0,39.76453593398202
42.0,27.652076634243542
35.0,33.627434727273
35.0,69.07890717547428
70.0,76.43219327362823
70.0,73.22038567023378
63.0,68.0308819352772
63.0,57.97460976780627
34.0,33.57802618793522
34.0,71.49602613105537
72.0,77.02377250257547
72.0,42.18950535155102
58.0,62.49374508638948
58.0,77.0829322928833
67.0,71.7569345842702
67.0,69.7104320267378
56.0,51.24738957022305
56.0,61.670574176863965
76.0,80.63453081490434
76.0,65.93743721185683
49.0,46.63357073885396
49.0,73.13075679906149
75.0,80.59866179570957
75.0,77.1125352768621
44.0,48.586174164081285
44.0,29.461986112942554
31.0,31.77198285981916
31.0,71.31480220459702
73.0,75.68095618018702
73.0,67.40134264525415
63.0,64.26200375855672
63.0,80.92338438969017
52.0,58.290904343186185
52.0,74.04782813908452
64.0,71.8152292075469
64.0,80.45742140471549
69.0,75.49466642957697
69.0,49.03113038865416
38.0,23.391881831628496
38.0,59.166352243694405
68.0,74.42384135652327
68.0,69.38199755819073
25.0,28.046016915407733
25.0,66.78344046408534
34.0,30.382559876004052
34.0,68.67641791787315
68.0,69.41026906989828
68.0,79.43714527856883
71.0,74.48460238203751
71.0,69.96434470818184
65.0,70.65024019488834
65.0,54.27221306818916
73.0,79.18910366223696
73.0,73.59834532178496
26.0,23.35082794839701
26.0,80.63355708946358
68.0,72.6800234459871
68.0,78.82576391964693
66.0,70.67793882783326
66.0,33.098495137114185
66.0,69.46175088707162
66.0,63.97684649780075
75.0,82.73181925695008
75.0,31.584273139002732
60.0,63.7475896502894
60.0,45.65395114762157
80.0,86.7695442931593
80.0,57.14632316242103
56.0,53.14845929869341
56.0,60.28970859700274
65.0,68.87543128212161
65.0,75.29740833701754
64.0,65.54207891586424
64.0,75.1596640116436
70.0,72.40505056631986
70.0,14.280761211009747
63.0,66.70470400900228
63.0,88.73126335042878
69.0,74.02784144844838
69.0,71.14874896446423
69.0,74.84041073987345
69.0,66.71946717616242
69.0,71.62276348109123
69.0,59.1069872553648
19.0,12.214888314493294
19.0,73.97907601254963
58.0,63.1388970110624
58.0,44.17561929431673
69.0,71.8172692287244
69.0,48.77247523364787
57.0,58.29534809610584
57.0,81.96727499959252
64.0,69.27613801698953
64.0,45.69374798504549
72.0,77.35603862588442
72.0,50.56809169525752
72.0,77.65426090236775
72.0,19.77404557010982
75.0,79.7108542077097
75.0,60.081704772027024
40.0,32.6477224720702
40.0,33.6226851701619
53.0,56.78338359279866
53.0,87.7016578625637
40.0,40.994359454970606
40.0,76.27316603030249
75.0,83.1749090156411
75.0,75.66479156522121
78.0,82.76443512937442
78.0,74.5655037630354
68.0,73.73204900567669
68.0,63.038424924439255
61.0,60.25940566786835
61.0,26.742442102257314
56.0,57.856888890572804
56.0,62.24411967820572
66.0,69.83940705952813
66.0,75.98878189198086
50.0,43.02181960949764
50.0,68.2268426410605
37.0,27.922229298342984
37.0,88.96372137247323
70.0,75.99994271992023
70.0,61.42886259228277
47.0,42.51888092583977
47.0,61.479162075368095
79.0,86.43486472590342
79.0,73.88706231126127
74.0,81.23482347474504
74.0,48.43395238964365
69.0,73.08713034741436
69.0,64.09811223644908
66.0,69.19806667313287
66.0,63.73310304997784
41.0,40.357842735258885
41.0,81.5541433430111
57.0,59.81955699169299
57.0,66.94083215018418
39.0,36.1628392574641
39.0,46.466925703071695
71.0,75.93535042491106
71.0,19.44290396635722
48.0,51.64574216852776
48.0,73.6878338702906
44.0,42.056618487300796
44.0,63.9668531823454
56.0,61.39779239081258
56.0,71.97895272456213
39.0,43.56109974985952
39.0,77.56113068798976
77.0,83.62974933604335
77.0,55.108837654553554
36.0,37.14766354006048
36.0,54.304520167679186
37.0,37.080844026183286
37.0,71.24813592791008
59.0,57.475833672387694
59.0,52.299163819106184
71.0,74.03680719354776
71.0,52.72511609268116
41.0,44.47526501971396
41.0,33.356189318793156
66.0,72.49086314402922
66.0,62.906429035434314
58.0,62.219158062092276
58.0,76.73643637626839
71.0,76.38795847531037
71.0,58.83506960350752
58.0,60.18752068396685
58.0,67.88461083510936
56.0,59.59727429914085
56.0,73.87242871541196
51.0,51.913715513127954
51.0,37.90129124356156
58.0,62.65191657206185
58.0,40.50927088091845
41.0,44.50713886560288
41.0,57.25169052796139
41.0,36.260998169028255
41.0,83.26268585253081
20.0,18.363078274233715
20.0,81.144129321501
65.0,68.74547783311937
65.0,55.107777508426636
77.0,82.10638611172044
77.0,16.22002393603418
62.0,67.40537305239985
62.0,43.34627075153156
62.0,62.015912459420974
62.0,48.97207657764102
75.0,79.6328456557959
75.0,90.00562270621168
54.0,61.64675157398807
54.0,44.31262248112682
50.0,45.40637519712135
50.0,68.01141184344965
67.0,74.42437394084448
67.0,85.21249174705571
79.0,82.93649052140012
79.0,77.37312972729853
37.0,33.13761546062665
37.0,61.150885740455635
47.0,45.994960105561404
47.0,59.75826408057276
71.0,75.57501487805723
71.0,8.228127107149874
50.0,52.1193331010723
50.0,65.64486319380671
70.0,76.52059336537866
70.0,79.50823856563864
42.0,39.97383169102227
42.0,79.5284250568584
71.0,77.81028755761912
71.0,61.41156822023339
79.0,84.39677461919342
79.0,51.1325492764409
61.0,62.40542430298143
61.0,39.564134235630604
59.0,63.6197710669785
59.0,69.2840718129516
32.0,19.947485835382338
32.0,75.68216933491732
63.0,68.20312100956932
63.0,68.18899523754476
58.0,58.942630225040375
58.0,66.42928760663085
35.0,28.9416655825695
35.0,64.85611367637455
65.0,70.09480979249929
65.0,65.8543915896804
69.0,75.09284811035621
69.0,58.76451339733126
72.0,78.27542520745891
72.0,70.14216731005826
63.0,65.85108426669268
63.0,70.74150791549238
53.0,57.35847570915189
53.0,67.3327812182913
64.0,71.19506083546554
64.0,63.19917747696576
71.0,74.32813779118754
71.0,88.67485352838304
38.0,43.138837406836785
38.0,81.79834395861644
67.0,67.05000321998426
67.0,64.95468427163308
29.0,21.223279665518703
29.0,62.3005685872094
35.0,30.62090471426859
35.0,58.858981397051934
63.0,63.686384749423155
63.0,69.00627594819679
72.0,80.4116788429991
72.0,68.81998950548194
56.0,61.00415570107015
56.0,66.28947833599119
67.0,71.71078828944911
67.0,64.48377565171194
74.0,78.73629713562786
74.0,72.97030652547409
48.0,53.14062696515748
48.0,40.04150159453155
64.0,66.7359720991845
64.0,66.52994828440404
50.0,46.1610079493293
50.0,35.48316910991389
42.0,43.62262091180577
42.0,23.711771203627563
60.0,66.32989698638829
60.0,33.356189318793156
46.0,46.26474021801249
46.0,45.25485560898187
34.0,28.690736269396893
34.0,44.69728889248438
78.0,82.76251511266855
78.0,77.48288608891897
66.0,66.47391012315103
66.0,88.35760310812418
29.0,15.113281477340593
29.0,19.15863328591405
46.0,43.717922184971485
46.0,84.05025956124274
79.0,87.06221258387654
79.0,65.7922872484433
71.0,75.6626256784487
71.0,79.67236505157456
64.0,67.6044898636656
64.0,75.90011351560855
76.0,82.31799027191477
76.0,66.76269898099883
65.0,69.32242589162092
65.0,76.05309093586112
14.0,13.399228942742752
14.0,26.489026389225103
77.0,83.7440834803279
77.0,65.30053124458414
54.0,58.55703144151488
54.0,78.785453947473
54.0,59.0752902513035
54.0,74.15462950596901
66.0,68.05702515798413
66.0,73.33808543362244
30.0,14.591563255699839
30.0,51.20568738645653
67.0,72.93540576520905
67.0,71.39745734811305
57.0,61.57485350368938
57.0,49.894057958004566
69.0,76.78110795083694
69.0,64.08533273971989
76.0,81.92830981550338
76.0,48.443059686260085
68.0,69.29148198775914
68.0,74.26164057958613
72.0,77.71325989108811
72.0,65.05800223891703
76.0,79.58484760939797
76.0,74.61548063064703
55.0,56.57124894588429
55.0,86.97206335254793
35.0,33.12312996996309
35.0,42.74531195439084
43.0,42.01955840086305
43.0,60.56357381267475
36.0,40.78193904465786
36.0,48.67881612618396
71.0,70.92594311623463
71.0,20.20936832927424
44.0,47.321280054053204
44.0,65.01447335345301
54.0,59.61852779676275
54.0,62.77611973145184
66.0,68.73377320745749
66.0,77.98866789913342
68.0,72.04003144591593
68.0,61.93892745577523
24.0,19.800370673963016
24.0,61.57344550647207
30.0,26.17712829479325
30.0,67.96125581318756
32.0,33.37635621196142
32.0,39.538031700379236
68.0,71.97511379049371
68.0,77.40785594467496
37.0,32.69667093649423
37.0,85.21058153571187
76.0,80.91866046124215
76.0,33.9112053659581
47.0,50.15380382658964
47.0,64.66714470381788
71.0,77.56437479990757
71.0,37.43475198040892
64.0,68.23413956711096
64.0,68.21242272399502
49.0,54.83025051485612
49.0,36.15340553678527
10.0,6.9736382979533005
10.0,23.124359954503348
57.0,60.301909059326476
57.0,68.53086549943015
34.0,34.96840723768685
34.0,63.1210886770599
69.0,76.1151633832061
69.0,53.208740934534546
64.0,66.68859840246608
64.0,12.68098090985012
43.0,41.41618276561405
43.0,63.934496793646986
63.0,66.20487170010773
63.0,75.78533348982006
50.0,47.91763006827051
50.0,70.84344368643139
43.0,44.665010722507986
43.0,77.67447563296463
71.0,77.79326237822482
71.0,87.9417859523686
76.0,83.95595997219243
76.0,64.25484990151023
60.0,62.21574473110775
60.0,47.82633373106205
17.0,8.997039390438033
17.0,41.3318660037379
43.0,40.078453672735634
43.0,40.53809008417409
66.0,72.28105320972298
66.0,61.62394163084912
70.0,74.31273617862672
70.0,78.61770047272779
68.0,70.4404954793527
68.0,42.880479169610965
27.0,20.303034184630405
27.0,71.43735655813026
43.0,41.579471672942134
43.0,42.81861476467628
54.0,58.46049119099814
54.0,62.319037402377944
55.0,57.81707899100542
55.0,79.91234267432372
77.0,82.68257381344193
77.0,37.67919681392186
61.0,64.62830677179858
61.0,74.20360136602943
41.0,41.36157168214612
41.0,60.58666559590927
49.0,45.23154027509378
49.0,29.58772370375135
43.0,47.889985566401094
43.0,75.66902274300145
62.0,64.64336212379561
62.0,78.54405693451514
40.0,39.56796743994312
40.0,58.72701102343933
21.0,21.63972526135558
21.0,35.929893093771966
64.0,66.09937835338599
64.0,89.63422433571691
82.0,87.72005204644057
82.0,77.2581436816925
65.0,68.5906145140429
65.0,67.94011088139098
78.0,85.34286564841011
78.0,77.43419583384605
65.0,67.02286004679473
65.0,75.4865481724396
75.0,81.16257154374733
75.0,83.54814007691436
46.0,37.834937879056895
46.0,74.30912738544328
42.0,36.55916842721706
42.0,65.07648631640211
49.0,57.22471122323293
49.0,52.333636343794296
62.0,64.56049313059191
62.0,41.011611527949185
56.0,54.541541026809455
56.0,21.412025992713154
67.0,72.05058203091278
67.0,20.172815591779795
64.0,67.08661474431477
64.0,65.41644572369728
43.0,36.71543788146931
43.0,50.03707795300784
72.0,73.10685027120462
72.0,84.17067540985028
38.0,33.9734146284934
38.0,22.52035648941046
73.0,79.79942549222937
73.0,80.27448032649244
72.0,76.0790431436439
72.0,43.05801100318109
61.0,58.565105720325505
61.0,72.22567937928682
23.0,12.145789908915788
23.0,43.654139511776805
38.0,41.62906187874563
38.0,61.71699331890699
60.0,65.2293875561075
60.0,76.42692438938462
43.0,44.45539560992012
43.0,75.98149186052012
67.0,69.41995683782636
67.0,75.60282791754378
68.0,71.61915701259551
68.0,65.2213620530149
50.0,50.15178124800735
50.0,88.91726190633273
76.0,80.65847482207295
76.0,67.82203089068565
6.0,10.083618595598296
6.0,79.62078371489503
55.0,56.45201831390858
55.0,50.725423945371176
50.0,52.143766471188144
50.0,57.809164929078975
45.0,45.267035152297865
45.0,66.25530224723968
21.0,17.515684677743764
21.0,75.99296360269994
67.0,69.49058030345071
67.0,70.08381739846794
65.0,65.77997923972123
65.0,71.51992142091183
66.0,68.68967190050682
66.0,74.94053942789094
70.0,73.38878259231689
70.0,82.42889434740215
70.0,75.3475179277496
70.0,68.05854330822746
56.0,56.51733725740803
56.0,65.14486521685637
34.0,33.59509568861358
34.0,79.24364951026428
54.0,53.29944177338774
54.0,79.73314374450729
69.0,71.48334254306752
69.0,47.32659721300507
65.0,69.95855753087693
65.0,68.42532477830525
74.0,82.28683331455113
74.0,75.4021814404511
68.0,69.44198275511337
68.0,76.71186254762466
73.0,80.66925714280467
73.0,72.16298766931214
74.0,82.01503789812188
74.0,75.82412660711213
67.0,73.09968192293888
67.0,31.36236018964604
76.0,82.44694996563925
76.0,69.87983043912408
52.0,53.85917516618355
52.0,46.43958337936857
60.0,61.51995628846424
60.0,54.37390138139318
62.0,66.65922062067199
62.0,68.92698448070195
62.0,65.4587573895584
62.0,70.70937132283007
42.0,46.515602796985036
42.0,82.49360371375491
74.0,80.50335029163125
74.0,50.11269118739682
63.0,71.03673640453542
63.0,79.62031956555455
51.0,52.43157425992723
51.0,46.596034009864184
64.0,73.0487225664088
64.0,58.99675200470432
69.0,75.12862465945966
69.0,72.0470961314553
75.0,80.38917299269565
75.0,85.22247143138617
53.0,53.50979852791272
53.0,88.17995973226692
30.0,15.88302497239107
30.0,40.96166473680387
43.0,46.1819041808381
43.0,69.76694556427708
65.0,68.90158694448559
65.0,42.68453188565951
47.0,45.559533601097655
47.0,60.85164557558886
65.0,67.69788754815846
65.0,70.98605542509358
53.0,51.66833690801042
53.0,78.22275018732608
17.0,13.417467123830193
17.0,19.386795231613803
68.0,71.747557342645
68.0,56.34988252592427
57.0,57.92810253853736
57.0,33.71612716859232
29.0,29.343903459894193
29.0,67.49738734201873
49.0,48.98240750983348
49.0,56.90149237670067
66.0,74.18571290867544
66.0,56.08588732645495
77.0,84.67663954837303
77.0,75.1413655166233
52.0,50.731708067339184
52.0,55.08085193957584
75.0,81.21620305712833
75.0,72.96012453830406
66.0,73.59904818006709
66.0,76.96346208950632
53.0,57.62826331326295
53.0,74.07148241493888
51.0,52.85535626353021
51.0,80.45088081993248
76.0,79.39012099043703
76.0,15.941311944932409
62.0,67.43644094841011
62.0,77.87359206963959
71.0,75.25339639605778
71.0,73.37097665822574
47.0,55.21881956554245
47.0,81.46417467438056
75.0,80.4491220848085
75.0,25.145198945047866
56.0,59.162585824280086
56.0,46.16443564803046
58.0,58.318076593871865
58.0,73.11786734121404
61.0,66.93549040172093
61.0,46.04038264331268
33.0,26.30540710724017
33.0,92.94078394631265
19.0,22.87216727460384
19.0,67.70818446802667
44.0,41.3372555271269
44.0,82.96250116834182
64.0,67.08661474431477
64.0,48.65726934552231
71.0,76.63760015285067
71.0,68.57357254168267
66.0,68.24338847505425
66.0,87.26285020095082
32.0,26.829982215671635
32.0,67.1139887528281
43.0,41.62566281885137
43.0,73.99645232944931
72.0,78.58388498478371
72.0,77.39916221284642
59.0,55.757061576139336
59.0,62.88352605523659
64.0,71.06632273676746
64.0,68.66406766918209
76.0,80.00837556040887
76.0,37.505655761589765
61.0,58.1327410332421
61.0,34.558823676098825
77.0,87.54706534342353
77.0,47.37581263794209
77.0,84.2441338457482
77.0,94.13281450051562
53.0,57.97087858944042
53.0,30.606917626568986
72.0,78.78555037124602
72.0,86.41311905295748
65.0,66.54297752447991
65.0,1.5939321742898187
54.0,53.28878660276786
54.0,49.46098809653546
75.0,80.27569286386324
75.0,60.66937781559943
72.0,78.3737235765048
72.0,77.87267994683879
55.0,58.81686289343929
55.0,60.706342957398704
72.0,77.13160192541301
72.0,74.16567314631965
67.0,68.27175555284464
67.0,47.49325259649487
42.0,37.68841003076432
42.0,61.786327889164
29.0,25.058381965056697
29.0,18.165414662831495
65.0,67.78611332853421
65.0,88.5098692178467
76.0,83.05388653347853
76.0,68.63757540828789
63.0,65.36083453063111
63.0,48.89644558736239
45.0,45.64954015934251
45.0,63.784778678909106
57.0,64.05761371376417
57.0,65.01906689806168
58.0,59.922050647652384
58.0,67.2050531790714
56.0,57.860564799221606
56.0,65.93652090485716
68.0,69.6883429975532
68.0,59.93353469081967
62.0,67.09429640469568
62.0,76.54738315106971
65.0,67.28363080992807
65.0,89.77442664517469
71.0,75.13728325118467
71.0,56.77286188720143
72.0,76.32179311973675
72.0,51.02790648650807
66.0,71.24735385298186
66.0,71.39412206136024
68.0,72.46631566955512
68.0,80.72761916040423
72.0,78.98422183724972
72.0,38.15951108673636
41.0,31.00224347561175
41.0,78.4662267546388
44.0,42.24858177694523
44.0,53.38398249036226
42.0,35.744492674757396
42.0,61.52959878649739
43.0,41.915050786920744
43.0,38.680820309529395
74.0,78.67043415446466
74.0,73.32638500440754
56.0,57.30438839872113
56.0,86.534264039491
66.0,72.32422921230437
66.0,80.97369605827856
70.0,78.81500199811705
70.0,83.94261283903035
55.0,56.42348254233718
55.0,53.879306453760194
66.0,72.29831793022578
66.0,74.45976137658806
56.0,62.8033191590751
56.0,57.680983652327825
47.0,46.15957775074253
47.0,75.26787591327758
76.0,82.69600230104186
76.0,67.50701216778043
68.0,73.36408839676238
68.0,62.46390338244714
37.0,39.17136521898448
37.0,81.45713472142734
31.0,29.1846044770939
31.0,16.634721618659
51.0,51.846436489655844
51.0,50.08253743807438
65.0,66.84153485852954
65.0,80.11567019345796
71.0,76.2208079612846
71.0,72.37466197460344
71.0,72.71967847349322
71.0,78.63902366372264
63.0,66.1070112160076
63.0,75.64571553678621
64.0,67.48653471682115
64.0,68.97439505988012
62.0,65.8262318145097
62.0,81.69544593343443
42.0,35.961982619726314
42.0,29.726872166991996
52.0,58.317336335336506
52.0,60.716184984567576
83.0,91.57885411456931
83.0,63.20598847590378
72.0,77.53253038165525
72.0,75.55283711972669
63.0,65.27710667233481
63.0,46.16887154690352
70.0,76.36642828620256
70.0,73.8701353681285
67.0,73.0411116400914
67.0,57.82061340808639
57.0,58.339929462278974
57.0,87.33927602127102
73.0,80.3969229581906
73.0,87.33878505266148
55.0,54.0462206341918
55.0,67.98176367287465
24.0,23.451712749840226
24.0,83.9223336931912
27.0,20.643175917739825
27.0,54.78395505995309
76.0,84.94363827509642
76.0,54.16643241562264
67.0,73.78165641855406
67.0,76.76020890982397
74.0,78.03429613452266
74.0,52.37757301742374
47.0,52.37453320198193
47.0,61.337677082860864
74.0,79.17787780446184
74.0,76.5819300208334
68.0,71.19141836814958
68.0,69.30307294947323
59.0,64.41616411932273
59.0,45.60325199371914
39.0,33.12163879856445
39.0,72.4137978745257
29.0,31.716883103514476
29.0,51.431613322686644
59.0,60.65171902842343
59.0,48.73364053322615
33.0,25.78116044612682
33.0,63.04686363390408
44.0,44.146906905825574
44.0,64.89078317816615
41.0,42.67059909429878
41.0,76.70334610651196
60.0,61.981699426165676
60.0,70.25388844598211
60.0,60.10996350450915
60.0,47.34253458980322
79.0,86.75102102213305
79.0,58.836010243190344
51.0,52.50403886522264
51.0,73.7854932181354
44.0,38.91812380548896
44.0,50.91406543921647
63.0,65.35670303356721
63.0,69.55365310380637
69.0,72.67107361158338
69.0,53.646969203113656
53.0,56.60635911159852
53.0,72.82936990300806
31.0,20.480303015842082
31.0,69.72494078201078
65.0,70.80747865563643
65.0,52.932859982389516
51.0,50.695701912388984
51.0,86.31507859439552
63.0,71.41251032408007
63.0,74.51984864260623
49.0,46.46590885691319
49.0,52.08673893895707
72.0,78.53476696858132
72.0,61.37854675259325
69.0,72.89669211169706
69.0,84.88074902616017
59.0,56.744063673045616
59.0,84.92733096680558
48.0,50.20957476903152
48.0,36.553337353378254
68.0,72.39368020570015
68.0,59.0356364418646
65.0,69.70459762318188
65.0,79.03839757105465
59.0,65.53637319642894
59.0,43.22218169849157
71.0,79.87732220046229
71.0,77.78623471361715
74.0,80.7716108207456
74.0,54.16336772653915
76.0,82.88104819759428
76.0,46.44999917192138
67.0,71.58332311038356
67.0,42.74457321180404
78.0,87.44182480755217
78.0,82.72155843313851
75.0,84.27877100945051
75.0,64.54068665669837
64.0,69.80010314042448
64.0,70.85497317029802
48.0,50.83657905775402
48.0,45.555809464549554
69.0,74.8346910842435
69.0,38.61529519426671
42.0,45.27152189444206
42.0,66.93649317034476
72.0,73.5197881800591
72.0,53.34878966083511
58.0,59.67437744216352
58.0,68.21241431245505
64.0,66.06640938939239
64.0,50.6848474224239
34.0,26.27782012337724
34.0,78.51090606018482
73.0,78.66473917913197
73.0,68.37728935514411
73.0,75.91127173499319
73.0,67.51520066701045
42.0,41.21963198049008
42.0,81.14723634968288
62.0,64.71596078706807
62.0,50.90812054158181
22.0,21.564461708432816
22.0,28.70537082560054
36.0,34.02411742012987
36.0,33.235437606394896
52.0,49.32172430045739
52.0,71.76375501033436
64.0,66.74652265403836
64.0,45.63704594423217
51.0,54.553191604782796
51.0,12.520835036149379
67.0,69.9582817597651
67.0,70.71472607718084
61.0,70.10320300366408
61.0,67.81235552915797
68.0,70.54211424540267
68.0,44.344010803679396
72.0,78.3597029399117
72.0,69.26044294675745
72.0,79.0034241945541
72.0,54.6849390273772
65.0,72.17922163209806
65.0,42.23705387741887
74.0,79.02054407396923
74.0,78.97849636116723
65.0,72.2699304285457
65.0,75.06640271577464
73.0,77.47578665298164
73.0,70.01357197558525
65.0,63.730546613820025
65.0,63.058948424080086
61.0,70.64504922094102
61.0,48.65816444666484
83.0,89.72730073202445
83.0,87.72167718074195
70.0,76.70281084783744
70.0,19.706799426824205
65.0,69.2084524935766
65.0,70.52751044651126
24.0,19.800370673963016
24.0,71.23491057996756
58.0,53.045064070229614
58.0,70.98736892958584
50.0,58.53564125722596
50.0,72.25644168430824
56.0,60.08637544897471
56.0,73.26669480448868
7.0,6.4270693843476465
7.0,63.20358820612239
61.0,66.19608722037015
61.0,32.67238962392247
75.0,78.224532385553
75.0,64.72985681985068
65.0,71.02828306572684
65.0,54.0977914158085
55.0,52.42895287395521
55.0,11.980650614831688
66.0,68.1481437951835
66.0,52.577659646593645
67.0,73.62408714405342
67.0,89.56665519622163
65.0,73.38308634720846
65.0,74.76421345815095
70.0,71.02351127213092
70.0,67.2938445531833
70.0,72.01775199615969
70.0,58.08117105787335
50.0,54.550811304074045
50.0,73.96546870369446
62.0,66.29362947184592
62.0,87.78596265895163
36.0,30.622808289685167
36.0,58.816474119599775
45.0,46.91481165029802
45.0,42.97919451746168
69.0,73.41476999227268
69.0,63.048423304601044
67.0,74.30198837572823
67.0,79.17359968851304
56.0,57.987302073477736
56.0,51.22679309564302
68.0,71.44033252948617
68.0,73.92458089999565
58.0,61.35088799766879
58.0,62.39844362241854
29.0,32.360509395456404
29.0,73.01349975297376
84.0,92.38061388034862
84.0,70.62654221656277
59.0,61.399855910557335
59.0,53.06827919652358
63.0,67.77507412374234
63.0,23.301752149991557
50.0,53.341865352185266
50.0,68.40073554326676
70.0,76.91507723930482
70.0,72.62655146882997
50.0,51.612384801965106
50.0,53.96891612708191
44.0,43.810765543381535
44.0,82.68817420222052
59.0,61.02455854105693
59.0,60.32578352060523
75.0,79.75090285334682
75.0,54.5440104382011
52.0,56.128642745921354
52.0,47.408684202900076
48.0,46.644125060883596
48.0,35.51570316351285
78.0,84.21569578321129
78.0,86.39462288512743
66.0,70.34109424999212
66.0,54.20109637553264
68.0,73.56885506417444
68.0,53.6488994555595
58.0,55.189929072398456
58.0,70.24430331685085
38.0,36.53029743365886
38.0,49.197124136651325
58.0,64.65089735453859
58.0,72.05281363840078
61.0,66.93201271105329
61.0,68.15531775981191
67.0,70.3107798203954
67.0,69.01208049291898
68.0,73.74592866212714
68.0,83.25097926663074
56.0,56.122810895370435
56.0,65.81404452880491
72.0,78.81606374558038
72.0,9.8426042970965
59.0,66.02237069243893
59.0,60.300452180779644
50.0,49.52852769382196
50.0,50.007314302208215
12.0,6.7799659009361335
12.0,68.11966451135896
50.0,48.64077668268499
50.0,60.380387870792504
57.0,59.65275142927442
57.0,56.66444076024624
66.0,69.98320350201942
66.0,71.14958787168274
49.0,48.314225603852776
49.0,61.47458943935328
65.0,71.46036257940926
65.0,83.82780670731813
70.0,74.6346914044949
70.0,50.406884427924865
56.0,62.55545989062824
56.0,57.48567606535249
62.0,65.07612721799705
62.0,79.44057062881865
72.0,74.8779694055828
72.0,70.21986270179968
82.0,86.71792208342316
82.0,34.79629669447712
60.0,62.75745436745939
60.0,76.61056749102619
76.0,81.07909580250112
76.0,73.41158950775184
61.0,64.19492796014288
61.0,74.06932231646346
59.0,58.8223291443
59.0,47.98395241727235
67.0,70.90107272498193
67.0,94.71109747029851
41.0,42.53134698700552
41.0,60.760148064641385
74.0,81.11943858302737
74.0,84.94075437686837
59.0,57.301159171387894
59.0,57.109112711361206
63.0,67.62718971871936
63.0,59.74086357256601
75.0,81.4410408568632
75.0,79.10593021847126
45.0,46.35007295862249
45.0,20.455346980471404
71.0,78.94937196234446
71.0,65.34344163038514
63.0,67.0677799443639
63.0,69.73670629094653
35.0,32.28862656293643
35.0,84.01924374383691
53.0,56.184003818594874
53.0,70.29859636376875
68.0,75.20116310766093
68.0,32.73608562681363
18.0,13.675524501048756
18.0,84.08981922552937
40.0,31.94626343194301
40.0,71.25480147332541
72.0,78.07541790836348
72.0,55.70086525307556
37.0,33.85497353305783
37.0,48.90546182534706
62.0,67.539534075326
62.0,53.02348291738997
24.0,19.146166857200626
24.0,60.51699726837268
60.0,61.03405489477723
60.0,76.84972984154962
39.0,39.44293784574177
39.0,61.51913322231445
80.0,87.00136550811271
80.0,12.437996866818423
50.0,51.052596182168486
50.0,73.69373406637709
52.0,50.185281340797985
52.0,80.62906857533267
35.0,27.282383728612672
35.0,77.05216409060279
52.0,51.16894667645124
52.0,80.58365122549696
46.0,49.599630095049974
46.0,66.35849944769222
68.0,78.64920148242709
68.0,72.31311280872814
54.0,52.39592413020324
54.0,64.07880613511645
76.0,81.3818028797341
76.0,74.92497100142907
51.0,52.482281200112595
51.0,54.3367659383872
51.0,47.27723792999649
51.0,75.3973891006712
50.0,48.519089182835785
50.0,75.37447455145985
66.0,73.78963661268222
66.0,84.37821564134816
25.0,20.76018348739791
25.0,75.06844065968704
66.0,71.99009150627109
66.0,80.69781334350313
62.0,66.20570967756191
62.0,51.017884807672544
54.0,56.216052302747244
54.0,58.771145772407635
64.0,67.49192033489209
64.0,69.66769150570201
73.0,79.30978282254148
73.0,82.81596368454456
64.0,67.22008007170166
64.0,54.605257995607076
57.0,58.60232587372241
57.0,61.72405318732103
70.0,72.41666055925322
70.0,23.58898175188574
72.0,77.09380821386429
72.0,92.02328085869334
74.0,82.62233836458779
74.0,89.9079906274327
71.0,74.84580664047729
71.0,69.85530392829196
35.0,32.54675787149955
35.0,37.41570915546765
64.0,70.56247826047621
64.0,72.82977696973091
54.0,52.53536979120662
54.0,79.63195279606998
74.0,78.53190987068359
74.0,14.591563255699839
50.0,48.25479782231508
50.0,22.187710740271086
76.0,83.69572720216905
76.0,76.39974987496737
37.0,32.16837834525944
37.0,77.4704254412855
32.0,21.725761630114732
32.0,72.66915378473959
64.0,68.9318988707999
64.0,82.55960670838607
71.0,78.99457045346082
71.0,72.16424212904093
39.0,31.92975120897205
39.0,79.74975786169608
79.0,83.79184771193616
79.0,69.85531805237451
59.0,63.190114571613606
59.0,31.146181128411456
42.0,34.92926873428473
42.0,54.129476391607454
78.0,83.38559985102643
78.0,84.92247635336247
54.0,54.71859812265495
54.0,-1.2521889821729246
63.0,66.69824786250518
63.0,11.938811329667658
21.0,19.851532548213072
21.0,46.90570638672841
63.0,68.87532088083765
63.0,76.50129131544281
78.0,82.41803886818326
78.0,43.36370503715813
66.0,66.91524418795399
66.0,66.16551762088477
11.0,15.134097086066959
11.0,76.9520748001301
67.0,69.76090589829482
67.0,78.85227182098203
34.0,27.439619990976098
34.0,56.28234791556383
49.0,41.83800839143254
49.0,77.28604425159114
70.0,76.84238772199973
70.0,62.23982067262591
62.0,65.76728635762225
62.0,72.78900290150727
60.0,62.089633414787954
60.0,59.73506999895494
76.0,83.50111034640963
76.0,82.32981224416466
74.0,79.09091144070067
74.0,73.03561097506832
67.0,70.29700367719579
67.0,44.30964922115635
33.0,23.679082710767716
33.0,64.95784008384896
71.0,77.64263041978387
71.0,50.52066197564881
77.0,82.55073455786038
77.0,67.22255819379615
20.0,10.248392960004821
20.0,46.78064222014228
20.0,5.549596509673279
20.0,52.797554629519425
62.0,67.0549545549506
62.0,28.994367162221863
37.0,38.90790964356671
37.0,80.24970264710913
53.0,56.08652704751631
53.0,86.59348167856962
69.0,75.16448008077361
69.0,65.88264100175047
66.0,70.29936046537023
66.0,41.632452816104376
45.0,45.67157407895536
45.0,57.68127348487502
75.0,82.45333792539492
75.0,50.793021537550715
41.0,42.94433783400672
41.0,45.19002350191391
42.0,43.98246086836099
42.0,80.29073817663101
58.0,60.359899342646145
58.0,63.28327815823587
44.0,43.9561853197838
44.0,83.28494170560975
15.0,9.992064390299902
15.0,70.45506331044828
64.0,66.26619514673149
64.0,62.61987155442762
63.0,59.01043349367376
63.0,90.31115796530133
37.0,30.431181361527592
37.0,12.73812071613645
67.0,69.04324266787484
67.0,72.70166062285944
19.0,13.271076634764825
19.0,73.52680330343196
67.0,71.52934741698448
67.0,82.07169805822599
62.0,67.81119751392595
62.0,77.89823185341157
54.0,50.92790436484103
54.0,56.34413150142643
72.0,76.24224070170987
72.0,73.02866867291976
68.0,70.80448197973027
68.0,63.59662729668588
36.0,32.8799509847546
36.0,50.27753154467706
66.0,70.78485062404394
66.0,83.58536495732551
75.0,81.57585335707694
75.0,73.4108463075188
65.0,68.5211518451494
65.0,49.48565971816896
74.0,81.24836942449639
74.0,64.09020348682566
83.0,90.63527331554735
83.0,9.615852996923195
63.0,65.46815770825987
63.0,72.56888021505256
74.0,79.3317431918415
74.0,73.807912680669
75.0,80.45430480519013
75.0,79.65105452354493
57.0,60.911695448557055
57.0,57.99216917088813
46.0,47.787661258092726
46.0,27.350650485293386
46.0,48.21656896263255
46.0,42.50205276717793
70.0,73.65125943882458
70.0,39.82689922861391
59.0,57.800040110571615
59.0,69.28424610816717
52.0,50.702250249850806
52.0,73.08113382293072
41.0,35.11098427161966
41.0,79.18564152658661
65.0,67.50596167406735
65.0,51.3866713157048
58.0,57.98791932988871
58.0,70.64133877906198
61.0,62.50093291993909
61.0,75.83710902194929
71.0,72.78325385261707
71.0,70.08601407023951
67.0,76.16103101496827
67.0,65.23277439084586
29.0,26.41047721613353
29.0,64.92362825453762
54.0,61.10126561884829
54.0,44.06959100878987
56.0,56.6902097694184
56.0,45.351409722470976
76.0,82.97067842949201
76.0,81.32436754387419
63.0,69.47473963512408
63.0,41.0284446014237
8.0,8.883373449346152
8.0,59.95081202500546
58.0,56.9409189532841
58.0,68.55692680953388
62.0,67.87348320367482
62.0,74.39073231211842
28.0,22.62520993897482
28.0,52.54078931075901
56.0,55.74468566045567
56.0,83.2470676230592
62.0,61.62308529497
62.0,46.30478689122015
52.0,55.442522569962705
52.0,54.53943169116951
45.0,46.1152480004028
45.0,69.59865307317085
73.0,77.17360710712836
73.0,79.73930646224409
66.0,72.5668811199858
66.0,22.656196538635527
73.0,79.13575047254267
73.0,68.52378423108104
56.0,63.08525047367402
56.0,71.05394802216756
71.0,77.50855481276596
71.0,31.706415597130103
72.0,76.04571882568194
72.0,69.20132958284341
57.0,55.541951840576985
57.0,75.52104360915007
70.0,77.27309831244429
70.0,86.00227946986911
57.0,61.16816187278607
57.0,81.88869140609677
65.0,68.08902502197816
65.0,82.27431381883582
68.0,75.92748456298682
68.0,39.646905485311834
50.0,53.778806763035675
50.0,76.55049856166306
73.0,79.50871133598736
73.0,64.1264154930692
74.0,80.92830986802062
74.0,35.74871899995583
72.0,79.14106779113575
72.0,68.74007595370938
59.0,63.1214305252322
59.0,73.9941472941174
52.0,50.6848474224239
52.0,54.54133285723145
53.0,52.04583147505599
53.0,46.48488871285525
20.0,17.084275738923225
20.0,58.55587422602292
49.0,45.209789951139555
49.0,73.7814228980655
74.0,79.7702994236293
74.0,66.82198512135244
71.0,72.9376481474477
71.0,42.16883796937719
75.0,84.60161127229532
75.0,88.01930188764908
47.0,45.71095175726174
47.0,67.51843727611015
63.0,61.764374662918726
63.0,46.303492547268775
67.0,71.11201144835445
67.0,59.32725535249483
65.0,67.2378767919297
65.0,48.395175832241364
72.0,75.19394799589935
72.0,78.85345624780109
61.0,65.72314477663474
61.0,55.572911212694976
14.0,7.103503373762919
14.0,43.77675030826367
56.0,61.189510632494375
56.0,67.51593665577093
71.0,76.37355731248613
71.0,35.4459741039326
27.0,13.791914401537781
27.0,62.420000132009875
80.0,85.86980078405878
80.0,75.1243369546923
41.0,35.87053283519981
41.0,47.52826274843477
48.0,48.07312264291687
48.0,66.70240923186583
37.0,32.69667093649423
37.0,59.16936484646669
79.0,85.99173683974328
79.0,73.19599828023621
67.0,71.96739168705028
67.0,22.962410018352955
59.0,61.78925763239715
59.0,60.53529263465413
32.0,33.26423122553456
32.0,70.30453801312183
79.0,85.98082154799147
79.0,66.74967802932923
62.0,65.05550798336037
62.0,60.0029224194476
16.0,13.894384723130031
16.0,77.83127392474375
55.0,64.03754194054352
55.0,58.58357032719624
62.0,66.46173684297435
62.0,78.7775287633533
49.0,55.733303736330754
49.0,64.03826804690556
60.0,66.65348421101646
60.0,35.95747552108941
58.0,64.23261869010554
58.0,42.096076988748564
75.0,80.81372504369358
75.0,56.183617425066814
58.0,62.87781553496984
58.0,67.90349263988566
69.0,73.53408958847518
69.0,57.99411695363267
44.0,43.810765543381535
44.0,21.223279665518703
75.0,82.44989982452671
75.0,61.28961567375154
70.0,76.19947991939881
70.0,80.17378496630954
34.0,30.369614879668177
34.0,36.57587441699417
56.0,62.944596657302384
56.0,80.18437230180103
53.0,53.73974879820213
53.0,50.34363333033292
55.0,58.5649774745857
55.0,45.8601528904108
36.0,31.869613887068397
36.0,24.928633963306595
74.0,81.48154688562988
74.0,23.02213255235705
69.0,74.1656233584651
69.0,45.816978637565796
52.0,52.890365728184634
52.0,70.918796526481
50.0,60.26233924324782
50.0,84.64329964569782
27.0,25.83459662294746
27.0,79.06847328655033
44.0,41.17526038182427
44.0,48.70334771628205
75.0,83.47395673839321
75.0,71.03593430888697
59.0,58.65874441863917
59.0,47.59451237640326
40.0,37.56898814637799
40.0,81.83588482061111
68.0,70.04212939225994
68.0,85.58241463055532
65.0,70.0121250687452
65.0,76.31124937570314
49.0,47.71505666214608
49.0,57.979161152642064
60.0,65.30601802943403
60.0,83.96854807899149
38.0,41.04773728232357
38.0,73.08394140386474
71.0,80.02828361401566
71.0,74.7683140028418
46.0,44.27562539189046
46.0,76.04158682363567
60.0,63.401188950394044
60.0,60.923199887578164
65.0,67.93516128417264
65.0,81.831584032357
64.0,67.28099383075329
64.0,73.79857003810122
67.0,71.02918232139501
67.0,27.740826150488317
19.0,11.752073996505203
19.0,46.8828099508778
34.0,21.42177533397563
34.0,63.02680331765163
64.0,71.1848936480946
64.0,39.51928323361972
68.0,73.74799642338286
68.0,60.27342309864645
56.0,57.30438839872113
56.0,59.045016825945766
79.0,86.97984870822961
79.0,57.710974969957135
21.0,17.97263151430144
21.0,86.06016624970033
75.0,83.38265910303289
75.0,71.33148688229932
44.0,46.90045280506877
44.0,53.645107709870786
72.0,76.65835898669133
72.0,75.99612559305677
60.0,64.55284421298524
60.0,73.12038818942716
24.0,13.721534386219844
24.0,71.49310864179932
47.0,47.578710503392074
47.0,63.87360676323857
28.0,20.56798563922314
28.0,58.89304148113928
45.0,34.41574460815252
45.0,88.89324058195194
60.0,65.1492350857834
60.0,21.21219097411887
47.0,50.58089740343917
47.0,76.16780784757924
61.0,67.42853871177016
61.0,69.47660323199614
74.0,84.55750727404251
74.0,64.80657087754776
49.0,50.71411308807711
49.0,72.57347234740513
33.0,29.791622988668337
33.0,36.62536881109634
71.0,74.55241831344006
71.0,72.24508884296779
63.0,68.34335134862829
63.0,81.82830716876822
69.0,75.4340245081791
69.0,59.69068444281669
66.0,70.43833221875116
66.0,70.09458889818859
40.0,34.558823676098825
40.0,46.250004966647225
40.0,38.14807376632018
40.0,83.22479915311555
72.0,76.09128321367245
72.0,26.115967835376352
71.0,77.81714299731419
71.0,70.51736382723436
52.0,52.98176788928515
52.0,81.5604184323758
77.0,82.33762957772706
77.0,82.81622872412368
60.0,57.02201302816343
60.0,63.18113324780688
67.0,69.43326035255461
67.0,74.4784969945141
64.0,69.33278980344221
64.0,64.92016967272451
58.0,59.15745634091218
58.0,83.18890357814877
73.0,78.6342392290407
73.0,75.29802682309452
28.0,27.966284138404774
28.0,22.129445352495907
56.0,58.553437538494904
56.0,70.82789969190878
75.0,79.63578882002452
75.0,86.95430654227397
68.0,71.73474971157174
68.0,48.91043998465159
56.0,57.71187636284304
56.0,58.519468010937885
58.0,61.27080450921375
58.0,66.00614183736599
78.0,85.03561143739336
78.0,27.33422799850871
74.0,81.33617571713103
74.0,55.40030128221582
67.0,69.08328561363805
67.0,65.45425524890777
22.0,27.316026542005886
22.0,87.89671767638424
61.0,62.16312377960605
61.0,77.49366881192356
42.0,38.680820309529395
42.0,49.27725461137152
53.0,49.82285672999973
53.0,71.13734384868008
57.0,59.53649791994138
57.0,58.66485557883203
75.0,81.94741435336346
75.0,64.72395348154424
62.0,61.58134742109053
62.0,29.315230388839097
70.0,78.63282153814117
70.0,81.77557770554534
73.0,77.811913861434
73.0,62.676535030200796
78.0,82.69961847801972
78.0,46.13673377841525
78.0,81.99265165769941
78.0,52.35963822064872
68.0,75.74182724324868
68.0,67.7718980175622
33.0,31.310223392253988
33.0,69.9122554599424
68.0,70.66474623186195
68.0,37.10608388122836
61.0,62.80467009419442
61.0,72.22100362223915
63.0,65.67737034888432
63.0,39.75040922977581
61.0,60.74514469486974
61.0,78.26599170439886
68.0,73.72271739679371
68.0,74.6997944137218
70.0,74.19830964283994
70.0,55.320953073327416
74.0,80.11174805933666
74.0,62.58773683688298
50.0,46.83746028238335
50.0,66.61545942420634
56.0,59.232447576730976
56.0,34.47039048219392
57.0,62.360088919610746
57.0,82.32303700372199
81.0,87.7329182401412
81.0,72.69923464441189
78.0,84.19012621523814
78.0,58.70720985727297
45.0,49.45172853367529
45.0,33.75028042495512
13.0,17.660808028200165
13.0,28.03324166908351
69.0,74.05671374469881
69.0,75.5165817429774
61.0,66.13966436662048
61.0,87.6574836354892
63.0,63.50575671060267
63.0,67.75179070365692
54.0,55.780784752521015
54.0,76.51408234954437
68.0,71.32290661350379
68.0,84.8526646368997
73.0,78.30755020089805
73.0,55.56551765082776
69.0,70.69283041115222
69.0,71.46296982221054
69.0,72.73317342922695
69.0,75.994920785028
48.0,39.34337488675527
48.0,24.565542857927483
60.0,60.45707977334956
60.0,82.14585313443712
74.0,80.1572784058734
74.0,79.63700168067186
48.0,48.579350998054394
48.0,76.26970769757088
69.0,74.9756000234114
69.0,72.98479543489134
39.0,30.67076957374428
39.0,70.6019122098565
70.0,74.62941411997423
70.0,60.192459297634116
45.0,46.60744836530648
45.0,75.08530211383368
66.0,69.05382355594088
66.0,79.59575186613864
81.0,88.66648447798599
81.0,69.06581177885204
72.0,76.18325376683288
72.0,68.54231426297525
80.0,88.01458978726981
80.0,47.91763006827051
73.0,81.19695295086251
73.0,85.15779079115754
77.0,84.9086830089974
77.0,69.27520046757678
72.0,75.80371722728125
72.0,64.74292388696813
68.0,68.65296721846352
68.0,79.39299573630018
72.0,77.27370365245031
72.0,60.62881962489644
64.0,61.073022491019685
64.0,24.44282713141149
59.0,59.00581360783457
59.0,80.59628659436942
58.0,63.194525020859146
58.0,51.89983997408547
60.0,60.852901861482394
60.0,87.39570271506733
75.0,81.87785203821579
75.0,71.42085531673581
67.0,73.02996182660092
67.0,79.38363279070563
62.0,67.57881929366772
62.0,67.27860401906224
32.0,13.98607349292206
32.0,44.02375293683815
65.0,70.77155290276494
65.0,58.67652435806383
78.0,84.54588644956198
78.0,60.9037599080566
67.0,72.77415311266651
67.0,58.98926889859706
49.0,46.97699877568215
49.0,65.50125063725983
64.0,68.23326970315446
64.0,67.25365508539079
24.0,12.239452779815053
24.0,78.41139912808853
33.0,30.750157060145682
33.0,41.579471672942134
72.0,80.62570004744123
72.0,64.10544025219235
58.0,61.5335999213828
58.0,54.951579788343
32.0,32.79160170202772
32.0,70.447146900402
55.0,55.24785942592558
55.0,86.66051432013813
71.0,75.47202933567957
71.0,36.95563453276765
33.0,29.366859442993132
33.0,79.51667100374851
66.0,66.24677340537141
66.0,78.83027555123442
71.0,74.25410172418043
71.0,78.33898716282664
75.0,77.62644815564067
75.0,75.08539808575148
57.0,61.883296937409625
57.0,54.45129664681025
73.0,80.87098807209793
73.0,17.233782613927474
59.0,67.08672167060405
59.0,80.94316860763325
68.0,70.22767663712892
68.0,80.28774969775435
73.0,81.02274611535228
73.0,69.0781684775767
69.0,76.07969504153363
69.0,65.08750357444859
58.0,56.452672993317606
58.0,80.84632455468994
65.0,69.5572946955728
65.0,56.11100404260225
68.0,71.4724253026198
68.0,72.84664893845377
56.0,55.971634320585565
56.0,49.28344505486507
61.0,63.871297012681225
61.0,70.4635727098098
51.0,51.60838731914464
51.0,41.90921283575574
21.0,23.724628314637073
21.0,64.67238239933761
65.0,65.84720198794525
65.0,71.34307723231353
58.0,64.17023610608214
58.0,48.282363432952366
71.0,78.14679154399579
71.0,55.542082833826555
66.0,68.44484319607483
66.0,80.25190879345718
32.0,28.278557421951177
32.0,71.75276387457558
61.0,62.5644411301688
61.0,54.14731457093825
70.0,72.14466233741308
70.0,68.85418423727964
64.0,67.02930759853137
64.0,73.74623778303305
33.0,26.871450475877566
33.0,80.78354624307718
13.0,5.053352223889647
13.0,75.46995893173937
37.0,39.456743032337215
37.0,67.85635999314576
50.0,51.565867072067135
50.0,49.92219596115626
49.0,53.3784488857811
49.0,59.405287699769985
70.0,77.85281249587712
70.0,36.057678320808975
62.0,64.776104756535
62.0,82.01434945196064
68.0,72.18813410203734
68.0,79.91642903759339
59.0,57.84003674369103
59.0,61.583854951607634
68.0,72.95138586878346
68.0,44.06253817316201
82.0,88.98881708274831
82.0,74.85783061181843
71.0,74.73893924449828
71.0,50.206434674141406
62.0,69.68256587230576
62.0,71.2860148320247
48.0,47.080178647588866
48.0,63.38590316315316
43.0,47.71800627977035
43.0,33.12163879856445
54.0,50.87528022021661
54.0,41.05292120638296
57.0,57.84534014303034
57.0,64.34050205674555
69.0,72.6275328034979
69.0,69.96000347576535
26.0,26.388494172400385
26.0,46.048735131918875
68.0,71.81608812570528
68.0,76.34379999446969
23.0,22.962410018352955
23.0,79.13053652989589
74.0,83.98086640926999
74.0,59.037495565341715
48.0,48.34386166011518
48.0,74.87047428351542
34.0,40.6696662272422
34.0,90.70642847177334
66.0,70.4650909465496
66.0,58.955823724470406
63.0,65.93863582667478
63.0,5.549596509673279
41.0,37.46214320152211
41.0,66.32152011675856
59.0,63.96622419984408
59.0,68.75166235420909
58.0,63.98387299937099
58.0,70.84792236319993
62.0,65.29869191799753
62.0,76.59112628518409
46.0,47.64521884267981
46.0,38.157058397933724
60.0,65.9590005099306
60.0,45.92963427399832
68.0,72.78496919869286
68.0,77.50725877212295
34.0,25.800938969536332
34.0,67.4352231149511
70.0,75.07441325736283
70.0,45.01048546914484
45.0,46.20532532270488
45.0,67.21981352501268
45.0,40.04504802249522
45.0,32.9746940684351
55.0,58.17250681213835
55.0,7.0065440337231735
72.0,77.87712666704027
72.0,19.217802744670735
46.0,49.48992143302701
46.0,57.71667239066579
55.0,53.669757014015886
55.0,73.86148477648868
63.0,68.06363529368201
63.0,62.4904465858782
76.0,85.56250712920672
76.0,24.207847804308074
70.0,74.81506024361914
70.0,66.43947641963211
70.0,75.91263945258521
70.0,77.42026868429184
60.0,68.92030913397798
60.0,78.67043415446466
64.0,67.46350168822391
64.0,45.83901920338354
79.0,86.11519856185942
79.0,61.949359384953596
63.0,66.71343642828941
63.0,74.6185274004003
63.0,73.16678240431418
63.0,67.4993287483897
76.0,80.90839149557439
76.0,69.73693176322132
59.0,66.4846297542287
59.0,73.1829634648434
77.0,83.21115697844454
77.0,66.53678647240889
37.0,32.2697946568627
37.0,25.78716671353186
66.0,70.61320520998743
66.0,50.375295572271625
55.0,57.71982395891621
55.0,69.63244504446811
40.0,44.878366013928314
40.0,84.91338079390391
75.0,80.9945266987624
75.0,69.70838882472458
71.0,72.76309274270415
71.0,79.63570775138732
74.0,77.42242120824159
74.0,54.308987362217295
77.0,85.22912705640744
77.0,66.10097332323312
64.0,69.26928389864628
64.0,75.98417474044442
40.0,41.978972767533264
40.0,64.7315946640453
60.0,59.627581350406956
60.0,41.38080118988381
45.0,49.099100096416635
45.0,29.29106088136558
67.0,74.80407609199045
67.0,48.8111784778273
64.0,68.48430203062549
64.0,39.43777613943348
58.0,67.21626953214292
58.0,74.8594273552792
56.0,59.889924820141914
56.0,76.62404503507616
27.0,28.585072229539662
27.0,43.21566845589115
66.0,67.83060961643207
66.0,65.25190216687832
73.0,79.27780892124025
73.0,81.02096575177063
70.0,77.02814935748438
70.0,28.838533351126102
49.0,50.4392173376886
49.0,74.52311755460897
73.0,76.10398855944686
73.0,50.95526029748589
69.0,74.356899260967
69.0,82.86791194091916
68.0,74.66528735142458
68.0,46.42184316368474
70.0,74.63503366704725
70.0,29.084278037453828
51.0,52.90641984397553
51.0,55.729192242537465
78.0,84.54034444242319
78.0,69.04047927189339
27.0,20.33290500281521
27.0,78.62826404998475
76.0,85.93278468765294
76.0,42.1229604260422
54.0,57.17118228119563
54.0,58.73337620120549
85.0,93.0138341181758
85.0,26.37671961306279
46.0,43.588925357101004
46.0,36.96303488071521
73.0,76.43119935634166
73.0,72.38854546548413
75.0,81.12242784913968
75.0,39.29918535984871
52.0,52.24416008075622
52.0,51.94021653043848
42.0,34.728117457183714
42.0,39.12079186916276
58.0,62.584739623556516
58.0,60.19690007175268
75.0,81.9199765375322
75.0,10.01020672378678
67.0,71.13734384868008
67.0,31.998883464992957
28.0,30.44468325501265
28.0,74.43699993145691
77.0,84.01816609228632
77.0,63.20598847590378
66.0,71.22336523700943
66.0,31.37887454797135
76.0,81.97537092307874
76.0,86.20277965953693
68.0,74.27499945002273
68.0,76.85730918490356
68.0,72.58844402395096
68.0,46.20532532270488
25.0,9.288981472153807
25.0,74.52806963872138
64.0,67.8394224063124
64.0,59.09633473714007
54.0,54.11048292327399
54.0,26.831265828887126
64.0,68.18899523754476
64.0,62.420000132009875
79.0,85.35296379787872
79.0,86.71564299787912
39.0,32.45974019011817
39.0,30.15608203391514
55.0,55.713318878530345
55.0,59.05197447644565
71.0,75.3860341956489
71.0,80.16176391955543
75.0,81.31000342141544
75.0,79.64124497616439
39.0,34.401628718750146
39.0,45.06060560884765
60.0,67.3691834888516
60.0,76.9752407254366
43.0,46.994157017600116
43.0,31.34109033141698
63.0,65.66948080680612
63.0,76.4053749868034
19.0,0.5229625377959906
19.0,66.21262914330032
35.0,31.146181128411456
35.0,62.290649218174394
70.0,77.80996491962753
70.0,75.67734718370639
62.0,61.498348027285715
62.0,73.13013371471186
64.0,68.89944481732937
64.0,87.4177324855425
75.0,82.37008885463769
75.0,61.513626221409254
26.0,23.673602711916715
26.0,64.13362805148563
53.0,56.44696660818278
53.0,73.8532785452021
59.0,64.44030976477933
59.0,32.467470639204635
51.0,54.41930437894928
51.0,62.41234849193381
56.0,61.13834334462257
56.0,58.967833440488505
66.0,70.76932170901642
66.0,69.69970210606505
31.0,27.714960479158947
31.0,48.26779902298705
72.0,77.57841222620567
72.0,72.16541376400431
49.0,51.380098501466534
49.0,79.80678378827895
78.0,85.50652998507098
78.0,85.17150595931889
74.0,77.27891778679646
74.0,63.02313429169777
59.0,62.17298123306915
59.0,66.78193982782426
65.0,70.69677127428628
65.0,75.33846541275142
63.0,68.8904057564157
63.0,57.70443083650514
50.0,55.420397791094615
50.0,56.319986810974626
73.0,79.14399983139538
73.0,67.20196944690173
68.0,73.4100405785656
68.0,56.50309612746571
72.0,77.00212763309315
72.0,38.447512705627446
69.0,73.2686604454517
69.0,70.36301580202007
72.0,76.24224070170987
72.0,65.26757993727051
71.0,78.97036953576247
71.0,56.52418158242733
75.0,81.13744832644016
75.0,74.63003628643628
49.0,49.23547929474216
49.0,75.84153883187605
65.0,69.91291995132929
65.0,81.2764936948451
80.0,87.91335379645892
80.0,56.64038049438915
67.0,68.7973153028916
67.0,74.36947044105852
56.0,58.845329353967315
56.0,72.16817921575654
56.0,59.359649555463875
56.0,33.35069548686704
60.0,64.87323451083523
60.0,39.51546466722738
50.0,42.553516096827366
50.0,73.87979499799889
72.0,78.07416671137884
72.0,73.66877484230963
68.0,72.90134657057075
68.0,32.1338511572074
43.0,34.556455611864294
43.0,92.58642093083404
79.0,87.22180172800319
79.0,71.8464062070305
72.0,76.3766899929139
72.0,83.00910581767778
68.0,72.14184257512147
68.0,61.1899968754372
66.0,68.84113299646208
66.0,62.2083522294642
63.0,69.29164955238565
63.0,46.337698627439806
63.0,64.98124148067762
63.0,7.121929172418561
69.0,73.89178985505202
69.0,60.961112547153846
41.0,43.60015466845391
41.0,60.354481799424946
65.0,66.28142862386164
65.0,61.976532724914705
42.0,40.6605687012115
42.0,61.684885813861854
66.0,68.92342500775197
66.0,90.00073762329492
65.0,67.2032648010512
65.0,62.91719296346679
54.0,59.73908033620745
54.0,76.87861308451903
64.0,67.36245737034983
64.0,59.1117471749979
72.0,75.62511105369737
72.0,41.57071984164179
57.0,55.67627423095581
57.0,77.64203873045614
67.0,74.36506601452902
67.0,83.25613063099428
61.0,63.044888441376315
61.0,70.40911954527058
37.0,44.18288036730661
37.0,54.46435636822508
74.0,81.35901464247445
74.0,58.60055943324795
66.0,69.00352813009152
66.0,64.16850615374875
26.0,10.073528094480764
26.0,17.516262952281693
26.0,15.87390010500826
26.0,53.91474294776219
39.0,38.287091288145234
39.0,50.20815484982012
45.0,40.53461254557527
45.0,74.16903531241945
56.0,64.3024397994501
56.0,64.83670344036636
66.0,68.26402660179764
66.0,75.86806056896245
34.0,37.715030454138514
34.0,69.7948678595692
68.0,71.15227266482395
68.0,52.333995077212876
54.0,52.99612043844968
54.0,64.89926808723828
47.0,47.63284901619676
47.0,73.36651251300128
32.0,24.965400344186037
32.0,9.753207939415518
27.0,25.39445115191512
27.0,75.9248938265278
62.0,64.9723896021959
62.0,60.03012718412509
58.0,62.126341651064024
58.0,66.1551968618229
50.0,49.005811649592886
50.0,78.81456000845776
65.0,70.69677127428628
65.0,68.57476572278028
35.0,31.271687067099606
35.0,11.752073996505203
54.0,55.94035597972612
54.0,69.02470515707478
70.0,76.79307769467351
70.0,44.03942037768189
71.0,76.09584182619926
71.0,52.771257935071674
68.0,73.32451963573817
68.0,82.66202575038739
66.0,69.51148575241598
66.0,72.66353880688615
37.0,38.17402267004303
37.0,69.66904061764797
57.0,60.49592964553665
57.0,34.23372027762497
29.0,18.791250012858825
29.0,33.41409195344738
70.0,76.15960207925167
70.0,85.92768817267228
53.0,56.036773159532174
53.0,74.61814639514063
71.0,75.28233708097764
71.0,40.612089596576766
55.0,53.749304535941974
55.0,76.24894085239276
62.0,64.78221531987111
62.0,24.988550558121005
74.0,81.05903248870243
74.0,58.14329085471513
52.0,51.66133085467146
52.0,82.83294119435044
68.0,73.35322529714091
68.0,78.14205274911336
51.0,47.64497023492345
51.0,79.71635320209913
73.0,74.65987340617619
73.0,57.80162782845059
69.0,74.45197694259718
69.0,73.96855588828947
56.0,55.972763557943665
56.0,62.25528468780726
37.0,38.86211627510903
37.0,78.79230829029575
71.0,74.34243560483884
71.0,82.50930659974637
71.0,77.0065461129497
71.0,80.66556996643686
62.0,64.0884268070377
62.0,72.46976515611999
64.0,66.17766074989845
64.0,36.06696086785047
79.0,84.56419548059097
79.0,84.24690638740896
42.0,42.18950535155102
42.0,85.96496206417163
78.0,85.62659252805122
78.0,69.62858113704578
47.0,51.29801960179583
47.0,50.977284165736535
71.0,78.1145191174665
71.0,34.26710418737315
51.0,51.35523469389801
51.0,77.7044504179106
41.0,41.89077365956092
41.0,59.08589707913944
71.0,77.86906725602722
71.0,41.21290694468621
44.0,49.07295885075598
44.0,32.12983436260214
69.0,74.10812079315934
69.0,76.4954462883577
74.0,79.5415347360659
74.0,27.12098856740522
61.0,70.24453450881185
61.0,48.29775038680833
47.0,51.431667110015326
47.0,72.78211757941733
63.0,69.07874120445103
63.0,51.77795732434157
76.0,81.5465873562348
76.0,66.44435897391713
63.0,64.9257862628661
63.0,64.37923434176349
62.0,65.24770408284604
62.0,0.39923992833325883
76.0,82.9313394919289
76.0,71.76967444693497
75.0,82.83295569162595
75.0,60.4754888802226
59.0,58.18535649664136
59.0,58.8223291443
69.0,73.46213928800933
69.0,36.126749282673586
76.0,78.97576752893815
76.0,75.41938683485455
42.0,41.22034585882909
42.0,58.32760396666106
61.0,64.58214419359871
61.0,55.989055594157946
51.0,52.938249707117166
51.0,80.6994847008728
78.0,86.2790660138773
78.0,45.766102270668625
62.0,65.05852312657476
62.0,50.199409702699825
68.0,73.05362136742366
68.0,82.1052070778286
69.0,71.72936779875727
69.0,55.16593082678435
61.0,65.69111759451232
61.0,86.47372923280585
55.0,55.34197104807248
55.0,41.67451735796982
37.0,40.5469303861301
37.0,72.09400335954479
44.0,44.43474022971765
44.0,69.53203717068715
23.0,21.77518668502171
23.0,52.98689294822998
31.0,29.30201204606749
31.0,50.88202736810848
63.0,67.56297803532294
63.0,38.268937030988525
69.0,71.95817854549745
69.0,82.67049731860158
64.0,63.67106149041257
64.0,73.01669676842153
50.0,56.877823403031016
50.0,63.91604374652843
73.0,78.82064426039659
73.0,60.46018416423328
39.0,34.94061798248924
39.0,73.81891528838196
60.0,56.68703029535277
60.0,69.45640415985235
36.0,36.15005471023193
36.0,73.85269808956014
62.0,70.17645143721
62.0,64.7909613760554
65.0,66.62230683497671
65.0,80.882013410311
27.0,28.040466393180225
27.0,52.983613434131314
73.0,77.63589894642291
73.0,71.60504977681006
51.0,51.34611994916963
51.0,24.31634022777706
77.0,83.64272381511353
77.0,29.79944932049324
30.0,28.378843160791348
30.0,62.59444053095365
39.0,37.16083006252069
39.0,80.43733292056578
55.0,57.98741717297338
55.0,57.37883250490802
65.0,67.53703249175214
65.0,68.98733942738608
77.0,82.64016646517791
77.0,31.973291557238838
64.0,65.62536309427526
64.0,62.81739620715649
57.0,54.98876019154284
57.0,70.48124060630295
74.0,81.92236299115075
74.0,8.523044069601042
50.0,48.166456814747335
50.0,24.083989472149653
55.0,56.71939818482514
55.0,71.60779099158458
67.0,68.1520961589269
67.0,87.1715814556922
70.0,76.68409145670807
70.0,24.171650903134775
65.0,68.1920437218426
65.0,83.44490199929919
73.0,81.70228687104998
73.0,42.40485446031522
73.0,80.46114621033882
73.0,72.78034331851057
59.0,57.23314187175504
59.0,51.62344112029257
63.0,65.93450103306759
63.0,18.447396815067293
73.0,79.30966301590797
73.0,33.09580841230883
51.0,52.63701397345176
51.0,15.016811944630774
63.0,65.39314420847961
63.0,63.954044785048325
75.0,82.9167833904387
75.0,15.991279292477032
76.0,83.99824062178874
76.0,60.95460790253304
56.0,61.01344032378631
56.0,77.43930777697568
73.0,78.17516155251803
73.0,76.6462930994918
72.0,76.14472869487571
72.0,71.43512673420372
72.0,76.51750455930392
72.0,82.89169550420354
50.0,42.91355422797341
50.0,74.00911925315916
32.0,30.7926993611959
32.0,22.866962167017903
67.0,71.60014916830391
67.0,79.64460421898895
53.0,55.614061077810845
53.0,84.15615984434493
35.0,31.77688700235302
35.0,76.2978690877232
13.0,15.83906527412887
13.0,79.45470942460355
70.0,77.20114688771145
70.0,82.13415813078944
72.0,79.18334963088347
72.0,76.09866788561527
76.0,78.48002695962725
76.0,69.54247507574382
75.0,81.70836635428469
75.0,46.668534508473215
68.0,69.733610592851
68.0,68.70445317147619
61.0,64.54018448033838
61.0,72.09459828575802
68.0,74.82288586387733
68.0,52.44947157515389
12.0,4.507175964741691
12.0,94.37707287685117
71.0,76.93491985906672
71.0,74.03711092957514
70.0,74.12236149312952
70.0,14.749871755840559
72.0,78.80174566872029
72.0,70.27948361713271
67.0,70.9647337531976
67.0,21.824829872059354
48.0,49.64292411992125
48.0,43.638107810817246
75.0,80.20886249555218
75.0,68.98271025769219
52.0,47.34548243063256
52.0,43.05801100318109
77.0,81.1231874273123
77.0,65.30526382374381
47.0,45.205311573854715
47.0,61.60161034242418
56.0,53.0346877479065
56.0,55.51105890266558
7.0,12.654263094358669
7.0,52.506345686249006
62.0,67.58671935111533
62.0,46.46306959786102
66.0,71.83322410910108
66.0,43.96215786091483
41.0,36.91828725277742
41.0,60.97272444635445
22.0,23.1091500654814
22.0,71.19383370437777
73.0,78.36986515172447
73.0,70.25458418788799
54.0,50.301513641001236
54.0,82.13546662093398
55.0,60.28970859700274
55.0,77.0864841439278
65.0,62.46736836752683
65.0,75.11038396783078
80.0,88.34358153129301
80.0,68.71081670259991
77.0,83.91039873420152
77.0,75.37593824801058
51.0,56.66853143656499
51.0,76.23594101679208
69.0,73.8852518800445
69.0,44.403470032865926
66.0,67.1786337713865
66.0,58.367651455153634
66.0,69.1201985421688
66.0,84.67473435916907
57.0,56.66046862347508
57.0,43.66029520438235
62.0,63.262752086022715
62.0,64.8783967696354
62.0,62.72204597314061
62.0,69.9381615783235
62.0,70.15846318944727
62.0,58.4783965936071
85.0,90.25021292463083
85.0,77.01855659727266
53.0,56.30634597942566
53.0,84.73008804440713
83.0,92.05206460165607
83.0,76.83044017132812
72.0,76.35922632280119
72.0,85.07039575087265
70.0,74.96593382129123
70.0,73.66723429294314
80.0,87.70356940330089
80.0,64.25676887410168
72.0,77.03480120532151
72.0,48.505854594596826
45.0,40.53167286481039
45.0,56.33175667776669
67.0,72.51523541713556
67.0,18.486718336749163
38.0,31.263731298310518
38.0,46.21281707032722
31.0,33.373759828877155
31.0,50.4727347870579
70.0,75.8472531343221
70.0,64.48361923880083
48.0,51.18748871682527
48.0,53.81349356054233
27.0,26.297456808348215
27.0,19.41528269592311
68.0,70.82463859237407
68.0,55.711494358405446
68.0,73.84156111160837
68.0,64.68850000531165
58.0,60.19024677258909
58.0,10.99900964417202
75.0,81.43719957168071
75.0,22.299170844975038
43.0,47.789217970603545
43.0,77.87843898824474
78.0,84.66085178668544
78.0,69.6239371944784
71.0,74.51254290490238
71.0,80.74340040564448
72.0,78.53334482437481
72.0,89.41435166826767
75.0,79.3845280011663
75.0,55.77886293920096
78.0,83.7524137228329
78.0,41.628189654284256
63.0,65.83315406128361
63.0,75.96183085128933
67.0,74.10597099028251
67.0,45.06509634701655
50.0,50.68046826428542
50.0,68.98562557219913
50.0,53.4365979731694
50.0,62.89496205629706
61.0,67.18152592681639
61.0,64.52735639033796
72.0,79.20496620770001
72.0,23.914444422556016
68.0,72.94443447543455
68.0,66.36312372524242
55.0,50.36164713329367
55.0,66.11362271433126
66.0,75.13239756118236
66.0,55.21959248118924
80.0,88.38473173687436
80.0,82.94833174198288
78.0,85.2535842307928
78.0,79.35802970560377
24.0,23.336797351649807
24.0,77.11308413516343
64.0,68.52686966127891
64.0,56.23221878264451
50.0,48.56029031983155
50.0,31.111958808535576
40.0,37.17702425285597
40.0,53.486992740619314
71.0,79.06760054384432
71.0,59.02171129233608
74.0,75.74177039064261
74.0,89.78462655916616
48.0,46.445758028867544
48.0,42.57583583919876
62.0,66.57237210555155
62.0,84.12844065320269
42.0,43.36673496452971
42.0,75.51651431205198
74.0,81.83169375723048
74.0,66.36145977773725
65.0,68.81757238734997
65.0,45.591583739024315
53.0,56.501597971163335
53.0,56.772768107145396
51.0,53.41306007323027
51.0,80.06763037398912
54.0,55.269460809454415
54.0,71.44491052281847
58.0,55.94645818091567
58.0,93.6865828294629
46.0,54.88622552939688
46.0,57.26114287650762
62.0,65.48916535003019
62.0,64.09428675776348
57.0,55.6495569251058
57.0,54.69339227921074
50.0,52.27901567021007
50.0,26.231762838667862
64.0,63.67345432793053
64.0,82.03971913679561
60.0,58.39990249526187
60.0,42.95775581283209
52.0,54.296115720651756
52.0,60.438927893409925
51.0,53.601826210329534
51.0,74.9780485764195
68.0,75.30680038204497
68.0,44.02739030757982
77.0,85.94741189907694
77.0,46.79529597467729
67.0,67.71230648815134
67.0,29.726872166991996
38.0,30.14027219034739
38.0,73.91959745475339
67.0,74.16964994070304
67.0,35.12046224752487
61.0,63.73371349419898
61.0,62.78547185022467
68.0,73.64778412406599
68.0,80.09085007587356
51.0,43.85390233845442
51.0,62.94759958740809
80.0,88.20631939535207
80.0,71.31187878206435
57.0,59.5557226959296
57.0,50.047099933766106
16.0,11.318987996325404
16.0,61.240809895692905
29.0,19.950763003646898
29.0,70.3022639135491
44.0,40.499582204714216
44.0,71.07105419506206
68.0,69.41479267091427
68.0,29.74643536405557
65.0,63.77323321689897
65.0,39.41205160380696
62.0,63.94580902527997
62.0,73.82053019519509
71.0,74.40450745814371
71.0,80.27783929700621
65.0,68.83756739594673
65.0,52.35570957835023
36.0,31.49192135616221
36.0,78.64133385687603
63.0,63.712539042362664
63.0,59.47858154687725
57.0,62.12316637672751
57.0,67.62119873861104
42.0,38.1221531627545
42.0,84.44176862777272
59.0,58.30283919059906
59.0,32.91670199893673
44.0,48.1676858303361
44.0,22.404516852482004
27.0,21.026073632063117
27.0,55.80191390606882
78.0,84.14518209452194
78.0,62.850121981952555
64.0,65.15725701077884
64.0,67.83413303462874
80.0,88.57171612172203
80.0,58.968573066569604
71.0,77.11474677100693
71.0,45.758019881912446
70.0,76.31495528539995
70.0,58.72701102343933
68.0,72.73140990832542
68.0,69.69477207385535
63.0,62.28282883096625
63.0,58.49010637452096
62.0,68.8471393603516
62.0,62.10305921612331
77.0,81.99606516893903
77.0,80.08103314855435
54.0,57.09565239856397
54.0,67.45615410241209
68.0,73.125322485413
68.0,74.4561584935363
67.0,70.8357114734402
67.0,59.39107391234393
57.0,61.11598431695802
57.0,85.37855795237738
74.0,83.3703943692019
74.0,42.744167203656616
46.0,51.16242359578996
46.0,31.14441507987857
57.0,61.424745278897376
57.0,81.76507130285927
75.0,82.06625421649653
75.0,69.36540624255844
39.0,41.438931755382725
39.0,43.42540449480771
54.0,55.192412069983675
54.0,61.26649650422178
55.0,54.47000051122603
55.0,53.73379956538804
57.0,56.08000528121363
57.0,34.09342689818709
73.0,77.336661825068
73.0,66.99631115308085
28.0,28.414048279727524
28.0,66.74048437643063
65.0,70.64078493149873
65.0,61.18120264805418
31.0,25.347864456914806
31.0,85.68769431573276
67.0,69.07617355450736
67.0,69.67163452615966
72.0,77.55586645751731
72.0,76.56118938472633
41.0,34.11243964948022
41.0,81.34261368624249
72.0,76.06296440922188
72.0,75.47202933567957
80.0,84.43111555631214
80.0,25.700671827743122
31.0,29.39912955764879
31.0,73.75148254405309
72.0,75.1526897729064
72.0,28.99524263065871
19.0,4.3759189625448585
19.0,73.89789571285002
62.0,65.65349408177997
62.0,77.59583183622084
55.0,55.19572390831365
55.0,44.46551185945407
75.0,78.83111075123873
75.0,67.97323427852518
64.0,68.52308108313184
64.0,92.12536849394667
70.0,78.36648496272102
70.0,60.947959163541384
38.0,30.14027219034739
38.0,65.35170763107601
31.0,31.78490977682759
31.0,70.1480991997359
61.0,63.787762175816965
61.0,73.12322717490599
57.0,62.38113704700862
57.0,69.7965418418633
74.0,81.160159628766
74.0,31.28714704674195
58.0,58.635231724888285
58.0,80.5447831028718
69.0,75.22470240058249
69.0,78.40385161178654
53.0,53.50558278414729
53.0,74.11564354731252
70.0,73.68047405298165
70.0,71.69646473438263
51.0,53.09177267008249
51.0,44.98711716386464
48.0,46.63795794248608
48.0,26.329605038142745
69.0,74.64888437105668
69.0,50.97067196256256
72.0,75.71728779057099
72.0,76.31280169433978
56.0,59.11954666211682
56.0,15.833247901523919
69.0,71.53690410349049
69.0,85.68993034266049
63.0,69.25451280557104
63.0,59.248388842954114
70.0,75.2281831169189
70.0,65.96172069536362
61.0,62.17883128531071
61.0,49.83465407435352
66.0,68.08210784238486
66.0,64.12108520095802
81.0,88.32165257861845
81.0,65.5175749054286
70.0,74.50510736519595
70.0,49.87793857835686
63.0,68.00167720273902
63.0,14.208766775822028
67.0,74.21107264342584
67.0,29.75695367083472
45.0,48.72367921682957
45.0,79.48404624970556
64.0,70.13343176895296
64.0,58.68112767456148
64.0,66.52382129636987
64.0,94.24766341936129
60.0,57.943191803372486
60.0,75.64716986831826
71.0,75.2220058539786
71.0,54.67893721083436
73.0,80.50522278920971
73.0,68.38156009606911
65.0,73.96154614171087
65.0,33.779409985951986
27.0,21.892336797304495
27.0,81.3946182356741
56.0,56.906715606122134
56.0,74.64205181702295
71.0,78.93156789986989
71.0,79.7843325928871
80.0,84.97333315293827
80.0,50.12060714005469
47.0,51.0224629680817
47.0,68.83910574445326
69.0,72.47074252026664
69.0,56.543719017339185
64.0,66.61642497700569
64.0,49.516169838061955
66.0,70.31306294408125
66.0,61.528606492210656
74.0,78.87689267854643
74.0,72.34873593164872
64.0,64.95827269346626
64.0,79.31764495254384
40.0,29.82173863145556
40.0,57.3731660964209
51.0,49.05670945040737
51.0,33.94544309510826
66.0,73.57807613294187
66.0,79.24932118036344
63.0,71.50077416242664
63.0,59.86320004203003
10.0,-1.8260064343132854
10.0,43.9886458332324
57.0,59.42793482125734
57.0,54.195115530128135
14.0,6.864419164769174
14.0,78.58758352449098
72.0,75.230793689324
72.0,32.16804157936957
52.0,50.997813505792124
52.0,44.60232641155801
74.0,78.31871059559148
74.0,59.37305327731218
70.0,76.48695849788965
70.0,65.47170460217927
60.0,62.262790690719726
60.0,43.200331948543635
65.0,68.53386519879007
65.0,84.15094852095149
53.0,55.816803381527905
53.0,72.81955229378093
67.0,74.82581445254925
67.0,72.51293500872208
36.0,32.73608562681363
36.0,71.98333229432575
52.0,51.92757888911416
52.0,19.898423906254607
66.0,69.90523675229787
66.0,74.12940858065417
63.0,65.13999217551424
63.0,72.94703306248039
54.0,60.97989705733846
54.0,72.17162898447219
63.0,63.177579137018085
63.0,26.831265828887126
61.0,68.79017897134389
61.0,33.356189318793156
20.0,13.358872743653592
20.0,71.46755033472385
60.0,64.23150333582623
60.0,84.98458165710838
60.0,62.66707719734421
60.0,21.20658961874318
70.0,75.33763169705986
70.0,68.66233734973605
58.0,60.90383446530865
58.0,79.73196809927606
22.0,10.601566488142964
22.0,58.67749379580408
73.0,78.41818961712596
73.0,36.20330110860522
85.0,92.7590437064535
85.0,79.2641403524691
53.0,55.13432028933829
53.0,62.23009966185589
73.0,78.55272194737842
73.0,55.29488139430447
60.0,59.42656775680484
60.0,49.942026836117634
61.0,61.53651466685204
61.0,60.569269989975965
48.0,49.78282982086313
48.0,75.95056929661052
62.0,67.05463883406685
62.0,47.31650072052116
53.0,51.17088406535197
53.0,80.16706067917147
41.0,36.20860750461878
41.0,34.44810560069544
77.0,83.15179722241663
77.0,20.40059625031381
50.0,54.08318537237528
50.0,29.17757634732328
62.0,64.33503998606176
62.0,54.901800140567104
65.0,67.77248902322214
65.0,68.06529566815976
54.0,58.87534068749591
54.0,44.05961898355429
71.0,75.69945957836785
71.0,75.99337352607546
63.0,70.74550106397334
63.0,75.4624850989602
62.0,62.03064579583872
62.0,41.764122357830786
57.0,63.01885781919373
57.0,71.48831542614647
73.0,78.72901158484433
73.0,60.33606496508452
68.0,72.00885620635717
68.0,70.83642877889616
41.0,43.68524187483047
41.0,59.89317184112207
74.0,78.70427408823224
74.0,66.42535578075177
65.0,66.55842424724551
65.0,48.34777405832966
54.0,50.346539310583864
54.0,79.16064566030025
15.0,1.2745894842307166
15.0,56.38983413466349
70.0,73.06759213798443
70.0,5.931395511174969
56.0,57.18074904853091
56.0,55.35273710283849
60.0,60.81471298539134
60.0,18.486415699275256
67.0,69.7350216468804
67.0,75.52953354686389
79.0,86.33549150582002
79.0,72.60912197214742
80.0,86.82924472784663
80.0,37.49758621187743
62.0,61.49652902125399
62.0,84.9119951205227
63.0,69.44102701038065
63.0,52.786239869653855
63.0,66.90643771199416
63.0,80.08438179463468
62.0,69.65444385824532
62.0,40.0957304151475
74.0,78.26180762890192
74.0,73.37222022894838
21.0,25.553654168593937
21.0,27.829226778128543
16.0,3.9691313627311615
16.0,56.29321929466835
71.0,79.24486783644971
71.0,81.21406471744768
61.0,62.37378456373267
61.0,76.4343396059374
68.0,74.81801603806724
68.0,56.41492746155194
50.0,49.123011623861316
50.0,77.944046639784
37.0,31.188080112608986
37.0,68.90285496034045
62.0,63.13497700397943
62.0,28.22755578306146
46.0,48.91785034595489
46.0,78.11293971626361
50.0,48.55261733887971
50.0,63.488864888895705
60.0,66.61006939754367
60.0,88.77143664907936
28.0,17.933214629841018
28.0,59.865244919169015
65.0,72.15266433394498
65.0,44.54099581240877
67.0,70.92102104913147
67.0,69.68845168233753
57.0,61.49112476773473
57.0,75.79932357016855
69.0,74.2015458978874
69.0,63.62095913563752
72.0,74.3160944374614
72.0,12.068699712794569
69.0,75.47367902440408
69.0,83.34156910128326
52.0,53.10030975767887
52.0,54.48486835415457
73.0,79.56466996954873
73.0,30.294138779891966
73.0,79.72703373406802
73.0,74.98149435360273
81.0,87.17592281113394
81.0,62.327206225240445
57.0,61.57485350368938
57.0,66.92560045136474
79.0,84.63956690905076
79.0,80.79722608866268
56.0,56.868644107879504
56.0,39.48264886594501
48.0,50.470447833601895
48.0,86.03079946172465
51.0,54.228727644973844
51.0,71.48765910612565
72.0,76.59557837988427
72.0,80.61080409945987
66.0,70.18156737470332
66.0,69.42966207725755
62.0,65.78285546807587
62.0,49.347512445174914
64.0,71.61774140880794
64.0,40.0333577356505
41.0,42.845316768557154
41.0,69.888203520243
74.0,82.70223027948077
74.0,46.185039185350035
75.0,80.15493061650733
75.0,70.18056787649527
73.0,81.7997813915245
73.0,48.34539696558801
34.0,27.828863226230737
34.0,82.98345172930249
83.0,89.49885787682445
83.0,34.04253254381064
59.0,61.21462670494202
59.0,78.42361910014421
44.0,41.78279311865947
44.0,79.40098074264364
56.0,60.293714081825954
56.0,73.89425076597422
63.0,67.5045616643792
63.0,66.57886978429048
57.0,58.95836821358705
57.0,53.76975858596535
49.0,49.76564572494135
49.0,64.92140743772461
70.0,78.3324723681518
70.0,35.416651159419985
75.0,84.50423827480779
75.0,78.47805023324099
34.0,31.928246262331527
34.0,71.14296734218368
68.0,72.37296890705079
68.0,79.87648560232697
32.0,35.86413581062891
32.0,84.49086677826728
63.0,70.88900737359836
63.0,51.37104163416302
66.0,67.85311444321826
66.0,87.60396390185053
75.0,77.9052655847247
75.0,49.571315836380734
64.0,68.55052961250584
64.0,87.05520921238355
71.0,77.71628649760015
71.0,75.72020441110669
61.0,57.269888876976324
61.0,42.056618487300796
65.0,66.73143863265335
65.0,53.54965117882
50.0,51.126235352974504
50.0,83.34922620193635
65.0,69.18173140164555
65.0,88.06655097008752
53.0,50.31064614075717
53.0,68.67165171593729
55.0,57.200360128840316
55.0,73.1898642962268
68.0,70.92711267857567
68.0,77.6150459863029
71.0,77.67268848407315
71.0,90.37289411784508
68.0,71.54928511716122
68.0,73.90986355714392
69.0,74.30756174592779
69.0,62.218554083452204
72.0,77.41053848743064
72.0,83.61751160421403
58.0,57.54444385657064
58.0,59.910900009014995
71.0,79.8367995267455
71.0,77.77435288705408
62.0,65.20158504994953
62.0,65.58766758582334
68.0,75.45920303391307
68.0,31.36236018964604
67.0,71.5450518566575
67.0,79.11751928371251
80.0,86.17126172578992
80.0,31.968925651971176
67.0,72.09028105945708
67.0,50.46687237892422
68.0,74.27973777498954
68.0,71.42202976230084
63.0,68.47399941984509
63.0,44.54002513590558
63.0,67.64509513533966
63.0,70.95238030262101
82.0,88.22477105480135
82.0,61.67573610200418
66.0,66.67453097609615
66.0,-1.0955224587854104
72.0,76.7441581024492
72.0,73.73285132225595
70.0,73.3193022095623
70.0,43.29918835813072
32.0,24.833322697190795
32.0,54.31531605369997
26.0,15.633182328298801
26.0,70.25188658451151
69.0,76.87642502342487
69.0,53.629501730581524
63.0,67.51324076199131
63.0,46.72946349581912
55.0,57.43478736518529
55.0,70.71411247277968
66.0,65.72569924392246
66.0,59.469722277608014
66.0,69.86252065910043
66.0,67.3821953796404
72.0,78.86434930970938
72.0,62.80951593340728
68.0,72.77755411272051
68.0,65.59533492113928
69.0,72.88229646002827
69.0,69.5921078292709
56.0,59.06672872080344
56.0,79.92981345511595
53.0,47.298328218036545
53.0,86.98849304371026
65.0,62.95049980080023
65.0,69.30736474670027
68.0,74.28207475261803
68.0,50.55185414593285
29.0,30.337806958477188
29.0,63.87360676323857
69.0,74.63465499719581
69.0,79.19657914130966
70.0,71.13458411261024
70.0,68.78920520703826
63.0,68.50854634625739
63.0,74.67089092773807
57.0,56.43871103041721
57.0,72.8423845962447
62.0,66.86595075452891
62.0,66.42686797404383
42.0,40.362237581337126
42.0,75.04042681294345
81.0,87.65909298130515
81.0,74.58474588699056
63.0,69.1860981544528
63.0,46.45509711840202
69.0,74.33928933748786
69.0,24.80628936576892
41.0,43.04246637875326
41.0,41.51866291944049
71.0,77.61618689235155
71.0,45.691090935996215
42.0,35.07015858794625
42.0,69.69121110235818
65.0,70.45916649780605
65.0,85.33457960317412
72.0,79.55226768877048
72.0,69.9938451150893
54.0,58.515632905573966
54.0,77.86671462890564
67.0,68.50669488131791
67.0,55.907710229277484
77.0,85.38973647778863
77.0,67.01991387069592
78.0,86.42888054520154
78.0,44.25572424273196
74.0,80.255085691967
74.0,42.964467801280364
57.0,59.23693100648012
57.0,57.03313773253217
46.0,39.03348692137149
46.0,80.48567873512712
59.0,58.0475256156501
59.0,57.37751113211692
19.0,7.3711882291477195
19.0,55.770969525467024
63.0,65.05852312657476
63.0,45.608424663970254
82.0,90.84635589162338
82.0,69.45128831418589
54.0,52.10893807201484
54.0,71.77596668466975
62.0,62.182785112167096
62.0,75.26496937007033
35.0,33.12312996996309
35.0,81.71135677955579
51.0,50.772833083485295
51.0,66.29326014171852
36.0,33.356189318793156
36.0,71.82091173489891
62.0,69.1846280056098
62.0,80.76236167986923
43.0,42.68437527105618
43.0,60.79601481137274
60.0,61.868996033570454
60.0,49.392701644695194
41.0,37.89367553228067
41.0,51.31657042713687
71.0,76.6073196629846
71.0,85.30915127990812
50.0,50.833137189517174
50.0,28.29522799410978
54.0,51.82726163102586
54.0,73.46077338181647
75.0,83.24668235729939
75.0,67.92861158016927
74.0,84.20678381989359
74.0,63.46155562022824
62.0,65.7926227450348
62.0,49.74872469657407
48.0,45.73808490613965
48.0,85.33644237200679
67.0,73.72949286483424
67.0,77.89044353031863
35.0,39.19421713503448
35.0,79.83012220726528
66.0,72.10964514042007
66.0,71.56812289050998
66.0,73.33825313625618
66.0,53.96263123798548
78.0,86.98377061513048
78.0,64.06334660496515
62.0,64.47072185976083
62.0,54.86407375574265
75.0,78.17064673086497
75.0,67.78532504598428
68.0,73.59208092637834
68.0,58.74986891268105
32.0,24.852417384074954
32.0,50.10656451658389
72.0,74.85495584900372
72.0,43.81015390803498
67.0,69.47894762379332
67.0,78.68140581319977
64.0,66.85217503423831
64.0,68.97476419480734
23.0,21.53196783309727
23.0,63.87894016513775
73.0,78.81648501654468
73.0,29.68890365223382
64.0,65.86673612516438
64.0,84.49132607295144
57.0,58.53196217853741
57.0,77.27225880205708
68.0,68.51663738079958
68.0,80.88503354392248
37.0,33.356189318793156
37.0,36.7052056650889
58.0,61.4452200748849
58.0,37.76491684860963
42.0,42.44184949465438
42.0,49.086045596722954
66.0,70.84655083691462
66.0,54.585290882020104
67.0,76.14928441930351
67.0,52.30612747188991
46.0,46.65430796706215
46.0,61.37921211625934
49.0,51.71129455000471
49.0,74.58950047346161
60.0,68.65635545468979
60.0,61.14303907799399
51.0,48.99458244345897
51.0,79.07841181700263
63.0,66.38112961049865
63.0,-3.7327688186961723
79.0,87.78305084835796
79.0,60.042794641320086
60.0,66.08725644977619
60.0,69.2222245774015
44.0,43.25563562725597
44.0,56.32335398726519
31.0,35.44574866600965
31.0,79.72849003959425
76.0,78.85014169546292
76.0,67.64303385059918
71.0,76.36507556089299
71.0,90.71809184395147
62.0,69.11381400978098
62.0,83.43670927406578
44.0,42.6892854293655
44.0,76.84962255046361
60.0,65.80159467571525
60.0,76.4718728421791
73.0,78.99986100952924
73.0,21.915779694073137
62.0,65.73945961174184
62.0,69.65302227487467
68.0,75.54539436548498
68.0,73.80193138620302
74.0,76.6006853881866
74.0,76.89007998945812
19.0,6.757309775429178
19.0,13.36413835456284
70.0,75.74283709043027
70.0,29.37817348403331
66.0,72.43450432516084
66.0,59.05081475667072
76.0,83.54271365364059
76.0,65.84596191172545
64.0,67.89854648791317
64.0,5.918479583879673
67.0,72.56489403499842
67.0,69.44102701038065
69.0,72.26857959089585
69.0,11.752073996505203
47.0,50.82980946428097
47.0,55.010719304299755
46.0,43.74146866859411
46.0,36.72102249114397
75.0,82.15428475875143
75.0,78.90120865152903
59.0,60.10479002556832
59.0,79.57202940138012
81.0,87.99203211209596
81.0,86.36370634946599
76.0,84.52725435373344
76.0,82.46007692751397
59.0,66.96071593927701
59.0,47.64968081039717
58.0,58.64074389728472
58.0,69.08593709683561
69.0,73.3960675841821
69.0,40.70805642411244
68.0,72.33865677750526
68.0,77.2598781987623
73.0,78.5502661275533
73.0,75.44339297216749
69.0,74.90287772148758
69.0,27.83346125391853
74.0,81.08500960316576
74.0,62.01315418636074
52.0,50.997813505792124
52.0,74.56724332684445
65.0,70.26312698641954
65.0,82.36114192655805
59.0,59.215092430217624
59.0,75.44109101028397
55.0,53.552979605360406
55.0,45.14222238942733
78.0,82.98260776647567
78.0,54.98400026190188
49.0,53.380113252097885
49.0,34.347195088101444
66.0,71.77176554499215
66.0,84.44064586096704
76.0,83.16632348008545
76.0,73.51287454687605
74.0,79.35120438510552
74.0,67.83703276228943
56.0,57.32934439938873
56.0,58.65415606050175
73.0,79.62992252206271
73.0,55.68330669809205
76.0,83.1562619766085
76.0,71.84913832135533
4.0,2.783757930797094
4.0,69.88524202106032
68.0,73.16463086440325
68.0,68.40219455536061
70.0,76.03416876663738
70.0,70.76708188689543
74.0,78.70770193620405
74.0,75.1509498023745
29.0,19.915414616393832
29.0,64.44601898804393
57.0,59.53929302509522
57.0,54.46757994096464
30.0,24.171650903134775
30.0,35.283649854379064
44.0,43.810765543381535
44.0,68.10954940171558
65.0,71.60267899816427
65.0,17.069090088084863
74.0,80.13225865712292
74.0,52.43157425992723
68.0,75.3795081676081
68.0,47.12293208969004
65.0,69.58810123752005
65.0,80.31632303238365
17.0,3.8379155426557645
17.0,73.36507720257902
66.0,69.1405124487685
66.0,57.4427157521925
60.0,66.54974247437684
60.0,52.13342308638647
19.0,9.423215869976218
19.0,26.026171570897645
68.0,73.36065296620853
68.0,73.87375526148162
74.0,82.26378349194795
74.0,28.640936096483927
41.0,42.61641673110415
41.0,82.71257162158093
69.0,75.18407103235984
69.0,67.52204230566235
75.0,79.37133430353168
75.0,72.73179606079992
66.0,69.36931772681675
66.0,33.877104529966346
35.0,38.46183035382825
35.0,80.84352410771572
56.0,57.22658431721982
56.0,47.995919599392664
62.0,64.90294059305461
62.0,76.20448331468111
75.0,81.14005543880029
75.0,19.746579051897868
64.0,70.85412095806134
64.0,45.49664552111767
75.0,82.75979264376201
75.0,61.80924630174667
28.0,26.938328794344727
28.0,26.201338870690222
56.0,62.981061054403995
56.0,34.75009812361037
63.0,64.23321980688144
63.0,85.67362337318565
45.0,41.04150366799092
45.0,60.80594541174224
80.0,88.29603206944932
80.0,85.87469672829633
41.0,42.964467801280364
41.0,50.454600373710605
62.0,67.43571372908718
62.0,63.983463095297054
70.0,73.68478220542772
70.0,36.17902037445447
76.0,83.06278963937774
76.0,77.44135521624776
79.0,87.30236677855845
79.0,55.03021914240384
67.0,71.86969093992195
67.0,59.63295463049923
22.0,16.45824456301932
22.0,2.953031282666018
71.0,76.2323795667466
71.0,10.976368528253317
71.0,73.83786978090478
71.0,74.46389509762378
61.0,61.2993732118141
61.0,72.42412823780165
69.0,72.91852475143395
69.0,72.0191542958841
44.0,35.323888762635875
44.0,56.68799047382589
64.0,68.44821181426073
64.0,49.83251377830743
76.0,82.54417160926198
76.0,37.30660927349038
65.0,69.16354305135218
65.0,81.89989545943757
66.0,72.20985361003733
66.0,78.08853909363751
69.0,76.96906772087976
69.0,77.30966820248733
67.0,71.84763344543182
67.0,83.59547993338657
60.0,64.29591513254383
60.0,37.30798413961287
46.0,49.52958913939676
46.0,62.31315683884509
56.0,50.29168519490264
56.0,10.99900964417202
56.0,63.18955049713753
56.0,70.53796230166006
76.0,84.19607491276662
76.0,64.19556282100405
42.0,46.90321520035326
42.0,76.80348538894992
69.0,70.3501480495919
69.0,52.046928567926614
71.0,78.49155406695508
71.0,93.24150046619849
72.0,76.430876032399
72.0,72.86328274203493
54.0,59.78119134959013
54.0,79.01789614957244
33.0,25.95494708056043
33.0,50.32680730635951
72.0,75.31077586808686
72.0,65.00392620895576
66.0,73.44029480289367
66.0,84.11580593762329
68.0,70.43495004727515
68.0,63.25510068974819
71.0,73.73556708771406
71.0,79.43675913753998
72.0,78.63655137824503
72.0,85.69107029247749
68.0,75.43854626626324
68.0,83.24682877833271
71.0,77.20278131588816
71.0,79.49349775315324
58.0,59.208297634278665
58.0,85.56109327961025
78.0,81.65662320177074
78.0,78.34477115907038
43.0,44.85392844360547
43.0,56.01744033861496
65.0,67.87785752121334
65.0,87.07840343031097
73.0,75.78511036415443
73.0,77.5863603403896
68.0,75.03269336837843
68.0,72.83792711735691
66.0,72.89100880393175
66.0,86.15982328165211
59.0,62.03653789679356
59.0,77.56006069334092
47.0,39.57912254592736
47.0,78.01802409104192
60.0,64.92513352761063
60.0,31.082521198032055
58.0,55.255099521196826
58.0,33.23325251432732
70.0,74.78039786129682
70.0,77.64412267359774
54.0,57.86934589466546
54.0,74.29411577768798
65.0,68.79537082430386
65.0,87.78803332741779
39.0,31.927571978435765
39.0,56.64781444724241
55.0,56.621262636094684
55.0,71.5952118365538
71.0,77.91921297982344
71.0,61.61306608468038
64.0,66.82908138035197
64.0,52.545307098258775
70.0,76.18535920383312
70.0,78.59930676538914
73.0,80.27350616036142
73.0,73.36105950182224
45.0,46.0707103667649
45.0,80.8474325610556
64.0,68.74655922041433
64.0,91.38330428655928
76.0,82.03335645526272
76.0,64.22034070651841
60.0,67.52027472875443
60.0,61.23738260711036
60.0,64.2823445799508
60.0,80.21066117609632
57.0,60.85389438474567
57.0,63.55265818566289
67.0,68.77674495481551
67.0,72.57160737219368
46.0,45.25390097287158
46.0,63.8373152084759
37.0,34.85121875806993
37.0,31.834033154389203
60.0,63.89128137797587
60.0,52.411742645706454
16.0,12.526494234507766
16.0,39.251832426435726
21.0,14.676494627201066
21.0,85.53785630150423
61.0,64.30824621870136
61.0,77.41276531437467
45.0,45.602467812752366
45.0,30.701713263443423
19.0,6.757309775429178
19.0,82.53160324597866
55.0,58.3739846827537
55.0,74.64061835530089
59.0,57.40607194271479
59.0,68.40988330637543
76.0,79.5977706204867
76.0,52.713656448594804
68.0,72.24142830097543
68.0,46.37882821913456
33.0,29.728435286479055
33.0,43.043264629582154
60.0,63.710046865096444
60.0,43.83403761575613
34.0,35.70022485696995
34.0,74.64205181702295
40.0,36.23050491350921
40.0,75.43681580936516
66.0,70.10454621584125
66.0,62.9565562819094
62.0,63.97360360281658
62.0,43.984310877537496
40.0,37.225465138058496
40.0,69.01387823800985
59.0,61.85110726547248
59.0,53.66633469967536
66.0,72.7094064078072
66.0,57.12060239649901
36.0,35.84984835146952
36.0,74.11854837128135
71.0,75.23424021219847
71.0,59.73833735462182
41.0,41.44921292225109
41.0,42.319436273658425
73.0,77.93182165539372
73.0,81.52118247492763
42.0,43.84143321794204
42.0,40.39094407437079
43.0,45.727639908408946
43.0,80.11947404386484
74.0,81.04311649781596
74.0,78.9120193341804
68.0,72.41872200352651
68.0,66.84964163604741
28.0,26.78682410226844
28.0,23.2158496161407
63.0,69.59371058618638
63.0,39.39363309174121
61.0,61.71627634484253
61.0,78.8717749607303
46.0,46.023991827951704
46.0,69.17559751630853
33.0,28.661429252907624
33.0,75.76708040814094
57.0,62.22704371427909
57.0,45.43555492972854
53.0,56.80126280974787
53.0,76.25960441344546
67.0,68.8416652733651
67.0,6.7799659009361335
61.0,66.97556524247858
61.0,9.76546282672814
71.0,73.96546870369446
71.0,52.246645752453276
69.0,71.66337599629986
69.0,77.88927346251944
22.0,17.01822860739736
22.0,69.71357362522559
59.0,61.81341691295023
59.0,61.90325189626304
65.0,71.10217925962007
65.0,70.930498156738
58.0,57.23722787000497
58.0,40.98210799100417
75.0,82.5433040499151
75.0,18.905225023789967
26.0,11.195611110903826
26.0,33.12312996996309
69.0,72.81947988872366
69.0,68.9269061764935
13.0,19.676061800240063
13.0,30.950251893729956
7.0,8.596344584250176
7.0,67.14944395720448
33.0,33.98322468848454
33.0,54.78903183901963
74.0,80.98878788267064
74.0,66.2070333136964
72.0,79.26174003527979
72.0,74.75761650584036
40.0,41.69909696454704
40.0,43.31506092825555
70.0,77.9289639804174
70.0,37.802416001310576
70.0,75.95933356616376
70.0,71.4089165722799
54.0,50.273716809096356
54.0,89.75968821080983
62.0,63.65341491136701
62.0,49.82064547589346
49.0,47.268681152828265
49.0,72.09090703672956
27.0,21.208729243384653
27.0,40.98640480336212
82.0,90.04691025358062
82.0,38.20115828921672
77.0,85.72397450441343
77.0,83.08098037151774
71.0,77.42429006128845
71.0,14.208766775822028
58.0,58.4694237497356
58.0,66.73130322561394
64.0,65.37254211680283
64.0,63.71543688496877
56.0,58.45599051799064
56.0,65.19500347935423
72.0,78.87178729716652
72.0,76.36065477191659
45.0,45.774743999664565
45.0,57.61718591816344
26.0,23.141771255578078
26.0,71.74933476670503
79.0,86.28498504248734
79.0,58.94801562599514
19.0,8.837468583549764
19.0,54.44482626480476
23.0,15.959209510765447
23.0,58.09122010944759
69.0,71.78161919717007
69.0,54.602958940600274
45.0,42.22458000482641
45.0,62.411998263799944
53.0,52.35620968778966
53.0,91.28696594291517
76.0,81.21981144626653
76.0,69.50523101327627
69.0,73.66453040486624
69.0,64.13644780091482
55.0,56.1052069964141
55.0,25.68768198918582
49.0,47.139813685022546
49.0,63.52779487047286
77.0,84.24664767566401
77.0,64.53116387144507
68.0,73.28592981491488
68.0,79.64955167637436
72.0,75.39124789441121
72.0,68.42823972041145
59.0,57.53263220016049
59.0,76.56274087902693
46.0,49.802292434774415
46.0,49.332379257345565
56.0,58.27016797415973
56.0,87.79460528534054
31.0,25.11111494634804
31.0,79.52882170114623
62.0,66.34464276940582
62.0,51.12726707729058
26.0,29.05012162020438
26.0,72.88731290157563
77.0,83.35414064546234
77.0,32.84039643973978
62.0,66.22207187056779
62.0,77.62067091306602
75.0,80.22917842515625
75.0,41.97109937447806
50.0,50.42263603435691
50.0,38.61235006998959
65.0,68.31304843303013
65.0,45.42728409898393
59.0,58.68706895888619
59.0,86.34879673256557
63.0,65.57134573941204
63.0,82.45987277446642
79.0,85.60266229250612
79.0,68.90492064856738
42.0,39.80208955472773
42.0,91.23376703383923
74.0,79.21653416423578
74.0,67.37227560793042
40.0,34.540955477696286
40.0,68.73424380929305
47.0,48.91226373155013
47.0,8.675481432979666
79.0,87.61463863612516
79.0,22.6581822601932
74.0,81.08500960316576
74.0,77.27730099333678
57.0,60.39631773024013
57.0,69.394441019792
64.0,67.66357440782514
64.0,78.62687654191768
68.0,70.88812399718233
68.0,48.65242470446623
75.0,81.04111649731703
75.0,55.07908855332283
78.0,87.11397141610274
78.0,43.60735235537902
70.0,77.88720098851923
70.0,37.113696512542276
69.0,76.06486138005107
69.0,70.59446368599765
64.0,68.76407575051883
64.0,75.07413370329806
60.0,61.46408819783488
60.0,79.85407737906854
35.0,20.279766347639963
35.0,70.76881576745984
53.0,58.72956378900068
53.0,82.70627360148404
58.0,58.44933406948678
58.0,62.25500718573693
72.0,80.03045647698775
72.0,53.383883273310516
71.0,76.12799564406805
71.0,81.60713695621473
26.0,23.772767241717645
26.0,79.45840642775698
55.0,57.46963227885544
55.0,73.70857180436087
17.0,5.395669454291692
17.0,69.61348076153405
54.0,52.203526456613474
54.0,50.50184887705274
63.0,67.53825296266882
63.0,88.86936379610404
66.0,74.30754395617254
66.0,66.90900041261693
49.0,44.9973949178015
49.0,29.080130327244035
35.0,33.754427103493356
35.0,29.548185659986643
78.0,85.078898630874
78.0,69.64004537179164
33.0,28.166269594006394
33.0,59.03477658969007
70.0,73.81466511212648
70.0,69.74751385730065
63.0,63.93962517880351
63.0,59.273922655399474
59.0,67.96356150648518
59.0,73.01941354865386
71.0,77.05931853205965
71.0,67.51504307766749
42.0,38.08663516135465
42.0,71.37996276807371
51.0,56.48348351462408
51.0,49.126760088595006
69.0,75.64250085405678
69.0,84.63700081202512
74.0,77.61675223066925
74.0,69.33922542851406
81.0,87.319304858505
81.0,62.21574465065214
71.0,75.24917185586048
71.0,81.42284082837648
64.0,65.55321480165009
64.0,75.36046636688377
62.0,65.54836441878899
62.0,70.02483338600109
41.0,36.59105536201764
41.0,27.280611541600308
35.0,37.56766756476122
35.0,83.18450278521254
68.0,71.79063940706561
68.0,68.0325421223709
49.0,47.33829964624772
49.0,42.553516096827366
53.0,58.475539044348295
53.0,71.44217716679645
67.0,72.66145635139617
67.0,41.72268264525195
55.0,55.783634048422584
55.0,82.15434280951268
32.0,24.833322697190795
32.0,78.0266339299476
71.0,75.59557528683234
71.0,55.27315539779647
38.0,41.32948628018676
38.0,63.91197037595424
70.0,76.4503038952534
70.0,57.12255626391186
68.0,72.98387591527865
68.0,65.93307888896436
66.0,70.98210751155864
66.0,49.49889280328949
62.0,66.72690335621735
62.0,62.95715497231038
34.0,29.728435286479055
34.0,83.76209677957627
52.0,56.768890082036876
52.0,33.6226596335992
74.0,82.5719982083653
74.0,24.42564118904113
59.0,65.12830683396214
59.0,75.43800193309363
78.0,83.88502482577667
78.0,54.10339720673312
34.0,39.01360686684552
34.0,33.816593417165336
74.0,81.08554814100216
74.0,72.60087616285
63.0,72.84374431430302
63.0,67.88290250445397
54.0,52.07505222182738
54.0,78.53549497475848
62.0,65.63404659734738
62.0,68.77870117712177
65.0,66.85992739658656
65.0,81.69449217553864
68.0,70.98179401811177
68.0,82.63523733570054
80.0,87.49567969140071
80.0,68.0499714563826
66.0,71.92005373724407
66.0,39.17689606871778
68.0,73.96589318338471
68.0,68.25732925855112
57.0,59.95890889033774
57.0,62.79112821629133
66.0,73.02264850269722
66.0,73.73482021582055
72.0,79.15076898541514
72.0,64.83611564833268
61.0,65.54261550329119
61.0,39.78890955522439
45.0,41.17522048698265
45.0,70.84260155544575
77.0,82.1148905908318
77.0,44.56627889167703
61.0,67.02079770829152
61.0,42.1229604260422
73.0,79.04991649187394
73.0,68.18492105423672
32.0,32.98800994848904
32.0,76.2343174965851
60.0,63.59678432322437
60.0,31.388902284715755
63.0,67.85547919418144
63.0,79.93664527962522
44.0,42.57667657354364
44.0,84.12990468411351
70.0,76.58448382791317
70.0,34.96840723768685
49.0,48.2022366422288
49.0,79.1787138335572
75.0,82.22248836582048
75.0,71.87777011397856
54.0,54.87214546710243
54.0,77.51595075252129
65.0,64.67251937097677
65.0,83.13992450933205
63.0,66.30050013760763
63.0,37.70682005816832
59.0,61.92234904547388
59.0,66.1460546515118
54.0,57.91844617111218
54.0,59.15257027203745
59.0,63.63412074237874
59.0,79.12449101709763
26.0,33.0784892009799
26.0,57.41276909947402
66.0,69.2351518266297
66.0,67.40407949117827
72.0,77.74054457180642
72.0,81.40844812141484
74.0,81.17270347765123
74.0,69.7713949281893
41.0,47.76331729311016
41.0,81.44654950436052
48.0,46.46701817836464
48.0,75.23049542243609
71.0,76.1307827987468
71.0,8.8168368085814
34.0,36.01495929918946
34.0,48.086184136602014
73.0,78.89932177474776
73.0,62.51060331132197
55.0,54.62079920722317
55.0,74.42198334783353
59.0,63.55786034929116
59.0,34.92926873428473
53.0,55.41610733902485
53.0,81.99277607180454
50.0,51.879515383265755
50.0,30.45243385761131
56.0,64.55563488930187
56.0,31.744490791918338
61.0,69.85079245671409
61.0,68.9492976416119
22.0,22.92769773054124
22.0,11.318987996325404
55.0,60.82745628052123
55.0,84.94555662394038
49.0,49.378214405787105
49.0,71.9944830280574
59.0,57.532654635536346
59.0,65.05800223891703
61.0,66.18452365460979
61.0,51.652488169575406
67.0,70.77340249175569
67.0,57.01290423543804
65.0,72.14329869457816
65.0,75.07128733078207
72.0,79.2336107312122
72.0,81.6304682684692
73.0,81.10063410064896
73.0,53.48894395096306
67.0,71.86149432770651
67.0,72.06354297595402
65.0,67.3162452260126
65.0,53.099175300411616
31.0,23.30223781286935
31.0,57.526108766654716
53.0,54.77323382588668
53.0,73.76053022710653
31.0,27.589332510767406
31.0,74.90741750260719
76.0,82.91501953613255
76.0,59.02946657571414
77.0,87.54536797610086
77.0,64.393390867542
69.0,77.9956540896689
69.0,78.16522836789972
86.0,96.11032940970676
86.0,36.06696086785047
52.0,51.7412664045799
52.0,57.41971521321767
70.0,74.38887292136934
70.0,53.208740934534546
69.0,74.99841912875905
69.0,82.24718298021509
18.0,13.76937768118188
18.0,82.62742947016142
53.0,59.579804133586435
53.0,72.85874867542572
71.0,75.23846766718083
71.0,74.41732280703627
70.0,72.7341775521424
70.0,63.56116739808226
46.0,38.4449876835252
46.0,71.26748534826447
31.0,31.400232566091915
31.0,43.60372280224533
51.0,47.71452859937472
51.0,61.10548586138083
56.0,59.10841662958387
56.0,40.40551814007472
60.0,64.15912982772824
60.0,78.46720719121555
38.0,38.08348739146845
38.0,64.69449392217757
43.0,36.85958503425019
43.0,62.7274196952618
76.0,82.57864135601824
76.0,70.05612339574054
75.0,81.60988277608578
75.0,80.072525483709
67.0,73.8888291652259
67.0,70.86171559482705
69.0,74.66240525123038
69.0,16.74970665334837
59.0,61.60082296052565
59.0,64.83184939773497
61.0,62.3442236795708
61.0,72.31281436006395
69.0,72.67722708601855
69.0,73.13170661737519
49.0,43.60784078335013
49.0,89.3158559863889
47.0,46.42739470350301
47.0,58.158404576543546
74.0,79.21478683096723
74.0,70.94886517895964
68.0,75.6406668559435
68.0,79.41497850924014
65.0,69.04091108261503
65.0,92.9213908245008
72.0,74.70439172543371
72.0,51.05123182958937
63.0,68.09536624808408
63.0,74.40608703018665
37.0,29.60771729271886
37.0,44.21088499943107
41.0,36.60951973970873
41.0,75.46549640684765
49.0,49.995625449719284
49.0,5.340214191022312
60.0,61.7015167889727
60.0,69.77355014329441
54.0,55.55197547271803
54.0,50.93190763983716
75.0,80.91556163114126
75.0,70.88379894954454
64.0,70.19293519034943
64.0,83.22924861262112
57.0,64.23914112503206
57.0,59.484559758302055
67.0,74.7863781730112
67.0,75.25818975111787
66.0,66.84426522494556
66.0,70.77875006576613
42.0,47.02059088151907
42.0,66.86872059757923
69.0,75.00368406691445
69.0,47.48133613117619
62.0,62.83105006660912
62.0,33.42243700547084
59.0,58.73303973768128
59.0,39.75040922977581
63.0,70.84808075833115
63.0,69.98479683761605
70.0,76.4503038952534
70.0,68.59550442336143
47.0,50.027615572294565
47.0,21.263035415664262
65.0,70.81157849015898
65.0,71.58306809304389
73.0,78.62993827540413
73.0,75.24265997983105
60.0,62.603310089073034
60.0,74.16983536227696
58.0,56.87736460685744
58.0,74.14878063262324
65.0,68.96934991431465
65.0,71.93450743794125
67.0,70.31244001784364
67.0,14.876850347132972
79.0,87.21204080839829
79.0,58.958614449694835
64.0,68.83853717173673
64.0,17.91691817198881
66.0,67.76329828451236
66.0,79.67225730559386
75.0,82.03682941463518
75.0,39.14065209297161
34.0,32.09699967011818
34.0,76.99380324376835
65.0,70.93182928877366
65.0,64.08641709768153
34.0,24.755137338201678
34.0,84.4146423361978
71.0,73.60275175126287
71.0,62.29391548262731
38.0,30.31210451201622
38.0,76.54295238076367
63.0,67.93170391469488
63.0,34.73511939655691
38.0,44.08331913048278
38.0,40.6890504096163
76.0,81.17412126950302
76.0,60.97683472885251
67.0,71.40491963420988
67.0,61.32214890821672
30.0,18.687338069681346
30.0,89.91238513595209
29.0,25.933914874285563
29.0,63.74076193344456
67.0,69.34936518598653
67.0,78.33716705305636
52.0,52.52472556715651
52.0,59.206739655019135
72.0,73.89266486497377
72.0,90.83572965763994
35.0,35.0532063843055
35.0,36.59480342566616
53.0,53.682125217531336
53.0,47.605013405752686
75.0,80.87775345552888
75.0,68.21878860592079
82.0,90.3731913891263
82.0,63.41099235955113
73.0,76.6168879773141
73.0,76.29990046881863
50.0,49.43562266364336
50.0,51.539848660800715
63.0,64.93722619822103
63.0,76.34187798778862
68.0,72.20533881991685
68.0,85.24428773995947
46.0,40.09041910466914
46.0,79.925136349929
72.0,74.42890048792765
72.0,77.9953700475026
81.0,84.76414897900742
81.0,70.9933496566681
78.0,85.03000598778857
78.0,5.395669454291692
66.0,68.66159250606825
66.0,55.107777508426636
64.0,68.86121126154836
64.0,42.24646770567938
59.0,63.83025181024112
59.0,55.25658658105402
67.0,70.87196214509925
67.0,61.91874213576085
52.0,51.1325492764409
52.0,72.8188664959074
80.0,86.81225991642998
80.0,71.14840665688871
75.0,80.600961288532
75.0,73.17743931807149
43.0,48.44882366342637
43.0,72.26081384071455
68.0,69.74859100998981
68.0,68.13748334865392
45.0,49.35212470874086
45.0,44.949435004470274
52.0,51.86773186049584
52.0,24.833322697190795
32.0,23.736358726500328
32.0,68.56340176946952
75.0,78.36516460000973
75.0,74.38639330748225
67.0,68.52910861024304
67.0,59.03924603431352
67.0,73.54006647866731
67.0,45.121426868753645
48.0,48.32775877029292
48.0,60.54406106189509
44.0,41.26253121597989
44.0,24.791357475584675
70.0,76.3908083582221
70.0,52.78459993826567
59.0,61.29144729091507
59.0,36.75710869354435
72.0,76.59734496281743
72.0,52.57628495003689
46.0,40.92737202607583
46.0,77.13110990662148
10.0,6.9736382979533005
10.0,76.08533746519652
54.0,52.04278443308118
54.0,59.401418616188494
62.0,60.8916249368894
62.0,47.071517696288936
52.0,50.44771973223163
52.0,62.319619812639246
65.0,72.06013412510384
65.0,74.48066103979733
26.0,17.633440679539262
26.0,54.643646081698364
68.0,68.32433365784811
68.0,71.71139201410841
76.0,82.06286735954137
76.0,50.58932325060732
63.0,67.2651598398383
63.0,77.36320999150928
64.0,70.8723663645668
64.0,83.7516110143153
53.0,59.65635017699634
53.0,73.29636553082747
38.0,39.667719971348504
38.0,60.47374597433509
75.0,79.19115676987303
75.0,72.64464065923613
70.0,77.55114706035386
70.0,76.04460668656696
67.0,70.97841075057414
67.0,52.2488703229169
66.0,69.06980833371506
66.0,64.60244908115868
60.0,64.82373661536212
60.0,24.804974377718963
44.0,40.87735253672582
44.0,47.057440468152265
69.0,73.75048394915905
69.0,58.043725911175045
60.0,59.30383804390436
60.0,22.39424005675778
56.0,53.51940846904216
56.0,81.97447298963908
25.0,19.800370673963016
25.0,54.29421522589979
59.0,60.10079890126559
59.0,12.898598075194286
78.0,84.29709671340129
78.0,70.05705953301396
54.0,56.70202870042033
54.0,67.68710870253068
52.0,56.40933082202116
52.0,68.34466057090862
66.0,67.23269167572715
66.0,29.318099729636344
64.0,69.00358341273085
64.0,76.3996493167246
53.0,52.93298423428877
53.0,57.13614100193365
61.0,63.95287562180596
61.0,75.54189072685512
79.0,85.59542373618422
79.0,77.36140794864781
70.0,73.1703520676482
70.0,77.57125827857527
70.0,74.59081462968936
70.0,56.71161434331174
69.0,72.66074369978475
69.0,71.86709986989894
71.0,74.52823212029216
71.0,66.41807203383343
69.0,77.74308035742735
69.0,36.3948870171543
61.0,67.99562685230973
61.0,57.09812647069026
67.0,70.60919764069888
67.0,66.47304292069998
44.0,39.540550358311066
44.0,59.78771074408701
78.0,84.12261044530078
78.0,73.81150779638796
67.0,69.29597625963191
67.0,71.95298583521594
69.0,71.83992188298868
69.0,69.09698635295166
67.0,69.92050148902524
67.0,67.62367149714265
64.0,70.17402898399257
64.0,62.33770971213278
56.0,57.30398813881243
56.0,44.346601107809306
28.0,22.22220841162141
28.0,47.81160767012892
64.0,65.81050992616042
64.0,79.78540902544432
72.0,76.97585752469831
72.0,28.16974737204032
45.0,46.98249365059587
45.0,71.70134027992549
75.0,80.43966451449495
75.0,75.5020778424605
66.0,72.4434847404255
66.0,52.656818575164266
70.0,75.56153146300409
70.0,45.477335426981654
54.0,52.71945349768737
54.0,60.81163621529106
75.0,79.55721548118464
75.0,68.86452863525875
64.0,66.94626550959202
64.0,29.461384482743483
70.0,72.28054037741123
70.0,69.43464261421462
59.0,56.985546286658405
59.0,76.53743783628806
63.0,63.97049608413704
63.0,30.950251893729956
47.0,53.52220156228333
47.0,51.583187331668626
56.0,57.875480107735314
56.0,54.5830322770712
73.0,78.47112427468096
73.0,70.48485598078474
55.0,57.26135924173184
55.0,40.72674518846952
74.0,83.90092234228501
74.0,65.21816470884409
51.0,49.08294624420466
51.0,62.573348357381406
58.0,64.46730993622936
58.0,43.10052974483557
60.0,61.44375832575179
60.0,64.49476661641569
62.0,69.564112054232
62.0,79.46838967708635
65.0,68.63483975485696
65.0,78.74440884213328
47.0,48.73364053322615
47.0,72.85009014857184
28.0,27.426794961429607
28.0,77.57804143432537
69.0,73.31896736683575
69.0,20.88847326003662
49.0,51.42838448046098
49.0,66.34620121364895
79.0,83.38422430255918
79.0,37.58789686052319
61.0,65.06123127800129
61.0,54.401225233145226
59.0,58.693165419015884
59.0,69.50439396471774
80.0,89.04938134597643
80.0,64.56687276869366
58.0,61.44405129295836
58.0,68.6911625894125
65.0,68.78003525695243
65.0,67.06872379766651
79.0,85.5589646487249
79.0,21.385556643594782
19.0,22.690061251808515
19.0,71.59636365428025
67.0,73.07157687676784
67.0,22.56278743439418
64.0,69.34848387694865
64.0,76.64763818973694
50.0,52.71284264783287
50.0,63.86039088019908
68.0,73.2894232242341
68.0,67.64280976933526
62.0,64.755825844198
62.0,26.783019227984425
52.0,49.361075727805485
52.0,82.94583305186626
43.0,47.55655452949469
43.0,41.222421555451206
55.0,54.453104100900646
55.0,58.26395941477608
74.0,78.81076385421375
74.0,84.33205800966027
76.0,82.3864151657695
76.0,79.16089159097544
63.0,66.11277356543889
63.0,80.33542814267406
59.0,65.6231706462047
59.0,83.14939738424516
54.0,57.751428492294224
54.0,85.73247691514513
63.0,69.46332591561867
63.0,82.4408090719503
75.0,81.4581265561913
75.0,57.55199621020711
61.0,64.11486648179886
61.0,61.78488293511464
60.0,66.4362905913053
60.0,72.84869532582803
66.0,70.14033613153958
66.0,68.74744890915224
31.0,27.851116008991312
31.0,72.47285741027207
72.0,77.56720900280357
72.0,27.706565994014397
31.0,24.73846854509719
31.0,75.34964416396605
55.0,49.79566521070058
55.0,40.926101353858485
68.0,72.26953822131424
68.0,30.33514837062222
80.0,86.75454671577262
80.0,82.28255268840985
63.0,65.6026204531135
63.0,54.70738134721938
49.0,46.24042708801511
49.0,28.349043522195927
76.0,82.15635647751265
76.0,51.63579797074908
88.0,95.3308581219078
88.0,78.77817710237412
73.0,76.72453004842231
73.0,77.0652634913344
65.0,65.57955766743771
65.0,66.88299767846257
75.0,79.75914168971809
75.0,77.06141209882094
80.0,87.51565181663062
80.0,51.102829626226594
48.0,45.784843113944476
48.0,58.789420622296575
38.0,37.04783635612307
38.0,55.39130726202234
42.0,43.18592608208837
42.0,27.819613754977922
43.0,45.93788061367127
43.0,36.830997455838656
70.0,78.04843112260323
70.0,81.68652435588643
46.0,50.50154770627074
46.0,20.14370854497207
67.0,74.51986484568687
67.0,56.5484848145241
45.0,46.412816064302206
45.0,83.07479512766389
50.0,42.97613631597244
50.0,27.494048788555517
68.0,74.67308697584059
68.0,70.23525970010206
70.0,74.86377096162681
70.0,60.05089497062079
46.0,45.60392408478481
46.0,72.21222940195236
22.0,27.626628365199963
22.0,72.70442294530073
77.0,81.2650040993193
77.0,54.334239440640886
57.0,60.66021207562454
57.0,60.58943725470368
44.0,46.04038264331268
44.0,62.6419083494236
72.0,77.71510308680234
72.0,59.23392126575362
71.0,74.65045257114281
71.0,72.14759803241498
60.0,63.213952731164966
60.0,78.23247785883927
59.0,60.09615962469536
59.0,72.596902320884
58.0,63.194525020859146
58.0,62.892691608304744
50.0,49.22044377012213
50.0,63.99835693724452
63.0,68.90161694173008
63.0,90.04876880257672
50.0,54.63807056714694
50.0,19.217802744670735
52.0,51.38501667421008
52.0,88.26752119895508
9.0,-3.7327688186961723
9.0,68.64240791465915
48.0,47.44060942270113
48.0,50.731708067339184
69.0,77.9883558212652
69.0,71.48387423902057
70.0,73.00301750220797
70.0,79.13154743537007
49.0,50.36447550627179
49.0,60.653124748627306
47.0,50.65352170117143
47.0,65.12627524213968
59.0,60.76860394497777
59.0,70.28975007388613
81.0,86.52492720344907
81.0,10.083296799062396
53.0,52.473049924360794
53.0,64.949024215154
60.0,66.20364994453439
60.0,66.86419529244154
75.0,81.28081504554746
75.0,57.541828198094436
66.0,67.27467420355549
66.0,67.95557797141527
56.0,61.04286701754012
56.0,61.026823214689614
73.0,78.4340271651597
73.0,37.14326068067061
54.0,52.773831123696084
54.0,29.813610585396134
63.0,65.1922183081312
63.0,86.56150412257642
46.0,41.063651926861326
46.0,63.959748908915174
62.0,68.6266814144928
62.0,77.31870171108744
55.0,49.403615356715704
55.0,45.84248905004125
80.0,86.69208905706876
80.0,77.67159355501735
71.0,75.17208372757881
71.0,76.55144916935797
68.0,69.58574996833755
68.0,66.05867210575809
86.0,94.18531539519779
86.0,62.85778303928549
61.0,58.70518468596606
61.0,80.88386450546142
57.0,61.78499156179856
57.0,57.91889973764319
46.0,51.195596854277085
46.0,8.523044069601042
69.0,73.44007721801165
69.0,49.16915029077171
73.0,79.05786465122321
73.0,48.863932958826695
53.0,49.3771923718632
53.0,68.12909972216175
45.0,39.073725052832
45.0,59.74737361000035
51.0,53.30787014563617
51.0,74.3163580616166
61.0,62.0632155847519
61.0,83.9480785118484
78.0,84.28603053229108
78.0,35.78256106449743
61.0,61.773931926047
61.0,78.2947807096134
67.0,69.71929261981433
67.0,65.76217900924581
68.0,72.44849273963018
68.0,56.07903147243627
52.0,54.72655451867445
52.0,69.3894646969618
33.0,37.99844073886038
33.0,81.81002965434249
61.0,59.09131937448825
61.0,33.356189318793156
67.0,72.8057308967052
67.0,75.14915001022166
51.0,53.266603439776475
51.0,73.00855825185113
61.0,65.69281065073591
61.0,67.34902311875902
50.0,53.16842537012889
50.0,64.98183592423976
68.0,73.81504189320361
68.0,47.57872419425445
62.0,60.106997701150874
62.0,86.74816039169644
75.0,81.34676476439051
75.0,77.84522281667881
51.0,46.592117978416184
51.0,75.3008939301796
66.0,69.24750256498385
66.0,41.01451803254514
68.0,72.30299510052885
68.0,0.9902671911700054
34.0,32.793888277340045
34.0,75.45085571263036
86.0,93.75001028277495
86.0,63.23792089971619
67.0,71.19941416834985
67.0,65.34748597455342
72.0,76.92524865718559
72.0,60.6773058892652
59.0,56.65058364836318
59.0,76.73324031558786
64.0,62.847612401373
64.0,69.63406996099758
66.0,72.57636115653742
66.0,67.68580784002432
61.0,67.33067179037727
61.0,61.95042123402078
70.0,74.49540168051215
70.0,81.08286834367686
70.0,75.3451433763596
70.0,75.4823621529859
64.0,69.97209807130042
64.0,72.62337067773689
15.0,1.9623000162521862
15.0,52.63361944220321
39.0,31.36767070328267
39.0,64.91308667439984
56.0,56.95396225691661
56.0,65.68484193635618
69.0,74.798561880038
69.0,24.7227741354435
80.0,87.38790575789312
80.0,71.6109823944393
57.0,61.62705244275685
57.0,78.36683099331492
48.0,51.69327958374373
48.0,81.12253709860312
72.0,77.84343290603499
72.0,74.88861178716962
22.0,15.087251317384244
22.0,74.84380520553685
66.0,72.53623261270172
66.0,79.84818219422806
61.0,64.62448486025193
61.0,83.047231218062
66.0,69.17153588553776
66.0,74.24071177732321
64.0,67.79076791279522
64.0,79.63776108291529
76.0,81.25641845903505
76.0,67.9488812122533
64.0,64.90691543279058
64.0,61.252903368097066
72.0,76.08721767827382
72.0,56.45908813785769
67.0,71.82713083277952
67.0,35.4459741039326
68.0,70.67530798854966
68.0,61.99152351217225
63.0,64.5208542127304
63.0,73.89555425394929
50.0,49.792846300999315
50.0,72.3987670748989
47.0,46.1603122209724
47.0,57.05486744375435
49.0,46.26732321874067
49.0,61.76264212024995
62.0,66.9813059483161
62.0,53.8035620567328
52.0,48.823846275411256
52.0,51.74639092356074
62.0,65.37913968340797
62.0,78.50311257103601
38.0,31.89158225333273
38.0,66.41095785204936
53.0,55.364342143637884
53.0,72.80140025776399
66.0,72.29136451266487
66.0,60.303164884048954
47.0,44.620224159414306
47.0,64.83893438084118
71.0,77.77518750887259
71.0,71.76899795688774
54.0,49.739951600841664
54.0,18.487487574681893
60.0,59.23435576903972
60.0,67.67877794810971
77.0,86.25785856990234
77.0,76.21988195839714
70.0,79.37816574953979
70.0,52.147274242436595
76.0,85.45980978824053
76.0,75.18020860467249
65.0,73.49575209548289
65.0,59.37963651626035
63.0,65.99581695484522
63.0,63.40863881866653
43.0,47.64038568021056
43.0,22.536853787496568
70.0,77.51291637402113
70.0,60.46757271161442
55.0,57.196732889844384
55.0,74.63323753505108
42.0,42.30233591005987
42.0,59.49262062032017
47.0,46.21471299053866
47.0,57.1770706041612
53.0,55.282538736142214
53.0,55.33038397144952
59.0,64.66029883150622
59.0,77.96090130751554
41.0,39.29649449051573
41.0,84.72152628831145
69.0,75.66808843335241
69.0,61.70988169324636
64.0,67.18702366899447
64.0,52.010799812666846
68.0,72.97409028870243
68.0,41.56097425750738
72.0,77.47740365202532
72.0,88.63157942467979
69.0,74.33303855119658
69.0,61.87072033829298
75.0,81.34541052149353
75.0,66.61303502749689
60.0,67.82619049594865
60.0,74.470831905858
63.0,62.44700061075389
63.0,45.41635088650406
19.0,-2.5856924630511458
19.0,60.187742184033254
69.0,75.32965522718905
69.0,46.49158768265977
68.0,75.45404098503087
68.0,75.82862659568946
44.0,46.89025958614633
44.0,72.72678034846092
52.0,52.77645261656227
52.0,76.63852177106997
35.0,35.90522527631657
35.0,49.37840138191774
69.0,71.33364044379232
69.0,80.2056851302894
55.0,57.45628221523697
55.0,74.86105481103692
67.0,72.66806002274257
67.0,36.80520105133036
62.0,64.16431446588143
62.0,64.61952678453866
54.0,57.928845052406814
54.0,45.494418710006016
46.0,45.99279140657541
46.0,59.76713503458541
40.0,45.86391669872228
40.0,78.25950319733153
44.0,47.19546075249184
44.0,44.00371369720813
64.0,67.2519694703575
64.0,40.466793600915025
60.0,65.41472026528072
60.0,76.0029858816738
69.0,75.24177264069414
69.0,84.23210882619082
55.0,51.84162617401995
55.0,13.229151826187888
32.0,34.61875282896801
32.0,67.704808621942
66.0,69.59767425286162
66.0,52.28735131184834
62.0,66.73757253216769
62.0,43.1254373014641
53.0,52.39734213502487
53.0,72.8317364986375
79.0,83.29701799583484
79.0,73.13266841930562
67.0,70.35749930786506
67.0,85.51055186792098
65.0,71.70150824550456
65.0,70.8544679301778
75.0,83.10549940070695
75.0,62.74693884728521
30.0,28.807785110067528
30.0,71.08878087021037
54.0,55.315312438009585
54.0,65.35970715083846
64.0,64.50111912259018
64.0,31.836975112168886
75.0,82.34970563056856
75.0,53.25025435574713
73.0,76.2488466619688
73.0,42.3724598312499
71.0,77.944046639784
71.0,52.69337851768722
64.0,66.31969757789835
64.0,71.81711649024243
59.0,61.36536651590552
59.0,42.79052278146361
45.0,45.02288998101176
45.0,82.62530293878439
21.0,9.76546282672814
21.0,74.06334989096098
67.0,69.19658235182175
67.0,62.022956831170404
68.0,75.35582816675918
68.0,67.18142749035172
68.0,73.12241026279128
68.0,58.3766995720444
56.0,59.71579837750994
56.0,58.559704759355384
72.0,74.5414021946799
72.0,67.54118454246924
45.0,49.741790478561256
45.0,69.68681130341656
59.0,60.09007509622643
59.0,68.34765026070158
44.0,44.61723317297384
44.0,70.10275370467923
69.0,74.63504326360254
69.0,45.394422768738764
33.0,29.74152618222888
33.0,76.78822760238904
76.0,83.86866790045588
76.0,56.56214419892024
35.0,37.840192034126574
35.0,78.87773945416853
36.0,26.406630626631852
36.0,72.08436482228035
61.0,64.0573722063125
61.0,65.42038202690651
44.0,45.83339364023112
44.0,77.57481121777175
76.0,85.44863691834945
76.0,68.0164960446412
35.0,39.32582880014536
35.0,78.0998698814808
72.0,78.7212737959025
72.0,52.107157952197326
29.0,22.344122007530302
29.0,44.9973949178015
78.0,85.70523781906076
78.0,87.29483887393144
45.0,47.20913707429247
45.0,46.430959207246644
54.0,57.449278492200676
54.0,33.35292278173819
65.0,68.82151162481296
65.0,69.2171495124465
60.0,60.88626553334905
60.0,28.793830765221117
54.0,52.315612704116575
54.0,40.760557318977874
74.0,83.25613063099428
74.0,13.176002392876114
63.0,67.80477394223777
63.0,66.88384207513599
73.0,80.19496208559832
73.0,66.50242418543456
72.0,76.51898144236623
72.0,63.9705335567981
69.0,75.71939475748701
69.0,61.61141367720859
56.0,55.08085193957584
56.0,59.48248241063351
77.0,82.2211673408317
77.0,56.437781697687456
76.0,83.22306145287251
76.0,42.95403533623295
72.0,76.58594250531286
72.0,55.89984316621036
58.0,61.447169721166006
58.0,79.56935210917999
65.0,72.84499763404364
65.0,92.97354375936925
51.0,54.268578800311275
51.0,80.21692515691416
75.0,80.14538510967901
75.0,79.1277351857969
66.0,73.45675275081442
66.0,79.86136626723146
67.0,75.36173090991036
67.0,44.06279026422436
65.0,69.91159517441997
65.0,79.02041875228588
45.0,48.59990758203912
45.0,74.71115732536288
57.0,57.783915508613404
57.0,68.0795071525593
65.0,66.09958557941485
65.0,25.949771217504576
60.0,62.709889080912774
60.0,63.03063749611124
72.0,77.70243116661504
72.0,75.42406490489623
68.0,75.14734934711731
68.0,77.68566007022946
69.0,72.33760879121348
69.0,72.95146377079487
57.0,59.60404742352051
57.0,12.810012607221836
59.0,64.81458103461551
59.0,75.91876502226324
21.0,23.444970690393177
21.0,73.32719597781397
64.0,67.69190804353275
64.0,81.79891215582688
49.0,48.29146150429898
49.0,74.31490448063823
63.0,69.23634144339741
63.0,49.26281799769748
45.0,47.96064117771692
45.0,29.81253687314836
74.0,79.6646132034939
74.0,9.753207939415518
68.0,69.3058361733647
68.0,45.44771378250783
69.0,71.77698321939283
69.0,51.96417867461821
70.0,74.05708518682525
70.0,49.2118082622805
56.0,57.74461996688507
56.0,49.29989144958938
59.0,63.2083587382985
59.0,63.030539576062836
65.0,67.56638246422818
65.0,70.68021294254248
32.0,32.15105995747979
32.0,64.79391761410182
45.0,48.57782938721567
45.0,77.6765099981717
65.0,65.43505946768238
65.0,66.53540527694008
56.0,52.078973721141836
56.0,79.41323324135226
68.0,74.54188484384457
68.0,44.36617619006216
64.0,67.63269077188545
64.0,56.72892599233006
59.0,65.65941638372533
59.0,24.60702716030005
63.0,70.34347688821566
63.0,43.24992022803724
63.0,61.289243025760925
63.0,60.87649317569753
56.0,56.04291888510767
56.0,79.27562928864165
37.0,40.33762761268241
37.0,65.18959480559204
61.0,61.31147467625493
61.0,44.56515252927477
74.0,80.05791893127463
74.0,71.486981409919
51.0,45.990696431240224
51.0,72.97441310969742
66.0,68.01045779395645
66.0,82.46902414134058
62.0,65.22990143417263
62.0,73.5482390818907
71.0,74.796345046831
71.0,53.03458371114573
12.0,3.6381660749178764
12.0,83.1151856670055
61.0,67.44622168083026
61.0,70.16645261328529
75.0,80.4870296593781
75.0,77.86847521707932
42.0,40.7515448571059
42.0,31.64039118611322
55.0,51.05248566616348
55.0,79.38215714298263
71.0,74.81212873580444
71.0,64.45246793375458
55.0,58.67524973842171
55.0,73.8156448752045
67.0,72.2463987777299
67.0,32.12866741994304
69.0,73.34512334095189
69.0,71.32671503679666
21.0,14.208766775822028
21.0,82.43859450368399
68.0,72.48580253766323
68.0,53.51811961297
27.0,28.626070561283655
27.0,79.83820078349987
66.0,73.69313281151284
66.0,68.04300769569602
41.0,33.174933762203466
41.0,71.75710657625433
17.0,12.291653426232642
17.0,65.98831543781034
35.0,39.94123827300905
35.0,67.76032734246621
72.0,78.88988834052145
72.0,74.19772364734462
64.0,68.63314469452325
64.0,40.24860211773938
59.0,60.2624922788097
59.0,65.44837397131522
66.0,73.86658083745272
66.0,89.49180605850421
62.0,62.36414634910153
62.0,41.9245453018425
41.0,36.77835961656331
41.0,42.656262083689114
66.0,69.97803008226657
66.0,72.394330450805
54.0,55.93892015091433
54.0,70.49408995743806
71.0,76.95764336460132
71.0,75.0353685119955
25.0,18.355263555720512
25.0,72.3152652612294
62.0,67.87797378801059
62.0,55.37784532278653
65.0,74.47149998544046
65.0,39.300481753575866
32.0,40.06911989169345
32.0,28.7421638615466
47.0,45.55170143471389
47.0,77.8106395534407
49.0,51.435741270498454
49.0,92.67570091742476
69.0,75.11198607963377
69.0,76.609468655255
61.0,62.65053116667701
61.0,56.84805901645939
76.0,81.03674174136381
76.0,83.90768438234045
65.0,69.8754386009507
65.0,89.32985008024826
67.0,73.32047862778631
67.0,67.01452649420372
37.0,40.25317199692694
37.0,39.540550358311066
26.0,22.708223132301896
26.0,21.381224549297542
63.0,69.12116616905581
63.0,80.47988140663949
70.0,75.40290818896989
70.0,57.517938346402445
68.0,68.04058224806647
68.0,81.78888050288333
20.0,22.005299416741536
20.0,74.8064056395686
30.0,21.13398681519294
30.0,52.33569502486705
62.0,67.6839102503576
62.0,75.08490308759406
64.0,69.38214795493724
64.0,74.89085155995423
58.0,60.09090461211173
58.0,55.14587358322109
73.0,82.57386271760203
73.0,96.93668430126058
58.0,60.093110327117415
58.0,23.5241465556594
67.0,72.84899018564977
67.0,63.05885008813675
56.0,57.44321116658017
56.0,63.74032838399813
74.0,77.89688928339177
74.0,76.01862278542427
64.0,67.24919810070332
64.0,27.221251558873632
67.0,67.99270906421458
67.0,41.186651658716926
70.0,79.21303560456681
70.0,42.65580523286684
71.0,75.84743594982382
71.0,36.92021568897951
70.0,72.82432772662935
70.0,81.82898814570757
73.0,77.97008390283554
73.0,29.902234165688924
70.0,69.69884655541301
70.0,82.96636048277327
56.0,58.8057457853165
56.0,45.4135540911779
72.0,75.4719841846105
72.0,62.863930873820095
60.0,65.05482933943676
60.0,39.92634692331882
25.0,27.737103089679408
25.0,76.75632401744258
58.0,64.98360212373058
58.0,66.6052736515635
69.0,71.99902410561054
69.0,77.12358799439755
74.0,80.18492125829925
74.0,71.88306850115055
74.0,82.11944081736289
74.0,66.2542697562115
39.0,37.83440333105301
39.0,58.49964192110593
75.0,84.03036432257812
75.0,81.81775920634499
66.0,70.9322521382066
66.0,57.80893138286467
13.0,5.0311620151013585
13.0,79.84748187166781
64.0,65.6987388290924
64.0,66.68089381064857
57.0,58.847262774457874
57.0,58.47968709814512
78.0,84.53014983809027
78.0,68.02885402058871
45.0,41.04150366799092
45.0,67.03700198894467
49.0,52.65156425507769
49.0,79.09137433701687
67.0,71.584247941059
67.0,69.37168399801135
69.0,73.448588331015
69.0,53.53491540510987
80.0,85.33310994182654
80.0,34.063205793887846
49.0,56.37913178655873
49.0,86.93767127615803
75.0,78.60755537102943
75.0,69.75683054489559
66.0,69.82966635166133
66.0,21.628240060555868
42.0,37.22571250372653
42.0,83.41965847622868
62.0,65.93161699484773
62.0,84.60925639067511
62.0,62.85816788559009
62.0,75.60191635050325
71.0,75.43696334923618
71.0,32.681581031697874
70.0,75.60246056738384
70.0,80.96298307160436
40.0,36.64961914950237
40.0,50.825846179948485
49.0,49.42671558660828
49.0,74.97245766679202
60.0,63.47420280366964
60.0,84.75796809806343
79.0,86.29478990537075
79.0,36.32233714380743
65.0,69.59147264175789
65.0,73.70557219823223
34.0,39.79500399486062
34.0,72.38295514438033
47.0,48.51959778555994
47.0,84.09515796124185
83.0,91.16238899457738
83.0,52.97574091124511
69.0,75.55491881306858
69.0,63.18742817273568
68.0,70.85734236947991
68.0,80.87295413966626
62.0,63.60068558644798
62.0,54.186798524729056
77.0,81.79029236606567
77.0,47.350431129425886
65.0,67.58819263781754
65.0,68.40696736096226
48.0,51.14574375680144
48.0,31.233354532465626
54.0,56.91823294910745
54.0,79.9515075159336
45.0,44.761124087122084
45.0,79.03685346253235
67.0,72.05251039971779
67.0,76.96625991347992
73.0,80.5931106670094
73.0,34.040188888808245
66.0,69.28219705600202
66.0,76.29526774179453
59.0,61.026092713183345
59.0,49.74872469657407
55.0,54.74044711384295
55.0,82.88082151058296
25.0,13.831293966954945
25.0,79.30704108569518
65.0,71.27762912938817
65.0,76.41162637666815
72.0,79.888147115695
72.0,54.06089266942729
48.0,51.443312917143714
48.0,81.42276922459223
56.0,56.65705495843298
56.0,75.9547664694926
64.0,67.73069674259716
64.0,30.385631279960364
71.0,76.63833227742714
71.0,53.91463596104438
11.0,10.482360812744275
11.0,71.47325152356854
68.0,69.9671003323432
68.0,80.75234229515138
40.0,31.542311016820406
40.0,64.75105953536962
63.0,65.0815031316065
63.0,74.89332481759965
61.0,62.87357960644516
61.0,61.184222915717385
68.0,72.34130306723307
68.0,68.761475042109
77.0,84.76157058409689
77.0,69.50452221767745
63.0,64.26133863834269
63.0,70.74544524783863
44.0,47.43197736543783
44.0,73.69891515452593
67.0,70.88825005931892
67.0,32.2875095820238
77.0,84.48937363356862
77.0,69.05302923690937
63.0,65.4688105026787
63.0,69.60940304123903
76.0,84.26635265083394
76.0,42.43640396780029
61.0,62.24391925821493
61.0,80.92714529469049
32.0,31.110471182933964
32.0,76.1177416145137
69.0,75.25058068428422
69.0,82.38747685986618
35.0,26.389882504272975
35.0,72.3152652612294
39.0,23.059532501110596
39.0,49.757312116455694
56.0,57.85214194173636
56.0,56.07865115125554
55.0,56.54318211087576
55.0,67.5855809911265
66.0,69.76641068731186
66.0,81.12251756970909
46.0,47.48507125191543
46.0,80.34788579776654
50.0,54.01464334304859
50.0,57.01113146403952
11.0,1.802137932411938
11.0,66.47943493566254
72.0,74.8462751883406
72.0,43.78136334200724
64.0,67.45434961115012
64.0,75.99900374663179
77.0,84.39307426450841
77.0,57.267645407452335
49.0,51.38966824712236
49.0,58.801092955166496
65.0,68.0705066912513
65.0,62.01540596891755
49.0,52.79545072089422
49.0,89.82816250846406
69.0,73.42815664104052
69.0,47.79123841735236
75.0,84.68704592352191
75.0,61.49341844506114
55.0,58.6561758395348
55.0,67.402221471021
55.0,55.03429869349452
55.0,70.34485395856188
24.0,19.800370673963016
24.0,54.268029140243925
81.0,87.43177598167148
81.0,67.71718572779213
58.0,56.13504699430115
58.0,44.33513613120044
38.0,39.69593102878713
38.0,70.25160056743823
21.0,12.754217894814587
21.0,66.1518666532088
14.0,16.94514706141274
14.0,78.08032041854148
48.0,42.301458764555264
48.0,48.617950137517425
63.0,66.46868764104698
63.0,30.043780081532077
55.0,64.09844937980239
55.0,72.19137943633217
33.0,34.63044022464504
33.0,7.077261069186591
76.0,80.77257210341475
76.0,61.02667574657261
75.0,84.86714470932083
75.0,82.32383742262579
26.0,29.48097674071397
26.0,73.84070222356877
75.0,80.888783111814
75.0,21.73005353406336
67.0,72.12249583352065
67.0,2.2780452908085635
44.0,46.97525236080821
44.0,85.5805723498587
68.0,73.53644963229766
68.0,56.78303809093916
71.0,76.69752705667213
71.0,71.83350008155685
50.0,46.74282814484974
50.0,75.45527203150442
64.0,68.89944481732937
64.0,78.74644000108418
66.0,71.64114030775272
66.0,48.83666493284204
25.0,14.883917178904824
25.0,21.382957706537127
67.0,73.14495905850055
67.0,78.17485479423004
57.0,61.263367344270364
57.0,74.86630977055307
56.0,54.19987252309562
56.0,25.411217493012145
55.0,58.276971313428135
55.0,44.97811328193097
62.0,66.89792397703667
62.0,69.46976289157857
36.0,39.91262461693657
36.0,61.73357908604726
61.0,64.76404526122269
61.0,53.2546483287108
25.0,19.45685061145639
25.0,50.69993797117638
66.0,71.25726586350822
66.0,80.77822461168728
64.0,69.24184497084536
64.0,79.20950599989163
69.0,74.0454504339321
69.0,34.98174155297676
70.0,74.85966104323234
70.0,40.000693702026524
68.0,73.40474014502786
68.0,81.39770480852161
66.0,72.28388902990002
66.0,62.18447205005077
71.0,77.73408871876183
71.0,81.22099199118793
63.0,66.28110465072581
63.0,73.12952241261894
57.0,60.181360106049
57.0,88.6764096225869
49.0,50.6375766083284
49.0,71.98058995924515
51.0,50.144102445080364
51.0,66.94443676828263
69.0,74.69321932268952
69.0,73.40911105496264
65.0,68.39842820510063
65.0,71.58225376883132
73.0,75.53411376683243
73.0,56.62535104386831
55.0,57.122006476463696
55.0,71.7776429972107
68.0,74.42384135652327
68.0,72.24190566336131
67.0,72.99602833168461
67.0,63.16302188586235
78.0,84.12844065320269
78.0,53.51527221483332
26.0,18.119225321073372
26.0,87.78981906030157
32.0,23.39258250402031
32.0,72.8831420282221
56.0,56.65705495843298
56.0,52.451675643193994
73.0,73.04163830115942
73.0,9.753207939415518
60.0,60.81813807269219
60.0,31.40701266539577
68.0,74.51825464502605
68.0,59.43003085197654
34.0,36.14479881654427
34.0,75.61389573278461
3.0,-0.24967446125145898
3.0,35.04937040708609
32.0,26.780648812870083
32.0,35.23308027462474
40.0,36.94658679771976
40.0,83.85521629661457
64.0,65.7495958724798
64.0,83.75839569987994
59.0,57.761432855934856
59.0,68.16129168508661
68.0,73.77780379503491
68.0,57.70118111176345
73.0,81.27458202563741
73.0,46.98500746966306
43.0,43.23436381567643
43.0,59.4992304269573
71.0,79.65878534764443
71.0,82.62708081135929
63.0,63.715340414132186
63.0,86.52563272352603
58.0,59.326623365262435
58.0,18.20007187734751
60.0,66.16337536369554
60.0,37.402817760728794
56.0,58.870931709478555
56.0,91.85883509778614
50.0,56.78209159918026
50.0,55.80027661854865
53.0,49.44469104970409
53.0,81.940291872486
64.0,65.26367185384964
64.0,45.57710890776832
56.0,55.54540109499868
56.0,67.36543762588406
58.0,57.88267418482593
58.0,78.56048403280704
56.0,57.82562700336496
56.0,69.82370784074266
56.0,56.7186293381763
56.0,31.28452908212529
70.0,74.80462022771269
70.0,80.48735714832054
69.0,74.85320351623449
69.0,34.606910199834715
73.0,79.07629274081063
73.0,33.428933548354735
62.0,69.96692782150552
62.0,68.38482102007913
41.0,39.84641983050972
41.0,59.527540441945064
66.0,69.38706214807183
66.0,58.92918783936693
56.0,56.92127129781318
56.0,70.13785359735414
66.0,70.55423702572153
66.0,68.04644123556119
73.0,77.37496086939973
73.0,80.16566044562063
70.0,76.25781394106326
70.0,49.91770031090539
64.0,69.58472654452407
64.0,48.53677919748759
65.0,70.5881699041837
65.0,48.37988041057105
64.0,65.95753708264908
64.0,75.96401568007877
61.0,65.96304495317338
61.0,75.97719376528539
26.0,32.439738594384266
26.0,38.725729327410875
78.0,82.51376173623277
78.0,71.23577576556363
33.0,24.565542857927483
33.0,49.55334564225893
17.0,13.417467123830193
17.0,50.134271361898755
55.0,56.77938503211169
55.0,76.55854773938836
72.0,73.98335256814352
72.0,76.12331730687839
71.0,75.42302461251546
71.0,47.302984297801686
65.0,68.68749670498477
65.0,76.78004210334763
46.0,46.57698171986368
46.0,43.313643426155295
72.0,78.45869144247274
72.0,63.23135138006751
72.0,79.40503356170564
72.0,21.62975738570543
67.0,73.67375389809996
67.0,44.4938838036212
66.0,71.37683662110999
66.0,75.54686987355393
49.0,51.5035422737397
49.0,75.48277993716573
72.0,75.24383628526823
72.0,68.09923058662196
65.0,68.78145405353177
65.0,63.25901443244783
32.0,30.322039809007492
32.0,66.77915299842948
49.0,50.95930945458116
49.0,70.04578032245735
51.0,51.09118905189058
51.0,30.7926993611959
53.0,48.691204156600406
53.0,60.33033372379282
67.0,74.01917692457687
67.0,69.72797899206569
70.0,76.65100035641126
70.0,64.95370113125654
70.0,78.78836502749994
70.0,37.386389766928346
59.0,68.0722767504522
59.0,62.1810068976111
79.0,87.05287854227936
79.0,69.02300411218067
73.0,78.87882836704284
73.0,25.880786715515512
76.0,79.37083759005401
76.0,27.429955929855737
53.0,49.184964951134475
53.0,50.24954646857964
63.0,68.98938548649147
63.0,63.35732603735505
68.0,74.29892336760543
68.0,28.4424997600309
69.0,76.97244733701018
69.0,89.44429555365838
62.0,65.93484076750786
62.0,25.225208576249088
31.0,23.32693075915114
31.0,54.44570453406999
72.0,74.62441886083985
72.0,85.55623420029787
43.0,39.43522099158952
43.0,86.74003475894551
78.0,85.28236678564843
78.0,58.96624235834685
57.0,56.78338339195233
57.0,74.92026700215627
72.0,80.5318890795395
72.0,77.22928805469593
44.0,45.3821316331219
44.0,54.24649987571331
49.0,51.132405378508395
49.0,11.1856508151497
68.0,71.47773702382506
68.0,53.25422917120329
34.0,35.53779853177929
34.0,41.921865014476225
49.0,40.50739663952925
49.0,44.13299209839863
57.0,59.40831042805661
57.0,75.60967784363572
75.0,81.62359910222887
75.0,71.29937029807769
30.0,28.73449654698652
30.0,24.704452388316213
60.0,61.14574074604445
60.0,64.47121274027222
78.0,85.12629961576454
78.0,76.23109023499717
73.0,78.66578841964804
73.0,86.66954342662763
51.0,49.861732407152374
51.0,59.47338485928299
65.0,67.8066842284478
65.0,60.095265493761985
49.0,48.898147760932375
49.0,73.52648306817844
70.0,75.29134829738183
70.0,79.98212362270056
75.0,82.41465239837157
75.0,67.48501384826312
76.0,84.69355537031623
76.0,46.6525637414814
35.0,31.252260709204506
35.0,71.63721898800458
47.0,50.77171768928724
47.0,51.68229939382536
39.0,33.98681519930244
39.0,67.63206588598354
75.0,79.58911821343708
75.0,70.07294936503354
23.0,17.515684677743764
23.0,15.575252849094511
74.0,80.17299450768468
74.0,71.28195523412035
53.0,53.50558278414729
53.0,60.734975325575135
44.0,43.670159758485454
44.0,77.50083717075228
27.0,25.27870012586908
27.0,73.39556325200516
60.0,64.42361050347989
60.0,66.59274232987963
61.0,60.44322822620387
61.0,55.18478578057125
63.0,68.67682767724807
63.0,60.02468481840896
73.0,80.60190475648784
73.0,70.97029373496241
70.0,76.22617165475572
70.0,70.746818675008
65.0,68.97284936845892
65.0,61.162542878272006
46.0,50.6661249880471
46.0,74.62434340924528
77.0,81.92150673575014
77.0,85.8327335269476
34.0,37.715030454138514
34.0,70.82332531535542
64.0,72.23106282734847
64.0,40.72799493133914
63.0,63.49124802191312
63.0,76.61262325824066
63.0,63.27992875974644
63.0,57.914741761795995
72.0,77.01981264549448
72.0,38.39692104853543
72.0,76.67703685198217
72.0,86.47966380787915
61.0,64.05918881260101
61.0,76.1769231871856
40.0,39.970566023369486
40.0,72.45964236996309
30.0,14.69850457106827
30.0,83.68374219962794
74.0,80.06629123609645
74.0,50.82096275152645
72.0,77.65521470719426
72.0,67.2832758573806
63.0,62.92388295337173
63.0,50.04537552011806
67.0,71.75382603535633
67.0,27.65296582858241
59.0,60.79902953399039
59.0,56.897034839299295
63.0,67.45534489791658
63.0,61.644219390101966
45.0,42.348824254394174
45.0,77.04634424040842
46.0,50.38096155195359
46.0,74.85955986818868
74.0,81.33881079838358
74.0,79.98365990089485
76.0,81.31832448278175
76.0,69.65888003325324
56.0,58.0084708712393
56.0,72.12065125205493
65.0,70.85677104924162
65.0,55.107777508426636
56.0,61.27064295858219
56.0,51.9802984739523
55.0,57.451557688565345
55.0,47.689641945950484
47.0,50.987148259707794
47.0,45.83901920338354
71.0,75.52753609105832
71.0,81.51824171381281
65.0,66.80910990841323
65.0,57.423624732060375
62.0,68.71384302138176
62.0,49.42390660866994
32.0,29.62963643737413
32.0,56.80427283424547
65.0,68.23124117349295
65.0,82.89509953429928
44.0,44.05386729904933
44.0,83.73913971206815
73.0,79.23853957586476
73.0,75.91162147141654
75.0,80.01165680761028
75.0,55.00004417094095
66.0,75.01640149843792
66.0,76.3287434222288
70.0,75.72576969360438
70.0,88.82198314182301
69.0,74.58620415328687
69.0,79.08228149660374
42.0,35.216121611375115
42.0,73.1539840040569
47.0,49.16915029077171
47.0,54.35385584282869
73.0,77.8619563823151
73.0,71.0798910039091
58.0,64.70645039020883
58.0,58.5649774745857
17.0,20.185421600532152
17.0,69.88211881808712
72.0,77.82880845137129
72.0,70.46446403589681
76.0,79.61665965317792
76.0,72.47897566542389
79.0,85.34445785017931
79.0,68.88810735780783
74.0,83.30145535068107
74.0,79.56852727988263
31.0,23.32693075915114
31.0,79.99267252852815
80.0,86.71791922855414
80.0,65.86596408587167
57.0,60.0980765449948
57.0,31.086363286706955
41.0,47.84482577812793
41.0,52.51624987669027
20.0,10.850875020084686
20.0,74.31689949813966
61.0,63.67237908755487
61.0,80.96910744222737
39.0,31.892383192795705
39.0,77.46348545494544
76.0,84.2086595325676
76.0,63.85585457212062
77.0,84.24917345999347
77.0,86.07940852853591
62.0,62.06797350412677
62.0,85.14562109801301
70.0,76.95961905954061
70.0,83.19383698734947
36.0,24.122779849244864
36.0,33.50740675979705
66.0,69.79077765797297
66.0,51.22818885262171
30.0,29.79944932049324
30.0,0.5414667912361892
56.0,58.01717192855784
56.0,41.8226165039153
39.0,31.892383192795705
39.0,30.11603124068762
74.0,78.63974082372022
74.0,70.14680641678984
72.0,80.10941728209428
72.0,50.83180285918979
80.0,85.95957120879388
80.0,64.90392125795842
76.0,81.47607279975114
76.0,69.75756579380322
77.0,84.48779853432973
77.0,68.87285716146204
73.0,83.17498128632377
73.0,85.91879068798738
68.0,70.43269946987147
68.0,62.905518396811544
57.0,59.481774201813266
57.0,76.11937692137991
41.0,34.923317837952595
41.0,76.3580982790254
67.0,69.64767784233584
67.0,67.65959836898895
32.0,26.10559388383308
32.0,70.24435103839284
71.0,77.61553578030436
71.0,19.974692370148205
84.0,91.24457115800453
84.0,68.24476299511906
61.0,62.598826740477534
61.0,71.05125368531719
64.0,66.90761971322888
64.0,26.406630626631852
72.0,80.41899517818712
72.0,69.15111558054122
53.0,50.16254990022844
53.0,74.2247384370209
69.0,75.2955590743245
69.0,59.4893633459713
28.0,31.862271931651662
28.0,60.90085626568447
69.0,77.35391050866053
69.0,61.25330515762727
73.0,79.65299119415067
73.0,76.57072161030294
64.0,66.34925318765318
64.0,78.50852298862975
38.0,38.90790964356671
38.0,51.35515295895982
67.0,69.99054924563796
67.0,77.6612739719692
70.0,76.56816005319882
70.0,83.32345089356454
66.0,67.85311444321826
66.0,83.76122953613435
62.0,64.44941332878028
62.0,84.90203998254214
65.0,69.07238174811602
65.0,75.720339374405
71.0,72.97067819768858
71.0,35.790826182335366
72.0,77.85996787006786
72.0,46.71403583332574
66.0,67.97337990027171
66.0,79.34418656040117
43.0,42.84345261005876
43.0,42.344945040464836
57.0,54.92359848304278
57.0,67.10658317564332
40.0,32.34672580299298
40.0,77.46386271252237
71.0,76.27746429583374
71.0,66.91026242114543
58.0,63.73242587544058
58.0,52.93298423428877
67.0,71.19781489588928
67.0,41.9424423193563
65.0,66.03049822729241
65.0,69.74975848337499
54.0,58.70440531909088
54.0,41.66251639469448
28.0,29.41913129884358
28.0,59.05094983157767
67.0,70.55506622986547
67.0,62.90210287305604
67.0,72.78630599416778
67.0,40.42091570470404
65.0,65.39616786234632
65.0,83.03695671183971
60.0,65.44235463848202
60.0,71.46751302278841
72.0,78.82169856442243
72.0,74.16399884690031
26.0,19.16687455473948
26.0,59.22622349642626
85.0,92.0240448924203
85.0,10.408633446081751
61.0,67.51109166954842
61.0,32.22780412499526
63.0,65.70630767964553
63.0,81.4695483843463
70.0,75.00939873093944
70.0,55.68323228460082
54.0,56.846168880996345
54.0,69.51269520995533
52.0,54.63747455873141
52.0,23.768623291871677
52.0,51.21007198326055
52.0,70.36780606785123
34.0,33.57802618793522
34.0,67.95395412906646
72.0,75.95911651374371
72.0,59.503459589053705
73.0,78.13561272438545
73.0,63.91873070289682
58.0,59.82780243215694
58.0,59.71585768372938
70.0,76.43084035974283
70.0,10.009675600972514
24.0,15.069264847279953
24.0,77.50888367265242
65.0,70.35758533451093
65.0,83.165114775711
52.0,54.50002821666078
52.0,43.432216269094454
64.0,66.89556416060191
64.0,56.83848780235729
58.0,57.609115434286025
58.0,68.48097377448846
56.0,58.779804675539026
56.0,34.1288188739498
70.0,74.40571388989889
70.0,9.182916610344193
45.0,40.50545130066115
45.0,39.083606252882646
41.0,44.11490176705291
41.0,71.10928587552371
48.0,38.80320140801484
48.0,85.7531745967292
54.0,54.715101071710706
54.0,57.845314646501436
59.0,61.14740442539147
59.0,69.13989207861033
65.0,70.2624846369568
65.0,75.19655547515652
52.0,56.30510006551822
52.0,72.45596191295596
49.0,47.589615817522656
49.0,80.19252262030113
73.0,78.20199389120341
73.0,38.68974401578265
76.0,84.3609915516447
76.0,80.0073016406817
72.0,79.38879577107366
72.0,73.98281225919266
73.0,75.4434597002454
73.0,38.219838173152255
77.0,81.87814174313405
77.0,83.64168298258471
70.0,74.94224733125651
70.0,59.479796106824324
66.0,71.23024198610392
66.0,51.118551980333336
57.0,57.6171628229032
57.0,61.98937264200316
57.0,62.934195262041214
57.0,32.1623054401486
75.0,82.69423838915873
75.0,45.95923850272942
29.0,25.27870012586908
29.0,51.77840324845897
31.0,31.15102711586934
31.0,72.218648431156
57.0,60.48864353576812
57.0,76.9064731594346
26.0,22.621772335115224
26.0,66.09039195891683
48.0,52.18228664672978
48.0,42.416117816761016
47.0,45.09678798056541
47.0,48.144561027983855
75.0,82.2746365906454
75.0,91.17455924357182
70.0,76.85561230215751
70.0,66.7261772587371
72.0,78.65934849747532
72.0,73.04762125002605
55.0,54.66618479704863
55.0,55.18367496538605
61.0,62.4764380616279
61.0,66.78145535106955
38.0,34.73558825199069
38.0,34.73558825199069
68.0,70.37547677221357
68.0,58.620981298629545
63.0,69.02425562371542
63.0,67.21383895371173
57.0,61.96745641225618
57.0,81.92219372254903
46.0,40.09689252058365
46.0,66.24705416807251
55.0,53.679352646536984
55.0,73.02156857045856
77.0,82.59936969368374
77.0,73.08004433476617
29.0,19.915414616393832
29.0,78.3892728870037
69.0,77.03761005112631
69.0,64.84836362081387
56.0,58.69030724297659
56.0,64.49262733547664
49.0,47.21840253345465
49.0,77.65687209746807
40.0,48.57310954813431
40.0,88.49751310793533
61.0,62.78738725713009
61.0,63.33426062281859
23.0,20.325542456960818
23.0,70.9346017406657
55.0,55.795539956467564
55.0,63.153426189232675
63.0,61.77148075397787
63.0,57.16317672266257
69.0,77.8387982146624
69.0,25.612486038257373
39.0,42.24794266279014
39.0,77.6406439101051
80.0,86.8875483063025
80.0,67.67480075454557
67.0,72.26665666424964
67.0,75.06646575185488
61.0,63.60518970791213
61.0,60.709299046870456
76.0,84.49937718120157
76.0,75.59772257478272
82.0,89.7743939809015
82.0,76.8519413338646
74.0,82.22121929481733
74.0,63.10829279322786
69.0,70.29074532791304
69.0,68.70944822220389
61.0,63.87942877975786
61.0,61.45902144876669
64.0,66.59114477570984
64.0,51.28171686943443
70.0,74.47483308300212
70.0,82.41392590856464
77.0,82.60472658513714
77.0,85.89324832963223
70.0,75.00117795631098
70.0,39.20360196546454
45.0,38.951647092137875
45.0,57.28594375278715
41.0,40.7705417518107
41.0,64.12344920139498
74.0,80.53835135568124
74.0,66.2125357745391
61.0,66.9265857385513
61.0,73.14208951090063
54.0,58.9393082739802
54.0,69.81560980218535
47.0,50.79365209878506
47.0,69.24387863986874
37.0,24.284798965928985
37.0,77.0659505396194
75.0,79.70925183780918
75.0,50.76743143856049
67.0,71.15133255114768
67.0,70.73619031809329
70.0,76.35590941956116
70.0,36.249244964129616
67.0,72.73664151776887
67.0,52.61057662181969
47.0,53.87227947213012
47.0,41.855027265726335
67.0,67.14124458534457
67.0,44.703048377603466
60.0,64.27747804523517
60.0,61.16683001706389
75.0,82.27424638032875
75.0,61.412438091728745
73.0,75.93961678653261
73.0,82.57600779504855
73.0,79.72832655086563
73.0,63.36447999707724
70.0,73.53411093930004
70.0,80.57757814229319
40.0,38.55887883913027
40.0,34.96840723768685
68.0,77.1362046902533
68.0,69.57593016125276
76.0,82.75376437353924
76.0,30.529895966191816
45.0,47.221919393608175
45.0,59.022693240614046
71.0,78.48547213046663
71.0,74.7420722209227
32.0,30.7926993611959
32.0,77.13379140334939
22.0,11.708573697867848
22.0,72.20440441746308
38.0,35.333282435786884
38.0,65.82357039905918
70.0,77.37990000633846
70.0,69.75645070053821
41.0,38.80369415665882
41.0,40.362237581337126
73.0,78.72875481264657
73.0,46.18903754128894
80.0,87.62542593357585
80.0,55.71938571211075
68.0,73.18502091432583
68.0,51.41881213878736
72.0,76.28920365949432
72.0,50.25013719300074
70.0,75.02551094485256
70.0,71.15369194361028
61.0,65.19388914234202
61.0,71.09950277368137
33.0,35.84115039295909
33.0,54.36265570689636
54.0,51.835904547459734
54.0,67.15991897500754
47.0,41.794969413148976
47.0,81.0877583731056
47.0,53.0945773365728
47.0,74.87695051840763
76.0,83.35716854041993
76.0,64.19691196296623
59.0,57.57916798491425
59.0,58.0475256156501
70.0,79.23084597250329
70.0,40.01770866884499
81.0,84.67229867569972
81.0,58.15005713060748
65.0,72.95859432524514
65.0,66.18349604076968
67.0,71.13915721412712
67.0,42.998886012986304
78.0,84.00899915248152
78.0,74.76362331181673
35.0,31.235806779430504
35.0,68.24105510392201
67.0,71.56926898660964
67.0,84.2070777560395
47.0,46.70113082681138
47.0,13.168000566922103
47.0,51.975165607073905
47.0,73.65548969718321
39.0,38.157058397933724
39.0,59.61363068971531
75.0,81.98685468511769
75.0,36.61750756177901
33.0,35.84701363997743
33.0,82.0694337220275
53.0,56.21796343710861
53.0,64.64716596161878
74.0,82.88914417281916
74.0,64.31127993572312
69.0,73.60423686276351
69.0,76.40127053316058
56.0,56.31439297494586
56.0,74.5655037630354
64.0,70.7711256772518
64.0,59.66020767555011
70.0,73.18131126305889
70.0,85.45301098663867
51.0,56.15064395701961
51.0,55.23114942597704
66.0,70.71952653181341
66.0,70.82072623941639
65.0,67.3548479359223
65.0,72.58844402395096
64.0,67.77290828681879
64.0,45.506268416039006
73.0,81.7860674910172
73.0,68.23181479639163
72.0,75.74570012962249
72.0,26.871450475877566
54.0,57.751012208398265
54.0,45.98844336594681
45.0,45.09790385813051
45.0,22.798550417897502
43.0,34.02198842285122
43.0,14.72299732724025
66.0,69.68227046927075
66.0,81.54987307861205
47.0,50.20584645622631
47.0,54.633614461291415
45.0,46.23024004586847
45.0,76.73054537859832
75.0,84.62903529646775
75.0,44.44922089773564
83.0,91.09864943290216
83.0,59.48137229156595
63.0,64.61510208242441
63.0,7.683539912836409
41.0,45.80074627606666
41.0,33.6564761786135
58.0,57.70635365052851
58.0,81.19177983433218
58.0,61.65126838272391
58.0,80.0022458103179
24.0,17.09129649871511
24.0,83.42594566498497
66.0,70.92418214124388
66.0,52.74274950709662
57.0,56.24902396549106
57.0,81.42229221724034
40.0,42.49276575273416
40.0,52.39808108017263
64.0,68.25780758551196
64.0,54.32686605885584
74.0,81.9910405886697
74.0,81.69994240968168
57.0,58.77656565196236
57.0,87.09371024613273
68.0,68.09948544210823
68.0,55.44719371716843
55.0,54.64772388871262
55.0,77.63384172887856
53.0,54.71549861749986
53.0,53.45504771009132
33.0,29.22200787691429
33.0,45.641986370189386
34.0,34.64552203549397
34.0,73.84570049140012
39.0,32.998108849890855
39.0,73.44200454682124
74.0,78.34665611772868
74.0,74.66429694828031
74.0,78.63902366372264
74.0,59.21625341724547
68.0,72.63331485044876
68.0,61.66292700224403
32.0,33.26423122553456
32.0,55.643893930815295
57.0,55.1111894756138
57.0,85.9211595913261
57.0,59.19263432971292
57.0,59.119552339981794
60.0,67.23460225325789
60.0,79.47278380387826
61.0,68.6067156571587
61.0,73.60485701976347
71.0,80.30248112778617
71.0,62.71819214959095
76.0,83.25278939319423
76.0,49.848280538402264
68.0,72.82731460619084
68.0,67.34860226003673
61.0,61.02902942853996
61.0,26.24813596297622
61.0,62.1321790870694
61.0,50.233464627317744
46.0,45.31921529357135
46.0,61.208299396071595
61.0,63.90230599448364
61.0,47.070784904710024
36.0,31.36236018964604
36.0,48.63108353801363
70.0,77.84988069758805
70.0,64.86102101980634
59.0,58.574204410548816
59.0,71.63489297290027
70.0,75.58191098124627
70.0,73.66453040486624
66.0,68.35855462282365
66.0,63.07679786912564
31.0,21.4214298308695
31.0,68.64630353347582
55.0,56.53761280437425
55.0,77.48271878285931
68.0,74.58351973724359
68.0,81.53372309065759
56.0,57.57357717322526
56.0,74.64241497166489
62.0,66.32827143496291
62.0,65.69760737144054
60.0,67.5287001741259
60.0,52.20434191432821
64.0,65.67325801654596
64.0,70.06944960147666
66.0,70.54725247950432
66.0,55.247130592380074
70.0,73.55137922330078
70.0,92.85040634389304
60.0,62.33712089575067
60.0,70.0035540971864
47.0,46.13885247301897
47.0,66.22909659280293
59.0,60.612288736927155
59.0,41.770559552519614
55.0,59.28625410019765
55.0,50.46511030262377
58.0,62.905518396811544
58.0,83.95743069904512
69.0,74.42753124264783
69.0,83.99170320608062
77.0,83.08683185978941
77.0,10.083296799062396
57.0,59.62074160359731
57.0,46.211431611520595
56.0,63.373358624647096
56.0,74.93308432357736
42.0,47.55009083827787
42.0,26.201338870690222
74.0,80.10365691116868
74.0,60.10556411316395
55.0,52.75491754267341
55.0,73.950545628577
73.0,79.77669412120224
73.0,80.80541924381242
74.0,82.18528724577061
74.0,32.59728318805526
50.0,47.480488555895306
50.0,72.87117543391264
56.0,60.5992649900619
56.0,42.42690385231225
49.0,53.0931025863174
49.0,81.2884508262772
64.0,71.98789174806615
64.0,77.41820665435102
75.0,83.05892013473112
75.0,74.6780233709519
46.0,44.86859112818826
46.0,27.252176973498308
70.0,75.78198659543659
70.0,41.856745468390386
75.0,82.62923371064232
75.0,33.45862309365867
51.0,50.06108003848561
51.0,56.913791092743224
71.0,78.77868524681759
71.0,77.00466499234284
75.0,81.14452489951486
75.0,44.68173894875781
71.0,74.32912594771551
71.0,55.00640695486442
42.0,35.20862164556371
42.0,76.98557074185226
66.0,71.20998250595159
66.0,76.85930447460044
68.0,71.94421354289005
68.0,84.69144813512492
73.0,78.85549472131686
73.0,73.55714991313215
64.0,67.76453803088327
64.0,52.24665924222529
63.0,69.7212474253684
63.0,76.5487113692111
70.0,74.98026794197972
70.0,12.293709079819848
37.0,37.40863659680559
37.0,65.79948127227271
43.0,46.383308325433006
43.0,58.18558998781032
63.0,68.28981346226311
63.0,76.52225570928795
70.0,74.75599526767684
70.0,53.95036112400459
58.0,61.89712539309903
58.0,69.86267290255756
71.0,76.24699621685602
71.0,48.37132377200345
74.0,76.77364960838844
74.0,53.41396302200832
57.0,63.46723891362609
57.0,75.60184162975122
68.0,74.77022193596002
68.0,76.62642031648352
65.0,69.7350216468804
65.0,63.473722574360636
50.0,52.48335700053798
50.0,68.27081683045526
49.0,49.892921136505265
49.0,65.57723763600035
75.0,81.43468855383566
75.0,56.69366579517788
55.0,58.93071462944704
55.0,75.76103178760394
66.0,70.41720881490295
66.0,59.92044342724023
69.0,74.09022980974254
69.0,88.17142881156144
64.0,71.01707781304748
64.0,83.21459611749862
56.0,61.48201652473864
56.0,89.36539460250958
21.0,17.01817205367263
21.0,49.26393271381619
65.0,67.46338562191966
65.0,34.44986965428353
66.0,70.86902915647579
66.0,74.25982838590988
79.0,85.3793356965711
79.0,62.327615737089445
20.0,15.941311944932409
20.0,78.8477584168428
66.0,69.00354343468416
66.0,43.05801100318109
69.0,77.71663278326878
69.0,13.417467123830193
43.0,35.655253940596936
43.0,58.42508828000331
69.0,71.29607438522049
69.0,39.441091914571814
65.0,65.77581162183208
65.0,79.25045389649159
63.0,68.06111511139801
63.0,47.86653982089058
50.0,52.51176272670335
50.0,35.25032318042793
56.0,57.15316057347417
56.0,46.48314108614238
32.0,32.12866741994304
32.0,43.58735953998729
47.0,45.15993055682111
47.0,52.316227062651365
70.0,78.17207714474176
70.0,74.94587917786771
66.0,73.76083589607941
66.0,74.37404125907767
63.0,67.63605129561603
63.0,81.0290712856006
70.0,72.68604211189574
70.0,77.74703811109532
32.0,35.0532063843055
32.0,18.519932478328542
66.0,67.88636200586757
66.0,74.89482031455935
40.0,35.25759172284961
40.0,57.61505822603351
77.0,82.87158260412133
77.0,42.92555249908844
38.0,37.18441296588975
38.0,75.15987022411576
33.0,32.91670199893673
33.0,73.96207481921232
78.0,84.23895391415414
78.0,60.30830598688959
67.0,68.0274015855432
67.0,92.59992584053072
69.0,74.55580803340979
69.0,83.86624510637745
76.0,82.53716743755939
76.0,81.1961182783773
74.0,81.68502286723412
74.0,47.994828933963845
66.0,73.08489072936345
66.0,8.837468583549764
65.0,67.34939176757302
65.0,87.4556933103114
64.0,71.73743250073932
64.0,80.47746489173392
73.0,79.51426391147135
73.0,63.69301664557611
61.0,64.17185751668472
61.0,49.35746781413417
33.0,30.401840273043604
33.0,59.45567147705151
40.0,39.56796743994312
40.0,51.209306642723675
34.0,32.2796606992527
34.0,52.073710549645284
63.0,64.0815695524521
63.0,76.87431463706156
65.0,69.28936113266354
65.0,68.87119246445798
39.0,35.5833305617665
39.0,64.9791493508161
71.0,77.90735967682588
71.0,78.00721741591656
61.0,65.37341726068621
61.0,72.90513171155527
81.0,87.2867397650133
81.0,57.636647102050404
51.0,49.003888057634185
51.0,47.42088835858999
71.0,78.02846554344546
71.0,28.87092263944004
63.0,68.51243073041121
63.0,77.58004377272607
65.0,67.76430089915033
65.0,78.70768068850651
68.0,72.93378025416416
68.0,82.72695060168996
45.0,45.476365462855824
45.0,60.56200028465372
65.0,71.65758476643515
65.0,88.94681236617987
74.0,77.59967732740472
74.0,72.15432440375952
61.0,66.40777147837196
61.0,75.1541818979785
56.0,59.68914805319031
56.0,70.7767003283908
49.0,56.74215409974346
49.0,80.08327447706529
62.0,62.46773356388235
62.0,74.06503641352577
67.0,74.07065490011661
67.0,31.310964102653372
64.0,68.06514669338992
64.0,65.96026420783647
48.0,45.5121764879504
48.0,74.49044604705631
74.0,80.85596206376158
74.0,50.36576446960646
68.0,73.5436701842487
68.0,77.70323013819308
62.0,64.12558976005636
62.0,50.0380825452674
75.0,78.71538285429102
75.0,71.71973779485205
59.0,65.52681824025456
59.0,67.48669678663595
58.0,64.36596058764633
58.0,24.493745577742573
44.0,40.225277035415104
44.0,53.34969074601901
70.0,73.62729105559526
70.0,53.29652330278617
66.0,70.63847670562922
66.0,67.60659893390795
65.0,73.89708671072583
65.0,31.689542355247795
33.0,24.493745577742573
33.0,72.0442246999537
76.0,82.8416501284388
76.0,48.872286109879326
62.0,67.19338603960273
62.0,81.11790959203557
38.0,31.14441507987857
38.0,79.94607545938794
62.0,69.56178506638457
62.0,38.72680842392151
54.0,52.68107128690326
54.0,66.03903369558316
76.0,82.3179061826117
76.0,69.02874729752023
50.0,52.58291434996113
50.0,79.61516395291557
62.0,65.24531277439507
62.0,24.58917126410421
52.0,53.65115584337576
52.0,62.635811242073146
32.0,29.41063350449133
32.0,67.26013275470359
51.0,51.22563726330742
51.0,76.6627243894892
80.0,86.84746104659996
80.0,92.05574018167641
71.0,75.41250888319075
71.0,78.32918294913873
65.0,70.15636826015532
65.0,73.98810348615547
60.0,61.28192971129221
60.0,66.19149419340243
77.0,84.48628243855359
77.0,56.30029620738287
74.0,79.22949820559313
74.0,77.70743740475649
68.0,72.48579544165608
68.0,62.99447044831862
69.0,75.12991401605461
69.0,61.739566063736675
65.0,69.7621009880836
65.0,73.50236545813016
61.0,63.32664261078094
61.0,40.03525839605436
75.0,80.34682177007613
75.0,23.97314968623175
64.0,63.33671743921144
64.0,74.26301026576698
74.0,78.45975699028463
74.0,47.14244180316649
66.0,68.41143463941228
66.0,70.84654391459526
61.0,68.11152687682682
61.0,78.50887473765579
76.0,81.37809786228382
76.0,52.10844999064477
53.0,54.56859848917486
53.0,31.28452908212529
75.0,85.18277456717624
75.0,79.85603067687185
67.0,71.57325342260827
67.0,37.940638397499185
68.0,72.39489113539184
68.0,71.4477838785404
67.0,68.6911625894125
67.0,76.14996508331967
67.0,72.90009527194508
67.0,60.02935274674934
46.0,41.80969000833994
46.0,45.74203214575266
61.0,63.23779557946028
61.0,62.93093034111473
69.0,71.3016803895888
69.0,86.48056892193591
28.0,19.50323142750665
28.0,72.7219755189011
67.0,70.52514896411856
67.0,81.55594581438947
65.0,66.78206279062374
65.0,87.1410949414024
40.0,46.763348685377366
40.0,60.190694875770134
43.0,44.942987937948146
43.0,28.793830765221117
66.0,68.05367538974554
66.0,72.10185312108325
65.0,70.95680547708031
65.0,76.99764728813085
61.0,62.63102445443121
61.0,72.5655279757089
77.0,84.49846665585426
77.0,84.33398130350889
65.0,73.19468984308668
65.0,25.78716671353186
64.0,70.60430219484522
64.0,62.79057649428995
64.0,67.16268356926088
64.0,75.88778480441158
64.0,68.76310704140457
64.0,10.452137277372515
73.0,78.24593036080256
73.0,27.420271083907664
24.0,19.800370673963016
24.0,51.69556774874809
70.0,76.87546140723197
70.0,80.21838532966342
43.0,37.202493054964066
43.0,24.568015702466198
25.0,20.911392706132233
25.0,33.34663397999827
74.0,77.06801116737893
74.0,39.921650977532636
72.0,77.55156442497741
72.0,48.7929147924375
68.0,74.29196873650483
68.0,9.423215869976218
69.0,71.70244577149595
69.0,48.51835857540783
63.0,64.32058592734433
63.0,62.408806877690495
28.0,26.938328794344727
28.0,65.32824795147519
68.0,71.54170939448414
68.0,33.49664315124545
71.0,76.67188136410033
71.0,30.055065320883273
52.0,49.85938770740103
52.0,71.9294916017177
73.0,78.9162667174486
73.0,45.87663567420191
42.0,41.54247680033302
42.0,50.71693890062852
59.0,61.85777598386551
59.0,77.46432651228827
51.0,49.40063276937042
51.0,65.28924823517599
82.0,87.9396090874738
82.0,55.65805671449857
68.0,75.0078410361138
68.0,83.1004387997977
40.0,40.967285336658904
40.0,55.489383427925304
75.0,80.31770714646103
75.0,75.93100754572868
79.0,84.65663700037572
79.0,81.87070499535423
59.0,64.11618046905602
59.0,82.3084554787149
57.0,62.214664109382625
57.0,69.00293757876489
50.0,53.01103874654916
50.0,52.98708447550672
60.0,62.80482194533016
60.0,56.404901463662384
30.0,31.252794071915105
30.0,43.477528615785445
67.0,70.46843988830716
67.0,74.19239070991694
72.0,78.275350775319
72.0,52.350654670815175
55.0,51.70416328673343
55.0,75.49944801277746
67.0,73.19131149816423
67.0,67.98415318918626
58.0,63.49301259753082
58.0,72.37582234277664
69.0,71.42362969217908
69.0,77.17713299421922
55.0,58.527206459854824
55.0,21.846348933719582
60.0,64.47789463390677
60.0,60.37686791442337
56.0,58.9891560731578
56.0,28.63470165507522
67.0,70.68936356046754
67.0,22.44865345067973
61.0,66.8265838499812
61.0,52.22476492558326
79.0,84.66512070822114
79.0,70.40349190301094
51.0,49.635543852287014
51.0,83.24335040987114
60.0,62.301026373205445
60.0,68.87651296181048
62.0,63.179865709580554
62.0,79.62077484098035
68.0,76.28746089109308
68.0,72.65704742587138
77.0,83.44936994166636
77.0,68.81254996621857
65.0,69.20463232270941
65.0,31.970631637775284
68.0,75.55043405194027
68.0,44.756009161969416
54.0,59.23220574671518
54.0,22.6581822601932
52.0,50.6703021806843
52.0,55.309452776684736
17.0,22.918643838822618
17.0,77.14135242863762
66.0,68.23270091124425
66.0,70.65252297312583
67.0,75.86331762846027
67.0,71.19215525670035
56.0,61.69128739631191
56.0,73.02066297079523
71.0,74.02903801748477
71.0,53.12599126825802
64.0,65.76934683973315
64.0,6.283099385150933
68.0,70.13249344365477
68.0,74.95868969120585
65.0,67.9903513316562
65.0,74.6475597272223
53.0,57.59553929584047
53.0,20.767097840252234
68.0,75.1622513422173
68.0,75.8103877532227
58.0,66.18116982254355
58.0,67.45066531643943
70.0,79.06154140798571
70.0,67.3543266027662
52.0,53.99267263791569
52.0,75.67126441457975
65.0,66.00106722532013
65.0,92.99804067981432
37.0,37.38133592561883
37.0,54.50131535016902
54.0,56.747871224812684
54.0,85.6565752636867
63.0,67.39090891177716
63.0,49.112713387437054
64.0,66.65756111898719
64.0,38.32392278526845
57.0,56.24663639686065
57.0,72.28584054014601
64.0,66.15864106254497
64.0,69.78472484768969
83.0,88.78557463597122
83.0,69.81379936672238
77.0,79.44617138627387
77.0,60.75846604802672
71.0,72.75286263813257
71.0,64.41364303500285
59.0,63.07620659028396
59.0,73.05863358016177
76.0,82.19375021570534
76.0,91.9202405659504
65.0,67.68699112499996
65.0,56.88462560602596
70.0,77.47234525275024
70.0,91.89542796742245
52.0,51.32961396661028
52.0,7.743487433766973
79.0,85.71496326782363
79.0,71.27345207048694
59.0,59.42230591989295
59.0,37.90106867533552
69.0,76.18971954635009
69.0,53.86619518133142
32.0,23.5241465556594
32.0,81.57278537177712
54.0,46.84691292699432
54.0,57.30877116101283
74.0,79.11588399266316
74.0,47.529509041425285
78.0,86.87199315677799
78.0,71.9254137241524
78.0,83.71763901745726
78.0,64.9299840862771
76.0,84.08767656140975
76.0,69.28252130533542
76.0,80.81999558413446
76.0,70.80599716823627
43.0,42.977642542829756
43.0,78.73923636327157
32.0,23.13558396977004
32.0,60.37065920060803
66.0,68.48097377448846
66.0,64.61046873124792
69.0,73.2217800268001
69.0,74.66405732225428
61.0,62.47862371430392
61.0,54.90270287905565
60.0,62.66909845246823
60.0,79.3307117856184
63.0,65.96708574716138
63.0,55.54937949079675
39.0,40.787830827714345
39.0,77.76635142799893
32.0,34.61875282896801
32.0,46.08356163661716
59.0,66.34868802722428
59.0,69.40078094276345
71.0,77.59993722444534
71.0,63.76035476048696
71.0,76.7742644859411
71.0,53.891161529136525
64.0,69.07040284641499
64.0,49.737079969233776
51.0,45.990696431240224
51.0,48.095461488062426
50.0,53.077440067709006
50.0,67.88829871098704
45.0,41.836890476397514
45.0,77.82476393639587
12.0,14.466637896203565
12.0,69.4667773895776
57.0,58.57232750217247
57.0,74.62494068877288
64.0,63.40344674498908
64.0,65.23959176919988
77.0,84.48428282606909
77.0,62.31732708124417
62.0,67.37016558084429
62.0,56.869209282872816
57.0,60.667238364688274
57.0,78.19927146313273
68.0,71.60681814441745
68.0,89.34642684682967
52.0,50.38280787278984
52.0,52.45979500500897
68.0,72.74282055942501
68.0,89.2371855360941
57.0,59.02696944893046
57.0,67.05648092993744
52.0,54.925172200090344
52.0,46.365244511363414
46.0,41.28459200981331
46.0,52.31925485457094
67.0,72.50050796646917
67.0,76.6006853881866
68.0,75.65761043802638
68.0,58.70118143818797
66.0,69.18023386234336
66.0,84.46023612809887
58.0,54.87966105265616
58.0,73.12397150809352
67.0,67.27503264438263
67.0,74.70890624922043
82.0,90.4973813627604
82.0,75.93333974061801
62.0,66.20793368731398
62.0,52.15438921691225
24.0,13.606090762546444
24.0,87.33221519337707
28.0,30.070465159275898
28.0,57.21965108005395
49.0,50.26310753613967
49.0,83.42601033597856
70.0,75.18577237639471
70.0,57.4739094427631
51.0,54.34471260140492
51.0,32.34621877421898
78.0,84.24664767566401
78.0,86.67422301158058
25.0,25.7498029826927
25.0,75.02690721353923
68.0,75.94080343637478
68.0,54.24737628475327
73.0,76.29497900186931
73.0,25.427535041694284
60.0,64.14831342251648
60.0,63.7295428886556
37.0,33.45862309365867
37.0,63.449512482046885
48.0,46.44720991529732
48.0,70.5113841301233
70.0,72.81203886365
70.0,68.6900091828785
35.0,22.866212797170135
35.0,68.72045331131375
24.0,19.217802744670735
24.0,65.91909983664124
69.0,76.07435263529544
69.0,31.28714704674195
30.0,26.704910910800947
30.0,78.3054937346418
74.0,81.85677397830818
74.0,76.55295398525419
50.0,50.140655067865
50.0,76.12576132733926
66.0,72.75798302778213
66.0,52.96115832246511
75.0,81.62467726345034
75.0,52.34829965861559
59.0,62.40030541968923
59.0,74.58551432147567
52.0,55.08180101939985
52.0,56.77527235218355
51.0,52.013437540593884
51.0,62.33513504630457
66.0,67.02640790522963
66.0,49.48403179918347
70.0,73.44949085326812
70.0,61.29173070521438
57.0,57.568645201673405
57.0,61.565985030546756
63.0,67.29170079325343
63.0,75.16448249228762
58.0,57.86007644500279
58.0,87.25618209350466
77.0,84.40515888717346
77.0,10.156709789094236
40.0,36.94636489671507
40.0,80.0437953071463
56.0,60.4698912327803
56.0,22.404516852482004
78.0,81.50589285018543
78.0,70.20226339192652
59.0,61.656113007577915
59.0,84.23644761680231
36.0,39.751026202221794
36.0,77.78933949914489
17.0,17.41735446968198
17.0,71.07444414136154
61.0,64.88008347261939
61.0,66.69411350756371
81.0,86.81593277581737
81.0,71.22462041438166
70.0,75.48389739757948
70.0,20.643175917739825
48.0,50.72182507767201
48.0,73.81896992567658
68.0,73.83131960623871
68.0,71.00484997548716
70.0,77.86979368327633
70.0,49.35712259392881
66.0,72.36472550702052
66.0,74.23204158061833
37.0,31.674793523792744
37.0,50.74465729080117
44.0,49.30792460104624
44.0,3.6716003232055527
76.0,79.53814373837116
76.0,43.1764685852371
70.0,79.68701728561439
70.0,49.019111778582044
73.0,81.98577316214573
73.0,67.6524690230579
44.0,51.117720060960835
44.0,11.195611110903826
59.0,64.82588553477274
59.0,71.50649688291628
50.0,55.39852189968303
50.0,79.75955786481359
72.0,76.57058268952466
72.0,78.61822300308
63.0,64.24592597234022
63.0,83.59290223753595
71.0,74.5141940811352
71.0,86.94570373653573
68.0,67.86582969109287
68.0,59.02868299286581
49.0,53.52315953275672
49.0,69.41386523872507
34.0,33.29386450098872
34.0,63.650754200018014
50.0,50.79706419228978
50.0,79.20369957435247
76.0,81.0325544691645
76.0,25.062872960334516
66.0,70.81959563070109
66.0,65.14042234826837
59.0,59.913962429401465
59.0,60.70170830444721
61.0,67.59062870120357
61.0,82.56528594777939
63.0,68.76571800250002
63.0,85.25648566928345
38.0,38.08434903284626
38.0,60.54452424964535
43.0,42.64955648226612
43.0,59.40218461282575
55.0,57.422134311935906
55.0,49.464299399224785
76.0,82.83021375171364
76.0,72.8906677840086
55.0,55.48850988711763
55.0,72.67621159742345
44.0,41.52420665088573
44.0,56.810458165494026
64.0,64.55321686932717
64.0,54.355367058777915
58.0,64.31697051931178
58.0,38.30586709530098
80.0,88.90206821903166
80.0,51.121931113904566
58.0,64.35189953008654
58.0,75.5745954569814
62.0,67.99562573055687
62.0,38.368023120474106
78.0,83.63528166940267
78.0,72.3003895782511
50.0,50.42602397524519
50.0,67.38917084650222
62.0,69.03787182383786
62.0,65.88751692239384
63.0,69.09886331573239
63.0,68.39130182646306
68.0,70.31879027581311
68.0,80.09533489927236
74.0,77.76095721956011
74.0,68.96779333964679
83.0,88.04702979615644
83.0,70.86666350891875
74.0,81.28478705657443
74.0,45.4907310332116
44.0,35.88587932313925
44.0,89.41952801885822
34.0,31.927925746190226
34.0,48.191315902250096
77.0,83.11013135607016
77.0,79.76893152850823
38.0,40.5359264381587
38.0,60.93851741002021
66.0,72.49011183453871
66.0,66.26340461812708
68.0,69.74509713017068
68.0,65.7180948934211
60.0,60.97120270713606
60.0,37.6804981050397
72.0,75.04284744724265
72.0,47.529509041425285
76.0,81.10035307755913
76.0,73.01112769833026
58.0,64.31580332247233
58.0,74.84006232569874
67.0,75.68031084549625
67.0,54.218018410824016
23.0,19.170198891693246
23.0,68.39744829113914
72.0,77.34000470761754
72.0,65.79358380100757
53.0,58.22719878258118
53.0,55.98586204155748
68.0,73.32119759998193
68.0,54.23663481718296
69.0,73.2680427070955
69.0,79.16394971054103
65.0,71.3969505563573
65.0,58.11455818433734
52.0,51.73724896706989
52.0,2.2780452908085635
46.0,44.291397644342226
46.0,72.26784279490965
69.0,69.96849913699475
69.0,75.32186623567725
63.0,68.18316251514892
63.0,66.82989291041775
65.0,71.72889717048844
65.0,70.41766373084602
78.0,82.80033458144135
78.0,81.28748923797338
61.0,66.35606263022203
61.0,60.098704234987565
55.0,55.79421358958848
55.0,77.65910253745409
33.0,24.081183195094468
33.0,37.99177673838187
74.0,82.99306404353337
74.0,71.03481747468771
59.0,62.38242904085985
59.0,27.426794961429607
59.0,64.67994086797165
59.0,3.447387923701285
39.0,34.822541008645146
39.0,58.42304804344042
26.0,34.398380613673055
26.0,59.63122607785158
62.0,63.747538233451166
62.0,69.11458345008077
61.0,62.45041633683661
61.0,25.880786715515512
43.0,39.22869512821063
43.0,80.02466575919658
71.0,79.93547989980857
71.0,43.34151832911772
72.0,81.15790069143759
72.0,13.894384723130031
73.0,78.56416203127537
73.0,78.75014154585517
59.0,63.31302124065894
59.0,81.49023790448882
71.0,73.26065285301854
71.0,71.9813374856576
66.0,69.63208671802607
66.0,61.95833209703022
54.0,54.20983042677068
54.0,68.1551607286786
66.0,73.1566649949122
66.0,76.30200920415331
46.0,51.328142825038356
46.0,82.98150288706779
62.0,61.53986599596465
62.0,71.63539458741269
39.0,29.091742372118404
39.0,75.31407066105629
71.0,73.67811476749597
71.0,54.27433028113768
68.0,69.16773810786782
68.0,40.777755789450225
69.0,72.80763807540336
69.0,77.45910603343043
57.0,59.578855546120565
57.0,46.04190685713809
70.0,74.85544266706967
70.0,73.34763756660868
63.0,65.62539580396236
63.0,92.55587619990933
72.0,79.61506835683252
72.0,78.13281470975056
73.0,75.66531470999217
73.0,20.719740966225515
54.0,53.98327350722565
54.0,86.96359819677127
64.0,68.80818632367374
64.0,78.5762637429163
82.0,89.43133410714574
82.0,79.8796118524645
45.0,42.269379652944565
45.0,63.361601576285466
67.0,72.80281232897443
67.0,83.43751843112568
70.0,75.506474030439
70.0,65.95633169485791
63.0,71.06209359726165
63.0,58.964836729961576
68.0,74.46288880387573
68.0,62.031376838942606
68.0,70.41472407890944
68.0,22.299170844975038
46.0,48.00762980807332
46.0,71.7472099585408
24.0,20.268913339244705
24.0,89.97230428430544
62.0,63.07275362027656
62.0,43.915225746320175
74.0,80.60996452308416
74.0,73.16697148530545
64.0,65.91968687286231
64.0,37.57014348351902
70.0,76.25234848257202
70.0,81.7066892123135
75.0,83.55588271788196
75.0,58.55091708194533
62.0,70.18361283480164
62.0,49.08791226015012
66.0,73.30149444106104
66.0,48.480129653587426
70.0,73.31097792316615
70.0,24.421803037593975
63.0,65.51040242985698
63.0,81.58828031232946
77.0,85.68122660875389
77.0,8.38910770333257
26.0,23.601628299765878
26.0,67.6071372422918
35.0,37.87131871878472
35.0,28.03324166908351
62.0,70.46274834358877
62.0,82.23042430293225
65.0,72.26990677303445
65.0,80.37473446771145
14.0,11.844099114551682
14.0,75.35121353828112
39.0,45.06279622966616
39.0,36.68692849849538
72.0,77.79929835706764
72.0,72.59198603878684
68.0,68.43727507049556
68.0,60.48536061404087
57.0,57.66743536271008
57.0,35.37749628101807
21.0,13.779477165395292
21.0,73.85450025707229
41.0,39.29473937083429
41.0,71.38997596676205
54.0,56.83988901735097
54.0,68.61563239941552
36.0,26.87718928730112
36.0,57.617143834088324
69.0,73.99911169166495
69.0,77.5148928100192
60.0,64.71398706546341
60.0,54.08318537237528
65.0,72.08274398723569
65.0,68.42386148975208
48.0,45.63805682562213
48.0,43.9213584071436
73.0,76.82572863243053
73.0,51.68752203667577
78.0,83.28194724358707
78.0,56.22816540989294
71.0,77.01315114317788
71.0,62.956756877294595
77.0,81.5342527056718
77.0,65.08480822861713
43.0,38.367114470992135
43.0,35.107623924853044
60.0,64.62296384120737
60.0,79.09798734183681
67.0,69.12087142910883
67.0,56.244831789230716
51.0,56.77207029170694
51.0,14.220154119824485
58.0,61.080765662901285
58.0,51.00010246786019
75.0,78.72225874938152
75.0,66.4712338237793
63.0,65.92656847899957
63.0,64.54716451263249
59.0,60.271948127470694
59.0,38.08690640703185
71.0,77.16755060763268
71.0,62.02773582319162
52.0,57.38584390805664
52.0,79.12173273551906
68.0,74.7471533082562
68.0,74.86274105798645
59.0,64.38221290619919
59.0,77.93358604947173
36.0,32.467470639204635
36.0,77.12464631665961
78.0,84.08776092376087
78.0,90.19473809174184
58.0,58.29615348174275
58.0,44.964406804278724
74.0,81.14365344029761
74.0,81.02793963683251
68.0,74.95263265678403
68.0,66.76217040524426
58.0,62.22776386016682
58.0,73.43474428417016
60.0,65.49040490302195
60.0,71.07276960023978
73.0,79.3043053829324
73.0,34.59861777027959
45.0,48.43556316517555
45.0,62.41378960880593
47.0,46.454039324778364
47.0,84.7133596647995
38.0,34.72768523089252
38.0,51.00010246786019
64.0,64.78126789466688
64.0,69.95926574837091
67.0,70.40911954527058
67.0,75.03918876244461
68.0,71.20374582312905
68.0,47.397601489223746
61.0,60.78120330802227
61.0,54.53189605437177
66.0,69.27762603341353
66.0,68.55356815018632
60.0,61.94044132305271
60.0,36.00339202507399
54.0,57.410580596092245
54.0,75.27507760964204
59.0,64.54876606549175
59.0,40.77479656089821
38.0,42.418466786210274
38.0,5.918479583879673
24.0,19.864044483870885
24.0,37.1351735857225
61.0,65.45177319050276
61.0,63.616625572602175
77.0,83.65045627491946
77.0,30.486496752629023
79.0,88.75458744937458
79.0,19.319595742805916
73.0,76.91241317400141
73.0,80.28483923382595
71.0,74.04844683537868
71.0,63.17455977024554
54.0,50.55054903974167
54.0,36.489449446564095
67.0,70.93819595856121
67.0,70.28423344224001
59.0,63.69668548708836
59.0,80.59194087854729
68.0,73.17734446609529
68.0,67.67568925643792
77.0,86.2977935572494
77.0,76.55818753343794
46.0,45.44434571247234
46.0,59.62501359990114
71.0,76.273945422753
71.0,46.02004496098118
76.0,85.65555172170707
76.0,61.31871033067529
36.0,29.879326870160924
36.0,58.985320754634984
55.0,59.07275452049538
55.0,28.051489996572172
45.0,43.267163395530645
45.0,37.20644744147131
53.0,56.539454937832886
53.0,41.22034585882909
42.0,44.2277325151768
42.0,93.63328117307981
60.0,63.81527869889322
60.0,44.59777039637328
69.0,76.27957291658998
69.0,60.268514838957
80.0,89.78973358458398
80.0,20.879529094707152
65.0,68.02586656339565
65.0,53.15156779008066
63.0,65.66067179819612
63.0,62.49840954861787
80.0,84.39261203587057
80.0,79.89472319137445
73.0,79.71584623750101
73.0,64.1367681836764
70.0,73.73460755830115
70.0,72.95988501183308
61.0,59.96349185580897
61.0,74.60534411691111
62.0,63.69175290370947
62.0,56.03798444888207
50.0,48.810973274832406
50.0,73.60203140612873
64.0,71.67398353815491
64.0,72.96589334858834
76.0,82.51554414936601
76.0,82.57241462863027
56.0,59.23539704458619
56.0,65.81680518972945
45.0,45.20451858668514
45.0,54.89748179122853
82.0,89.73183512620528
82.0,48.27956934964965
44.0,42.0298642104878
44.0,68.22564474053246
64.0,71.86206523088498
64.0,36.92678169866838
49.0,46.1304326813443
49.0,86.46646566295851
75.0,78.25935042582154
75.0,66.03758034358441
53.0,50.55553938639298
53.0,51.08455044344021
81.0,87.88832408036552
81.0,75.538677383363
53.0,50.257642367453
53.0,71.05784594146388
59.0,59.32577933593211
59.0,65.8389940862769
61.0,65.56298256552566
61.0,38.81135268876642
72.0,79.85750783253923
72.0,36.72517222561265
58.0,67.42132490636214
58.0,48.82436273588979
54.0,58.81815975942078
54.0,85.96101673745682
17.0,6.8984440285166215
17.0,61.9463981513278
76.0,80.56335273217388
76.0,46.81908456664996
58.0,62.37460510980992
58.0,79.6723944822212
66.0,70.19966171104181
66.0,33.457478800274714
72.0,78.75783872685923
72.0,73.57731146285221
50.0,51.83659404256605
50.0,42.92227860698779
65.0,72.71558756960974
65.0,10.725673298541778
62.0,60.28367558412094
62.0,50.61369058426851
71.0,77.86975407329743
71.0,51.10650366304742
70.0,74.62480282413736
70.0,74.7137666861534
66.0,72.27715246247686
66.0,84.91668257783607
42.0,44.7015248044803
42.0,46.18903754128894
68.0,77.07582502898975
68.0,65.28585553438523
56.0,57.83037887805193
56.0,73.52674076964826
89.0,96.05815007174067
89.0,45.13559521025621
75.0,82.93803655026392
75.0,70.2153632583167
51.0,50.25880782235549
51.0,23.21879959519856
20.0,18.723943641509038
20.0,51.20288158127835
78.0,84.585039721425
78.0,55.88048008457696
76.0,80.63728731607137
76.0,62.218554083452204
78.0,84.38260971710588
78.0,25.295872661861722
67.0,70.6938452867613
67.0,60.10041474009921
73.0,77.25497146212774
73.0,69.90836975330217
56.0,57.732616657112715
56.0,73.99521931857328
75.0,81.02767650669489
75.0,59.9943214779376
75.0,81.36399504252574
75.0,86.85622204629647
67.0,75.35341238523091
67.0,72.63437718807126
67.0,74.83892828626807
67.0,80.71644871824515
65.0,73.31028617342582
65.0,43.344990160309976
67.0,69.88462300611968
67.0,57.16040670532101
64.0,69.55899176378716
64.0,51.71405846795756
42.0,38.223846751904944
42.0,47.75595590053024
57.0,63.29818926964191
57.0,94.00727135430276
37.0,32.47135598893493
37.0,21.2983673842665
70.0,76.29072145439704
70.0,46.22972022333033
29.0,26.41034575622018
29.0,72.88905532278676
42.0,46.68544471671953
42.0,62.10973779081144
44.0,43.03061118214163
44.0,83.76979168795714
75.0,82.4153564534679
75.0,59.3187648483958
70.0,75.49767903001106
70.0,33.41631155921203
75.0,79.90514854169015
75.0,64.01393750694024
82.0,88.12465522255275
82.0,66.0655557876749
36.0,34.88319840545904
36.0,73.47094935493266
54.0,58.38479383993956
54.0,66.69443373492447
73.0,79.83154356394448
73.0,71.86042594197733
42.0,29.447020473528426
42.0,70.48436224310711
28.0,23.552867386369826
28.0,77.7602198264878
70.0,73.2548032426833
70.0,77.549595967573
55.0,59.468252642210416
55.0,60.42369884165714
69.0,76.28234231679704
69.0,69.24653980118427
57.0,56.79890953786628
57.0,75.37275626043134
71.0,75.56213808552826
71.0,42.63656067874399
76.0,82.28348284962328
76.0,55.652334693685134
79.0,86.24492439591785
79.0,82.46261339602387
67.0,69.4381342769247
67.0,63.85300374272515
69.0,74.9357303443528
69.0,33.52148817532736
54.0,54.843978120855866
54.0,75.67090491706551
51.0,49.32571396246669
51.0,40.777755789450225
53.0,59.34321732097288
53.0,68.75392585507387
56.0,62.608216936317945
56.0,14.132959571628362
65.0,70.40892787955738
65.0,52.67170170001981
28.0,22.7598662860089
28.0,71.21010600042746
50.0,49.33932678669771
50.0,68.6585588253804
51.0,57.77124188078761
51.0,65.82758419029722
47.0,46.06722929941321
47.0,73.57424165322897
71.0,78.19925669171107
71.0,65.29954434021107
51.0,51.8294973087925
51.0,55.368088236564404
36.0,30.556584041442136
36.0,85.53919570098435
54.0,54.55258929378169
54.0,81.62383260576411
74.0,78.64175701646417
74.0,77.76902385178272
76.0,82.36730884674944
76.0,68.73039918932335
68.0,73.63977095921831
68.0,60.79514234935482
62.0,66.93549040172093
62.0,66.73632346833972
47.0,46.37307517251395
47.0,29.84241339168932
47.0,50.746334403950584
47.0,64.08868845049386
60.0,59.25181039682576
60.0,69.93565719355558
54.0,56.15668302778852
54.0,32.99995928204419
57.0,54.80070350659429
57.0,82.17022833237809
65.0,70.25061046136193
65.0,80.04211023047128
82.0,87.19063304309145
82.0,67.25717592602462
32.0,26.516596396220677
32.0,47.58516040112613
67.0,73.803537595948
67.0,86.6561861214584
71.0,77.72043561987545
71.0,69.02802130265724
44.0,42.31197345277474
44.0,63.07223344813258
23.0,13.737230402461876
23.0,68.76541626735815
83.0,87.64868456771387
83.0,84.94419199359845
40.0,34.21629501301817
40.0,66.84559268076993
49.0,47.340603222087736
49.0,60.66822386717655
75.0,81.50359125672594
75.0,55.742129993980654
59.0,64.11320585936932
59.0,47.957432700786626
24.0,9.662775784781559
24.0,65.24376558319477
32.0,33.18074071857711
32.0,58.89435275980861
45.0,43.43217806752887
45.0,74.28031883247405
73.0,75.7457440393481
73.0,77.36170576194831
64.0,65.42895382574318
64.0,16.956415208903707
27.0,26.714467275031836
27.0,40.71639267640239
50.0,52.23685342374398
50.0,66.10179472314957
56.0,55.62648465278306
56.0,87.45837673279794
66.0,67.95056611576001
66.0,73.95119083321026
75.0,78.99092070978043
75.0,73.83067581464235
49.0,57.12468849075486
49.0,26.297456808348215
56.0,62.003807926918114
56.0,25.933914874285563
64.0,68.87748233261897
64.0,79.84981545674754
62.0,66.89111617468723
62.0,67.6830481938905
62.0,65.36646762685149
62.0,30.94738425098666
61.0,65.9196548297877
61.0,81.83042232773937
27.0,28.269215180216236
27.0,52.061242925610884
70.0,75.97810647699782
70.0,49.4095504444158
39.0,35.689228251412715
39.0,27.00109206351368
66.0,67.37452721933175
66.0,66.51382508738459
56.0,56.41671677112083
56.0,60.87456013852892
63.0,61.89349764665832
63.0,8.837468583549764
70.0,77.06490811021018
70.0,54.158049266395494
53.0,54.453104100900646
53.0,71.8185159937546
70.0,75.68064705446955
70.0,31.275652900760633
32.0,28.04387568223865
32.0,63.52954482962792
58.0,61.53057177734229
58.0,60.190331975213894
76.0,82.98199300406287
76.0,65.65287542849671
82.0,89.34723027360184
82.0,58.37233145865093
40.0,43.93401718278665
40.0,66.34189303702954
55.0,55.63542983893336
55.0,45.98844336594681
62.0,63.12961980868704
62.0,72.76253296808738
62.0,66.23033076416397
62.0,61.76934664235864
70.0,74.81359506873196
70.0,72.21113197686202
53.0,51.68924850846838
53.0,57.06957981071048
68.0,76.103198482771
68.0,72.92912227163743
75.0,79.78933848267735
75.0,66.07846823733092
76.0,84.0424899046426
76.0,56.38065753217046
78.0,83.89142577857325
78.0,81.55131592347664
63.0,68.41602353932927
63.0,51.26394780352575
54.0,54.715101071710706
54.0,79.60765643430926
34.0,25.295872661861722
34.0,75.50242413537313
64.0,66.3633136579935
64.0,84.22293348351809
60.0,61.87405013830164
60.0,82.52432261697004
54.0,48.6226850612444
54.0,81.99269987298288
72.0,75.37433530822216
72.0,37.82655321706284
63.0,68.37321843601535
63.0,74.71069416674897
63.0,67.8505943376399
63.0,72.97883423192724
32.0,33.339018202053694
32.0,66.55657889909656
54.0,50.720602529320104
54.0,55.49126729549948
74.0,76.87320113309056
74.0,69.39528677738792
56.0,51.56711329015786
56.0,31.38464183669504
71.0,71.35643114110678
71.0,77.39753442582156
55.0,52.035723146586065
55.0,61.9297065956801
58.0,57.58820386014929
58.0,76.67468688175273
78.0,83.38114282909692
78.0,56.84289329795445
33.0,35.136742388751884
33.0,37.28989387451992
58.0,60.18537287675804
58.0,72.42291853367658
48.0,50.092128311905185
48.0,54.815304039422756
52.0,54.55914307146867
52.0,32.16786301063911
5.0,4.152242942361852
5.0,77.62574426212166
59.0,58.96616348724734
59.0,71.25355471428145
63.0,66.49573234085943
63.0,23.999627660829617
52.0,46.81907137982017
52.0,72.52188692228867
67.0,66.51831872955694
67.0,82.9225537946026
71.0,75.42933825069093
71.0,43.10547618834016
70.0,74.30578865485734
70.0,73.6209137991471
66.0,70.56543554472205
66.0,72.73415682964861
30.0,22.6581822601932
30.0,71.8803031021817
69.0,75.16402690738346
69.0,59.32290815411636
60.0,60.99472524968911
60.0,22.47780321466894
51.0,46.274746159000415
51.0,72.50988321154227
50.0,51.53234124725924
50.0,81.95966642824129
68.0,75.66857281149498
68.0,22.6581822601932
35.0,27.487127303616035
35.0,27.420271083907664
62.0,66.62649185552056
62.0,54.88944408295231
77.0,84.27678440687083
77.0,43.89032124710701
64.0,64.96709386401005
64.0,82.15017640014844
53.0,50.15360270430568
53.0,33.34663397999827
41.0,37.5061315817706
41.0,37.83721870367947
74.0,80.81393966576167
74.0,46.67775559285576
61.0,63.16043100940118
61.0,78.729482383951
57.0,58.99637784454052
57.0,66.8289739450272
48.0,49.94836466142499
48.0,75.58236786360214
68.0,71.64651891072549
68.0,73.35451837426137
60.0,63.02855486570127
60.0,68.50334069692411
62.0,62.3929763287926
62.0,49.572349861479154
61.0,63.616624841540954
61.0,58.55233403403918
48.0,43.390176332746705
48.0,83.3770522621981
57.0,59.08522674291652
57.0,80.51879313008726
62.0,64.15994850953012
62.0,72.09425031247378
28.0,23.95471199496336
28.0,13.348206399975766
44.0,42.14900215260565
44.0,74.96357880390775
11.0,8.102769118357173
11.0,71.26247569563043
44.0,39.67015034588428
44.0,86.12320182820855
70.0,75.1383733944678
70.0,42.114970680263696
69.0,74.16215326397395
69.0,70.61253867000556
51.0,46.61990958200971
51.0,18.31000074236846
64.0,70.47004456182628
64.0,73.8228555968006
60.0,61.362477526887915
60.0,68.98991180344325
50.0,44.04837581130221
50.0,69.91425081892771
67.0,69.73985366496606
67.0,74.84069576373662
23.0,10.960779588361959
23.0,8.971416016315118
75.0,85.05605142000996
75.0,89.25934215306256
51.0,48.684972431358915
51.0,44.518073935204995
68.0,71.39675352473358
68.0,55.797384662936054
70.0,76.9141106454311
70.0,72.04660716664853
54.0,50.80911870525091
54.0,48.1383699815442
64.0,67.11684805436039
64.0,69.31428744584383
74.0,81.53920465970134
74.0,79.54434971774208
43.0,41.772799001030194
43.0,62.47133292931443
67.0,70.2636969257752
67.0,81.04502653754929
58.0,62.48744113144659
58.0,40.34698319893255
72.0,77.23767302646644
72.0,55.3853451154817
66.0,70.94560612088219
66.0,26.53895552971136
60.0,63.7483640153381
60.0,56.44647355956943
59.0,57.21414931827792
59.0,79.38312832317217
67.0,68.72273812814433
67.0,59.861242823714804
73.0,78.94346907407902
73.0,73.77683053945913
67.0,69.76692646949067
67.0,51.48757065459813
33.0,28.89097237507923
33.0,54.80324497378706
59.0,67.93317935596428
59.0,70.5554934302744
67.0,73.07336168549591
67.0,69.59704266160452
65.0,71.8691191950033
65.0,79.06756426642488
68.0,72.04613920905865
68.0,45.668384367228214
65.0,70.85497317029802
65.0,47.52389304117605
75.0,82.66590781566168
75.0,72.70937528212738
38.0,34.761281188679845
38.0,30.15514834008269
65.0,70.89338651548002
65.0,62.17469911529065
52.0,56.77941653683837
52.0,32.109846456227274
79.0,84.80507283543943
79.0,47.41231121966928
76.0,83.25300255923634
76.0,67.70146086580695
63.0,67.27763729240513
63.0,82.1701940736686
60.0,64.44984831498664
60.0,63.025670081782835
50.0,50.2459713054331
50.0,41.523636544878514
57.0,63.76501913241066
57.0,73.16361248038487
54.0,55.971376422227195
54.0,67.52979000826736
62.0,66.84330140067232
62.0,81.29557616757728
77.0,83.71792724854203
77.0,31.836975112168886
59.0,61.92361110654531
59.0,55.947051031369995
32.0,32.12866741994304
32.0,75.95892623453148
74.0,81.58432085583115
74.0,63.48468111378344
71.0,76.15355701456707
71.0,68.13239317285002
56.0,59.99783238780941
56.0,60.40783810494338
64.0,69.70525538891894
64.0,79.08253594922104
20.0,13.358872743653592
20.0,3.6716003232055527
38.0,30.14027219034739
38.0,31.04219332610063
62.0,62.49026038200907
62.0,46.98119256622863
54.0,52.028756689899865
54.0,58.11995067445679
72.0,76.08012736368391
72.0,64.96234769425303
51.0,53.564993813343904
51.0,56.285619813395044
76.0,82.49663358286358
76.0,65.38649096866999
2.0,-4.153230813479695
2.0,74.9240394952476
32.0,33.42243700547084
32.0,49.34701611718333
66.0,72.02773023194806
66.0,38.252320112623806
41.0,38.05791526080725
41.0,69.39677784665543
63.0,66.79833693169064
63.0,76.76308383739268
74.0,76.38045712017276
74.0,78.1366684528474
67.0,74.85947049254634
67.0,51.282289181216754
33.0,23.601734814500674
33.0,66.97545467065692
60.0,63.135361005632774
60.0,75.32626832542576
45.0,47.4699679974467
45.0,43.855627333404584
29.0,23.44238577690993
29.0,67.53060551514488
57.0,58.455980217282445
57.0,58.15672554322941
55.0,58.50845001691965
55.0,75.00241210552099
67.0,70.47554618181363
67.0,60.04189473841501
44.0,39.693967385005294
44.0,67.16983482507112
65.0,71.01250652915235
65.0,74.28195417302123
51.0,46.65022125079838
51.0,85.27443218513946
77.0,83.72901153034883
77.0,69.53541631365437
65.0,69.87983043912408
65.0,83.67992762263532
59.0,65.92253145509176
59.0,58.05525656516602
47.0,45.339670752122686
47.0,72.51291100834919
59.0,63.288145161334114
59.0,77.47639893245628
67.0,70.55248804952816
67.0,86.32474218304662
65.0,66.2261983856917
65.0,62.89496205629706
63.0,64.54039647578958
63.0,74.51324093025073
65.0,71.68299314180109
65.0,25.86697421469819
61.0,67.34260055443957
61.0,59.48137229156595
42.0,34.91881664184325
42.0,66.34488029893129
65.0,68.9837382769548
65.0,42.83036622434889
51.0,51.496044767925014
51.0,41.43768049225014
46.0,47.833904227024846
46.0,82.44074252832041
40.0,36.88240830419386
40.0,72.92924263649354
54.0,58.11129959182699
54.0,33.97167309922054
27.0,24.804974377718963
27.0,70.55247780369166
68.0,70.32852082990848
68.0,56.973217688923796
61.0,64.72390542522453
61.0,32.299538948904
50.0,56.411667946888315
50.0,68.3278541442362
45.0,45.157470390169465
45.0,79.24154255155014
63.0,60.59250230565772
63.0,68.1402653871462
68.0,74.22631641828622
68.0,78.04035262668515
41.0,43.68524187483047
41.0,12.520835036149379
55.0,51.54431839633361
55.0,91.01713464429105
79.0,89.02064456543576
79.0,71.83807178256075
58.0,58.927185415584574
58.0,20.97001792409037
60.0,61.767616196909955
60.0,63.926904254352166
60.0,61.297403648266084
60.0,68.36431659795772
67.0,71.49300569483034
67.0,74.1823560373158
70.0,76.99197311187424
70.0,41.46512483109359
54.0,60.183222829033184
54.0,67.81745906788655
60.0,65.03720340341488
60.0,67.21379585516365
67.0,73.02993667312649
67.0,75.37566034930984
67.0,71.95015000032225
67.0,39.92634692331882
74.0,79.8753217331166
74.0,78.74991511441578
53.0,57.65796956239268
53.0,55.06709052070124
56.0,59.21774255127792
56.0,13.417467123830193
67.0,70.04100489016963
67.0,15.360595019235689
42.0,34.933894451945946
42.0,40.36742624590124
59.0,57.53520599806285
59.0,83.3454894432362
58.0,63.063050230062174
58.0,72.46444278339379
64.0,63.60419161006132
64.0,25.94514101550118
51.0,48.99458244345897
51.0,68.56743719587456
38.0,34.09506573693284
38.0,13.653900681703078
73.0,76.85930447460044
73.0,57.553405515630914
61.0,64.26933749390594
61.0,72.90422281507739
67.0,72.10774656543424
67.0,63.55427803297283
58.0,59.865876072050355
58.0,76.94764372488521
67.0,69.14578460377862
67.0,72.53608737556948
56.0,61.56743674486307
56.0,82.02264308362675
46.0,48.58250015632353
46.0,31.80874322948108
72.0,77.11178977124706
72.0,93.31513574696726
15.0,2.936583158802648
15.0,66.21676058935913
74.0,80.38425220783006
74.0,64.75906823399163
71.0,74.59236885958643
71.0,77.3252903835625
73.0,78.76840635031897
73.0,83.1381936745729
52.0,49.647250069901645
52.0,72.32223479592989
65.0,70.08132382332786
65.0,86.59244538373008
70.0,74.43195497292851
70.0,50.12237493978017
68.0,75.2994828666765
68.0,17.94033760525076
63.0,68.37282013329764
63.0,73.64672147744386
48.0,51.70200365990354
48.0,86.41072535227522
48.0,50.80039421355076
48.0,76.30668279500287
34.0,32.419176312531135
34.0,76.65150669507318
66.0,69.72397516747134
66.0,35.03110874962812
80.0,88.0126279890099
80.0,55.67456398883775
82.0,89.96209799386571
82.0,77.28640576812745
74.0,79.7269429552851
74.0,58.08414581852429
76.0,84.39843139316645
76.0,61.97177585248227
33.0,38.84525325868651
33.0,66.99906010421688
28.0,30.319307768528688
28.0,26.217507456672877
34.0,32.02362840120128
34.0,69.65805243695024
26.0,27.119876959429916
26.0,71.45501470383067
62.0,66.48932620845869
62.0,72.05383158217938
69.0,74.66875067375508
69.0,62.096180241346474
66.0,70.08660456908552
66.0,80.28832061469353
74.0,80.9770995503983
74.0,53.41396302200832
46.0,43.32398396380853
46.0,61.478219212560305
52.0,54.15175703373109
52.0,46.93219395671605
56.0,62.46881037692003
56.0,75.24692229948971
68.0,74.02924101572017
68.0,70.01080998933094
48.0,44.41961846617954
48.0,64.17721047491932
80.0,85.6864372874686
80.0,64.29921838829512
60.0,60.18543503786384
60.0,73.79855252086963
66.0,68.08118670786695
66.0,70.9345515297565
61.0,67.96718832691698
61.0,62.32145759367876
71.0,75.26572136975238
71.0,53.08801020534031
57.0,59.81955699169299
57.0,13.485514563862239
75.0,85.05472661674986
75.0,68.08587899401499
34.0,38.77424874144441
34.0,58.36413201413103
16.0,18.25771280656238
16.0,91.06031458569106
52.0,53.635807654676796
52.0,64.84921264738495
62.0,69.37034348122904
62.0,38.43658556414658
69.0,72.85953434910749
69.0,65.30719167738118
76.0,80.36746257773189
76.0,82.10160269441934
62.0,62.3577435586007
62.0,65.05698696402067
38.0,33.456312119774054
38.0,72.03774928770213
66.0,70.30620147655554
66.0,79.86352034062696
70.0,76.5237736543138
70.0,62.22219497172125
40.0,38.58929699022951
40.0,12.898598075194286
62.0,65.29019868327327
62.0,57.66194212629114
50.0,54.91531324241015
50.0,38.680820309529395
53.0,52.489445151167104
53.0,67.6593714234296
61.0,61.844993337061396
61.0,81.83280910431392
59.0,56.46252217879555
59.0,49.77970345008748
51.0,54.49098360667921
51.0,60.181238141332244
72.0,77.32681867516493
72.0,28.292668447978997
59.0,60.00942553067517
59.0,54.36165031073989
56.0,62.192072283324705
56.0,71.73717485407337
79.0,85.78042027440085
79.0,61.3701276953513
57.0,63.69199284001007
57.0,62.457713607882056
61.0,63.513525558398726
61.0,75.50045853951997
20.0,6.183043985720303
20.0,93.63775051440842
70.0,73.92375021065322
70.0,61.22790615068328
65.0,66.01624850815261
65.0,46.87353427138288
72.0,75.79227028650348
72.0,75.87421475978266
68.0,75.13011636683666
68.0,84.2070777560395
46.0,42.258914150588
46.0,63.47409647169508
40.0,36.5584045026597
40.0,41.09089144350145
79.0,86.13720943974664
79.0,57.88788807979989
64.0,66.38502018185972
64.0,79.44317629029479
12.0,3.6381660749178764
12.0,11.564089190940592
77.0,85.4808341203231
77.0,46.53914401583444
76.0,79.55765025843448
76.0,67.80830165691293
75.0,81.007644408918
75.0,51.329353553020496
43.0,52.09156221894102
43.0,82.20022382721629
69.0,74.81821031095888
69.0,66.77544144379931
73.0,75.88717963897352
73.0,65.5205797995248
73.0,77.52306462144094
73.0,58.840414638609616
55.0,58.5811247230709
55.0,32.58775706087914
70.0,73.46741969400637
70.0,27.310322556776157
46.0,51.784529899848565
46.0,76.9155174743388
66.0,70.50905712583301
66.0,74.25534115006622
56.0,59.48027679802459
56.0,40.14078956296612
37.0,33.18957423590018
37.0,77.64084475361182
58.0,65.27337648478073
58.0,40.76228155531754
53.0,54.32791234412855
53.0,69.94723661395068
51.0,50.629584963002856
51.0,78.02046548181471
69.0,73.6448153763497
69.0,57.94069972632411
26.0,18.16012869695578
26.0,30.55707917711004
58.0,58.545041975856805
58.0,82.98226595137146
56.0,56.019959180953606
56.0,41.241110681124326
37.0,33.356189318793156
37.0,70.63451782852599
44.0,39.76040111784221
44.0,45.31023119507671
56.0,60.80594541174224
56.0,65.61376666851157
63.0,70.65650582296809
63.0,87.85665780220273
41.0,41.53936400002806
41.0,34.40982369841072
68.0,74.09719670515193
68.0,39.58208895150591
67.0,69.27824881483258
67.0,49.26281799769748
67.0,70.10139419211657
67.0,75.89254659408692
70.0,78.82897509301773
70.0,60.77644235602935
55.0,57.71667239066579
55.0,53.25612028222673
60.0,62.45154493661346
60.0,37.73016277766169
62.0,66.8935477002592
62.0,63.56818787965466
60.0,56.582704606033815
60.0,33.42243700547084
45.0,49.6433644353113
45.0,75.86135509273993
65.0,68.00752085481577
65.0,68.85585012309747
66.0,70.09708505657176
66.0,75.31743431225038
52.0,51.0829800184182
52.0,30.18854973319509
22.0,20.85157933372801
22.0,64.64449062825344
43.0,42.17579242281357
43.0,65.97193641955312
80.0,86.2999006414156
80.0,83.91990234686017
74.0,82.72964767449787
74.0,71.26736440378897
45.0,49.79433906706481
45.0,54.051879768232254
68.0,71.43999819581978
68.0,73.00373250278852
49.0,49.82936444338122
49.0,64.3717025656519
31.0,22.947732664304795
31.0,57.85599401447928
57.0,60.1832224148493
57.0,77.23077642658973
72.0,77.93386964837111
72.0,78.06176378678458
32.0,24.210936822019676
32.0,67.12413582049197
72.0,74.2091417231178
72.0,35.187901865617164
46.0,39.275354528951766
46.0,76.83655747006918
79.0,85.90304955220012
79.0,67.90609868319939
53.0,54.852679475673256
53.0,42.848934431941586
65.0,69.96927154832963
65.0,16.558762126046304
68.0,72.70076716050357
68.0,82.9402455659552
70.0,74.82512685182598
70.0,45.18596986424882
37.0,32.5992469946853
37.0,81.31780917492233
62.0,66.52527457544494
62.0,86.09106211098111
52.0,54.74537296024664
52.0,57.5667385366188
65.0,71.2558908129514
65.0,53.310650350522906
66.0,75.04461071110416
66.0,73.15587556655504
78.0,87.58383554440638
78.0,61.100940793938776
44.0,42.056618487300796
44.0,44.62369713134382
59.0,63.50079663753519
59.0,79.06847328655033
37.0,31.505786942907775
37.0,68.76321641463613
48.0,51.74639092356074
48.0,86.39962634808307
65.0,74.54562522051134
65.0,69.25335361225467
67.0,69.51975975059264
67.0,49.58572731243902
60.0,59.00080022007586
60.0,39.00125945975691
31.0,31.400232566091915
31.0,68.5165583349584
59.0,65.25805918079982
59.0,64.4871327037788
61.0,62.76317625390794
61.0,78.22667867779649
75.0,80.48447352754766
75.0,67.74129001733087
71.0,77.96033179691358
71.0,53.317085011890924
62.0,62.747222333831246
62.0,76.0945941937315
82.0,91.351064899427
82.0,62.90060830812217
69.0,72.68637100425588
69.0,22.793783401500605
51.0,55.37999027994175
51.0,80.07662607302905
75.0,80.96888238724279
75.0,41.46567920684686
21.0,18.866340007423446
21.0,37.41003071983755
22.0,22.793783401500605
22.0,60.34779212171594
64.0,67.23198668180652
64.0,50.54826870107297
72.0,77.63288845698952
72.0,82.30446125003368
42.0,44.02294231124233
42.0,84.2884942242066
69.0,71.5145073032889
69.0,66.51896136901189
64.0,61.377885728232286
64.0,60.46941082435029
72.0,77.54009094752001
72.0,77.80718442014563
30.0,28.330032445615814
30.0,47.85013362734844
63.0,67.9570400156266
63.0,51.23603039012801
69.0,72.78367469591063
69.0,43.08622819162895
51.0,45.990696431240224
51.0,60.354351581725666
74.0,82.37576313250696
74.0,64.88082395122052
66.0,71.84240885517113
66.0,73.88790196374703
72.0,77.80972785273457
72.0,28.25154755106456
69.0,73.61762697752499
69.0,67.14266782731426
56.0,60.39991011857438
56.0,63.106871224867405
65.0,67.6529100799267
65.0,75.11928960335626
56.0,60.78947117145958
56.0,64.54330586195306
76.0,82.33700975717312
76.0,81.20163419258864
59.0,62.94299837901883
59.0,46.69161991091926
72.0,77.31069071430363
72.0,46.72498898854502
69.0,76.12024885860666
69.0,27.6289362222019
76.0,82.70198434769583
76.0,57.779122001622056
77.0,80.90638976834782
77.0,33.427171214862426
65.0,70.70150922643217
65.0,36.74121581811511
68.0,75.8150943931941
68.0,74.65215904992164
72.0,75.73718277443044
72.0,38.15559396187189
64.0,65.5736028123834
64.0,76.40616840071982
49.0,54.84740928653048
49.0,76.30154029693563
54.0,55.609917730893244
54.0,73.37521520297088
74.0,78.12120316067222
74.0,44.982195044542834
63.0,69.33970390089667
63.0,63.10881628074378
57.0,56.262613933722605
57.0,76.75575506648914
63.0,65.12599072552484
63.0,73.8073061867754
46.0,42.296748825711916
46.0,66.30739123545658
66.0,71.64943322017825
66.0,78.06625729266722
69.0,74.3654066146691
69.0,79.57367416993844
71.0,76.55276433094139
71.0,77.07844522420544
65.0,65.39901030989591
65.0,76.90508521797494
76.0,82.4145041872195
76.0,76.0300287507439
63.0,67.98899512701058
63.0,38.49381452205159
66.0,71.69553926818776
66.0,42.39871191846396
55.0,58.334158122097335
55.0,72.47852762877233
50.0,55.858422026230926
50.0,66.83366922259614
60.0,60.97794332040485
60.0,81.23610593446568
23.0,14.448001223818494
23.0,53.43988804242389
16.0,14.37956499083731
16.0,65.67898244454585
65.0,70.17952457130815
65.0,34.67712924964542
54.0,56.32452259369933
54.0,50.06814313449138
62.0,64.33904470583042
62.0,70.98131809279391
63.0,65.92409870343386
63.0,56.6950639532098
47.0,48.16832821632045
47.0,72.67985287517905
59.0,62.332475499345094
59.0,27.345903543916336
68.0,70.24840702880721
68.0,52.60550193852265
44.0,48.07189753951724
44.0,66.92857714345212
71.0,72.12248453697975
71.0,68.67145246516765
66.0,72.578298328514
66.0,78.70036930557819
67.0,68.35710293140346
67.0,75.96956693137093
72.0,77.15453364542878
72.0,51.78928639751638
65.0,68.82023684747105
65.0,88.95669863137329
73.0,85.69628582341096
73.0,45.8225465773005
68.0,75.02425030026637
68.0,74.1952409531388
72.0,76.23851690553113
72.0,49.68665851850841
49.0,49.78283955847883
49.0,37.205460816183404
53.0,54.90167352736961
53.0,46.141727733229004
55.0,51.81264827721395
55.0,85.11570139920855
50.0,51.879515383265755
50.0,58.61805264595654
63.0,62.92773264705488
63.0,18.074502208230285
68.0,75.5961851984352
68.0,60.9132290175466
67.0,70.35893249896742
67.0,68.37611076635244
56.0,61.48201652473864
56.0,52.50441742408316
71.0,76.41025748484668
71.0,52.93258898566472
72.0,76.83708191879595
72.0,60.64360009360354
54.0,54.27221306818916
54.0,24.732929011584588
60.0,64.81554453721884
60.0,22.16616380163697
60.0,63.024914674536774
60.0,63.77983010745021
72.0,75.32716739285132
72.0,40.940003311888916
41.0,44.69094961675364
41.0,75.95822063212819
61.0,68.26793833605171
61.0,38.37258934885921
64.0,69.36810929818273
64.0,75.89717791976892
50.0,54.91531324241015
50.0,59.505304115222714
43.0,38.08945153004578
43.0,71.01545368167962
55.0,56.89445101178404
55.0,63.68004010421248
61.0,61.14534369535073
61.0,51.1325492764409
78.0,83.5393860321625
78.0,78.65934849747532
46.0,50.153988333804136
46.0,64.48146062639881
83.0,89.94984115755159
83.0,80.5760066251325
66.0,65.27755651447393
66.0,65.67561203244321
59.0,63.6267957938644
59.0,43.15400149709518
43.0,41.69215698037783
43.0,67.36129470824443
76.0,83.31571288836028
76.0,70.70066322844315
68.0,71.25658929035325
68.0,43.954555029808546
69.0,73.58760056893357
69.0,61.9081952247426
58.0,57.02694038231317
58.0,63.99162156417225
73.0,76.52355290370309
73.0,84.89828982562335
52.0,57.345918045017584
52.0,59.782751807698844
69.0,75.64863848167772
69.0,60.109763056809356
73.0,80.47140961176996
73.0,61.56013035900577
64.0,69.72149830687363
64.0,2.936583158802648
15.0,21.181708856129717
15.0,73.79790959282315
55.0,60.83843366041975
55.0,67.66403340726669
73.0,80.41976340011996
73.0,72.97816394941327
62.0,66.8714794373937
62.0,55.77607266456994
64.0,68.04814541946791
64.0,48.37503294457764
42.0,41.514601778996735
42.0,64.6262299474651
62.0,67.48916583903912
62.0,34.326188714306625
53.0,50.19754859644365
53.0,36.64722802345017
64.0,68.26269255321967
64.0,53.27505205162629
76.0,82.70249511274233
76.0,72.91721205236757
65.0,66.72878213585727
65.0,78.34199294390885
18.0,16.54992977753608
18.0,19.605383488073244
68.0,75.91742048108307
68.0,64.46915150216222
24.0,14.876850347132972
24.0,48.17522030164122
71.0,75.62040463275912
71.0,62.543691793267385
40.0,36.68692849849538
40.0,79.74252355358976
37.0,38.74368739728891
37.0,28.16974737204032
30.0,26.786526633519088
30.0,77.33095395255219
64.0,68.40677728216036
64.0,90.66607570986474
59.0,62.48439228651375
59.0,79.87098179793475
68.0,74.53603729718145
68.0,81.841226620182
36.0,34.124591262303966
36.0,31.708773716569794
73.0,75.82551995821882
73.0,52.54257621243664
72.0,79.03997595114157
72.0,39.120892710979206
72.0,75.33440101803916
72.0,45.166046483905575
72.0,74.48346118723339
72.0,89.91027931253569
77.0,81.49073620228813
77.0,24.73846854509719
16.0,1.0803995809081357
16.0,79.25379498457272
60.0,63.441161899932354
60.0,83.08559076159759
66.0,67.96009962510459
66.0,55.13903852468536
64.0,68.21221108910913
64.0,65.56405327950534
46.0,44.363135117508705
46.0,74.81309571855445
67.0,71.33256562437032
67.0,70.58453126607645
71.0,78.24680216392176
71.0,85.56387581577661
81.0,86.75522645728182
81.0,77.76692526315725
31.0,33.0020989065074
31.0,72.30062606429772
63.0,64.05530761729369
63.0,81.48905964759649
68.0,71.4106206296255
68.0,92.24098915995557
65.0,75.28223674627083
65.0,35.128867194548434
54.0,58.11852568759514
54.0,71.05309615783233
69.0,74.89031880298285
69.0,53.47118823212793
73.0,77.02048976114173
73.0,39.32368416786784
36.0,32.58775706087914
36.0,76.21223331527972
68.0,72.98467270978495
68.0,31.6628396668159
53.0,58.82129649883797
53.0,48.458923531131404
65.0,68.35510816438006
65.0,79.22949820559313
74.0,77.24832749267176
74.0,81.6244408492849
74.0,79.79248757518292
74.0,46.15957775074253
62.0,67.64771369279998
62.0,77.9748525366457
59.0,55.85524003764209
59.0,54.350539010587624
77.0,83.62741194425837
77.0,71.50735121687296
67.0,70.63257398497268
67.0,77.91883721513761
69.0,71.86854355929188
69.0,69.0425828918664
64.0,67.80958609971503
64.0,65.75742555275986
73.0,78.89441375744701
73.0,21.359274056221864
78.0,86.46788498691251
78.0,49.11091449693623
54.0,54.35133132827269
54.0,63.35696574319712
61.0,61.67858026178942
61.0,75.44380293319387
50.0,50.04973668236312
50.0,29.233666384564685
48.0,50.10459691290117
48.0,67.7744135355008
68.0,74.0771277668511
68.0,77.39924626202287
63.0,66.38946962923842
63.0,65.01416992983565
60.0,63.26779329830521
60.0,68.98089650519756
60.0,57.18275919439486
60.0,54.56688805951546
34.0,34.46531731105057
34.0,78.75365035149116
20.0,15.614484895604448
20.0,69.29076943149903
53.0,57.63023073630859
53.0,8.837468583549764
77.0,83.7094222488929
77.0,75.0032465871592
26.0,18.119225321073372
26.0,53.82470397940523
73.0,79.25419110776608
73.0,27.75561592174671
45.0,35.99376349924489
45.0,73.86955291895168
66.0,73.46834210430023
66.0,67.34939176757302
63.0,67.54916352887722
63.0,75.11779127391321
44.0,35.313123067017614
44.0,37.61877651703304
70.0,73.1851452902037
70.0,88.67247822659812
63.0,70.26712068625915
63.0,71.86846319071543
72.0,80.72214472365027
72.0,47.88966946861075
45.0,40.271055204440756
45.0,16.7038474400822
35.0,42.14666547267018
35.0,59.72543318398215
63.0,70.64797017695747
63.0,71.66847117486606
73.0,78.47112427468096
73.0,77.68731043796902
74.0,79.6721632531096
74.0,60.271352719953654
19.0,21.005653853631713
19.0,39.02342078849284
43.0,40.67614723811403
43.0,44.146906905825574
62.0,63.630710902500084
62.0,76.26372863211873
51.0,51.66982803583022
51.0,79.46874589329786
73.0,80.0540762011392
73.0,59.790510556982724
11.0,10.482360812744275
11.0,20.268913339244705
64.0,63.25954358567816
64.0,53.76144288914651
22.0,13.635623168472762
22.0,62.54170460815487
70.0,75.9093283592357
70.0,67.93492717956394
63.0,69.74612856183785
63.0,63.12779900949096
65.0,69.33992580798008
65.0,35.05104442438403
66.0,71.87396623716677
66.0,74.49947046341532
47.0,52.48018956515574
47.0,81.4232660595789
77.0,83.26906995213665
77.0,34.00691907706306
52.0,56.80705790756008
52.0,52.53474239159044
44.0,50.05717981727315
44.0,75.737701980299
19.0,10.504539813187307
19.0,61.34857132651166
74.0,80.76049180192086
74.0,82.08418425165115
69.0,78.4959313212176
69.0,51.861490078710574
59.0,59.959489625672575
59.0,57.80006379566373
66.0,69.34293864893272
66.0,77.11648957170229
53.0,58.69380433233232
53.0,45.29202197381096
71.0,78.92110484704517
71.0,41.92417801427456
76.0,82.36128797180487
76.0,65.54836300025465
50.0,53.451087118359624
50.0,35.65175787540926
44.0,50.49565317599473
44.0,42.330613787045934
73.0,79.12259571655619
73.0,57.38648745419931
73.0,78.72783828372292
73.0,37.086916815755046
45.0,44.817269698637574
45.0,65.53851635008516
35.0,36.46929291232891
35.0,80.99678462193742
63.0,67.99282169533296
63.0,73.42139240476843
62.0,67.01832667274806
62.0,60.11429006398009
73.0,77.12324788529111
73.0,81.39119870804325
67.0,69.485038373147
67.0,69.92806884792043
52.0,52.793857217137884
52.0,68.42090968812852
55.0,56.25797129223213
55.0,5.802127837490332
65.0,68.73520306928043
65.0,66.88274905402983
78.0,84.00896252029429
78.0,42.50666299145814
78.0,83.65818671802174
78.0,86.1458183284243
82.0,91.21817417419476
82.0,62.72624025282141
37.0,31.971450425436444
37.0,71.57102521303062
71.0,78.95561684058674
71.0,51.719334124159275
56.0,60.24775710983846
56.0,40.00786023218842
64.0,67.95097723073116
64.0,56.76540750758306
36.0,33.44736897115098
36.0,60.190508840007226
31.0,32.68067686569589
31.0,41.76470657290196
49.0,48.18250190366456
49.0,36.55493013150334
79.0,85.61440360065637
79.0,42.03319774804362
36.0,20.826559608598018
36.0,76.64059551913482
75.0,82.23805861083554
75.0,70.75250207046236
39.0,41.53947296869495
39.0,56.53032056866567
29.0,18.04936723331997
29.0,81.29811229013865
53.0,54.05002297617307
53.0,63.59869885236179
53.0,54.5886937701726
53.0,66.0451861033414
54.0,60.00774057649386
54.0,64.31112566032078
60.0,64.25398344271377
60.0,89.90877578188133
81.0,89.12259008781189
81.0,64.92874989311957
13.0,5.1143074570899785
13.0,43.53149826579539
28.0,20.455346980471404
28.0,79.06163207220317
68.0,72.74275788443367
68.0,68.70622162521818
56.0,58.53864272481735
56.0,87.56398612299694
61.0,60.60321526675972
61.0,70.2437833031808
62.0,68.91817966846378
62.0,77.17203509467123
60.0,63.78914481043671
60.0,82.62918564548198
55.0,57.26135924173184
55.0,39.52206779161344
58.0,65.05444818406369
58.0,50.10656451658389
61.0,61.12493128537449
61.0,59.329670075054025
69.0,78.30630322778802
69.0,60.758612957098705
57.0,60.937632917308065
57.0,83.93550354865488
54.0,51.99694808039192
54.0,28.942454718254737
68.0,74.45901454531321
68.0,70.10975847464903
39.0,38.9338493037875
39.0,91.27124398340146
60.0,62.617042809851
60.0,78.91506449734214
45.0,47.408684202900076
45.0,76.71861476419997
65.0,67.70121755561598
65.0,72.15865218089726
63.0,60.28324480160245
63.0,75.06447971155018
76.0,83.45129891857238
76.0,38.93904611248621
74.0,82.20197431556392
74.0,63.87205764919577
70.0,74.98401076888763
70.0,76.81052831150271
61.0,66.88816251158124
61.0,74.47006398698511
67.0,73.27684092888774
67.0,75.92870374254414
45.0,47.83636550135799
45.0,38.246293952335975
71.0,77.59501385857646
71.0,41.621317611489474
75.0,82.28318893383846
75.0,77.5552934209872
63.0,66.86742684322934
63.0,76.04374573561239
67.0,75.04015607375817
67.0,70.55964255314075
46.0,44.24884168231716
46.0,83.33087448689196
57.0,58.57232750217247
57.0,48.14689488117244
49.0,52.26882522404571
49.0,59.40913987558184
29.0,23.000006904818747
29.0,81.19751056105753
69.0,74.6997944137218
69.0,43.64382293188413
69.0,77.37644390472065
69.0,53.81590537918754
78.0,82.58681752835605
78.0,63.934189019045334
78.0,85.13072915080619
78.0,62.82682109679854
76.0,84.63467105929743
76.0,55.742129993980654
21.0,7.414496048476508
21.0,82.4648615726698
66.0,68.8321214181704
66.0,62.39692560150837
78.0,84.10381472612511
78.0,59.51393996993346
27.0,17.814703713112124
27.0,82.45372259603545
72.0,78.73298483543374
72.0,47.92180516846793
62.0,67.90863998519819
62.0,71.38655981629108
60.0,56.84197060240854
60.0,41.52847999523789
67.0,66.92179888875995
67.0,74.05798976179278
54.0,56.20194914517464
54.0,68.90265321869725
63.0,67.77467126634167
63.0,69.17751791639478
62.0,61.558283331242535
62.0,58.96968886783782
61.0,64.54934515120618
61.0,82.28290930860067
49.0,54.6245736428138
49.0,75.15858370860968
39.0,38.86111608827338
39.0,74.66161203627428
40.0,35.030037294946055
40.0,73.53855954549232
62.0,67.01616180391477
62.0,16.37898037222766
69.0,73.95197912349062
69.0,24.00761259260895
75.0,80.33239059932743
75.0,28.366144238064408
59.0,60.505369141780136
59.0,78.52741337938386
54.0,53.64429664965712
54.0,65.64616340394639
55.0,59.74327433807139
55.0,42.75657131958269
50.0,45.696215564381134
50.0,60.43948703566525
47.0,51.806369701542565
47.0,49.19058287701222
47.0,44.60599979612232
47.0,80.2456318506998
67.0,73.97043151658045
67.0,67.88110837698991
49.0,44.25572424273196
49.0,70.99660567077387
38.0,31.545914796863258
38.0,82.06631592750671
68.0,71.31309133108255
68.0,46.027213137774766
60.0,65.36754372466754
60.0,61.427079877207234
54.0,47.71376644557546
54.0,56.264723438464955
75.0,81.55131459418158
75.0,44.68979149559152
67.0,69.277899048844
67.0,73.03143076441853
60.0,59.627581350406956
60.0,69.47345965526932
67.0,71.83032800504816
67.0,27.6289362222019
62.0,66.98305216081803
62.0,65.74536318559478
38.0,40.777755789450225
38.0,83.39863385857035
76.0,84.41127386615102
76.0,56.42322925862305
66.0,72.04868488936296
66.0,16.94397311564819
65.0,71.06106295437223
65.0,48.89548021876067
42.0,44.63820912191329
42.0,51.36171983664303
65.0,73.4877183034024
65.0,76.57238982472103
53.0,50.811473922725725
53.0,71.70479035064204
62.0,62.7800665353069
62.0,71.3942314917806
77.0,85.10220851610234
77.0,80.070081298177
49.0,52.58171516802639
49.0,64.73996488521777
57.0,57.41971521321767
57.0,26.33969670142625
56.0,54.61441229494113
56.0,87.26961959235945
68.0,68.33572068804432
68.0,41.17422081108447
36.0,31.64916210524433
36.0,82.43272510647307
47.0,46.28398770941459
47.0,79.17513509264393
73.0,76.33484363747112
73.0,6.88561109386103
66.0,71.69149451276422
66.0,35.94119253181407
38.0,28.43481068620747
38.0,27.76882011892394
32.0,37.49732724524404
32.0,52.811809139313084
49.0,50.140655067865
49.0,87.59734544353182
76.0,82.83694694016117
76.0,83.18502544176425
68.0,72.48959804165946
68.0,73.58604395572945
64.0,71.32805136255394
64.0,69.16274499521626
65.0,66.98294441501497
65.0,53.66997978191176
58.0,59.56941812473468
58.0,77.3418971063208
52.0,48.11622013124742
52.0,87.11190549509013
33.0,33.738852656696224
33.0,71.85232402632698
65.0,70.51482121815053
65.0,46.66939788091037
60.0,61.052945408459436
60.0,62.23045943118865
60.0,64.65177832246616
60.0,63.329834707818975
62.0,66.20793368731398
62.0,64.55227455307465
58.0,57.36704041333894
58.0,68.73023378971425
70.0,76.68026546173172
70.0,72.94292512760626
67.0,69.2074410366443
67.0,81.37699701305377
72.0,79.21732290753499
72.0,76.46782912291462
32.0,34.18815352953743
32.0,61.442303278153645
73.0,81.49793897453571
73.0,67.77062701826247
53.0,53.34510990854483
53.0,63.79731712253414
71.0,76.91897403346269
71.0,69.09686858840621
70.0,76.37141974799101
70.0,67.3107224255968
73.0,77.4831944604158
73.0,82.59470956850646
62.0,67.52546297675894
62.0,17.55477916607464
58.0,61.225050026728354
58.0,83.25069113858916
45.0,41.76470657290196
45.0,56.69214881090568
78.0,82.95141062592569
78.0,66.58249534394042
76.0,83.6368525443724
76.0,72.74891431828843
73.0,79.84545947923948
73.0,80.67862225624754
69.0,74.59579738071602
69.0,26.388494172400385
64.0,64.61132263629815
64.0,69.77499529389678
20.0,5.549596509673279
20.0,73.40403604574186
47.0,42.83983047663395
47.0,83.78088714639983
37.0,38.341799968596376
37.0,75.27478801907915
45.0,40.04504802249522
45.0,51.72170184066516
35.0,33.166550507784734
35.0,64.16766527297591
57.0,62.450654667260494
57.0,48.97207657764102
44.0,38.13632676625565
44.0,43.61570454685051
46.0,44.045817903586794
46.0,80.99295857161076
68.0,74.06410962525007
68.0,26.78880518621031
65.0,70.27256619177462
65.0,81.28790657545619
33.0,33.28234454681814
33.0,-0.7019046488408094
77.0,84.09145439402295
77.0,19.800370673963016
62.0,64.35844835858143
62.0,54.42635010837546
70.0,73.43620246168376
70.0,68.97259238150372
52.0,51.640903859024945
52.0,78.22226676229116
70.0,72.44253644819088
70.0,22.656196538635527
30.0,21.78427594568143
30.0,31.271687067099606
80.0,85.15974178818038
80.0,26.920721712879867
46.0,43.982044062360046
46.0,59.07481124256293
51.0,52.39110147782009
51.0,63.18144868247771
43.0,47.162311178995424
43.0,25.782747227839423
26.0,21.575070974967275
26.0,83.22428039429047
56.0,56.799932096169016
56.0,70.3789741387152
59.0,62.47414590681103
59.0,56.84598855457358
69.0,77.07355017059939
69.0,46.71665573713864
59.0,55.28372601624375
59.0,80.23107246182502
68.0,75.4321615143258
68.0,62.444515513825365
62.0,66.22493590020838
62.0,78.44811937804826
74.0,79.08779767349426
74.0,77.64275777536551
65.0,68.80739614972646
65.0,65.63463557467571
79.0,85.6864372874686
79.0,26.280443830489162
60.0,62.91992540339572
60.0,69.13902587509597
66.0,70.202838577092
66.0,80.04211023047128
62.0,67.30444241386027
62.0,76.69388788351347
46.0,48.14689488117244
46.0,82.45605338181144
49.0,42.184031222902945
49.0,64.16628073789127
59.0,58.89512379881023
59.0,81.83184975838572
63.0,69.87011818233952
63.0,67.74120303345234
27.0,26.925336404880227
27.0,60.56389861774147
61.0,63.746438037593464
61.0,83.60280986211302
54.0,54.910902313757845
54.0,57.44136245015426
78.0,84.0507634444952
78.0,72.80323909266309
56.0,57.33353224669611
56.0,84.56146333816059
42.0,48.01924016467632
42.0,86.9108021990732
62.0,62.531778959229996
62.0,61.846479952604966
54.0,61.49623598314952
54.0,34.26724199108412
50.0,49.52852769382196
50.0,72.38339038288507
67.0,70.97334834756282
67.0,73.93472613125158
40.0,43.64247401047089
40.0,83.65157066095884
76.0,81.70556703200407
76.0,58.37933779070681
73.0,79.4736789956101
73.0,70.34609170711781
59.0,58.42817977224797
59.0,68.81793844873101
61.0,64.35379111918434
61.0,40.24240491108338
70.0,75.90209294658172
70.0,65.57783192552256
46.0,47.42866551585212
46.0,78.1409439397803
42.0,43.74192797592457
42.0,67.64503258039252
41.0,37.5061315817706
41.0,74.82217015522917
52.0,50.22276680116835
52.0,61.37879869561124
50.0,52.163068663895274
50.0,73.44046739117653
53.0,60.60926332747459
53.0,51.02369557239484
70.0,76.56890775365912
70.0,31.14441507987857
63.0,68.53710693421209
63.0,73.40446849301554
59.0,58.77544332491516
59.0,75.29705979085082
68.0,76.80334165971448
68.0,56.670174655823416
80.0,87.90870150525984
80.0,75.40290818896989
72.0,77.64304035071939
72.0,59.512548525787395
51.0,57.705041301434846
51.0,61.226821175456394
56.0,55.62457780514433
56.0,43.89404058437481
73.0,80.25411252343832
73.0,58.65518000233038
37.0,32.819869001876896
37.0,74.74810363557566
57.0,57.814118326933794
57.0,14.273867056430902
64.0,64.32297048193732
64.0,77.33287518025867
47.0,49.43723435892224
47.0,62.90084737701784
12.0,13.818985290460319
12.0,47.01289757178387
65.0,67.00795143606626
65.0,76.35011619331999
54.0,55.55197547271803
54.0,45.32664659711571
67.0,68.1159986203981
67.0,40.7705417518107
62.0,62.49846656010618
62.0,80.89825416874936
72.0,77.30773077753577
72.0,73.20109637426003
64.0,68.48228886963119
64.0,84.66995863619923
72.0,78.21804127644674
72.0,65.04775410370866
65.0,67.54851315523939
65.0,70.10637740095439
56.0,58.0417484411189
56.0,83.91760215485948
38.0,32.20246167741658
38.0,47.429022550898424
65.0,67.48548048088884
65.0,49.64964268953116
49.0,48.524912105514886
49.0,55.118164113251055
46.0,51.78928851944147
46.0,70.47614591664382
55.0,59.996371489400474
55.0,30.779568032969678
75.0,82.52859591719374
75.0,56.56663502686354
62.0,69.93478729324949
62.0,54.38651317260087
42.0,40.362237581337126
42.0,86.43195815514355
53.0,48.77247523364787
53.0,73.28592981491488
33.0,35.65277570951116
33.0,76.83001365736516
79.0,85.45530687401902
79.0,72.79373454267613
61.0,64.48102654299367
61.0,21.552282396267117
82.0,88.65656075193158
82.0,72.05096081278054
32.0,30.424913754976444
32.0,56.970389413335
26.0,24.583100664975007
26.0,15.426919703544797
49.0,52.40178037723365
49.0,90.08216699505999
25.0,21.687900703269406
25.0,71.36889472635403
73.0,79.1711256397798
73.0,64.72979128544574
69.0,72.7188565313433
69.0,75.05084753939076
64.0,69.83115419597345
64.0,50.521584397180334
61.0,61.81576551577882
61.0,76.75707489109925
60.0,59.801862937964415
60.0,20.690051707926273
46.0,54.11130100269219
46.0,69.99615231008409
61.0,58.68331699715958
61.0,76.51004600647923
57.0,58.507496983014676
57.0,53.617961078653366
57.0,64.82398868281808
57.0,58.65398991754023
67.0,71.14786620640507
67.0,65.54594870430009
19.0,4.3759189625448585
19.0,54.508961167971336
76.0,82.93387834845305
76.0,58.27117986899481
61.0,62.55871797933531
61.0,47.039427185446016
43.0,44.10124775035899
43.0,70.68260924892525
58.0,60.37971565346862
58.0,69.32682876850788
37.0,38.397864729348385
37.0,50.32422090773457
78.0,82.73355243799574
78.0,82.93302020640971
60.0,64.59754566602385
60.0,38.898731948492866
68.0,72.3071055032911
68.0,70.46843988830716
67.0,71.95119249071314
67.0,68.0124362705804
74.0,82.67080332054928
74.0,84.08270998187038
60.0,59.26609738007778
60.0,62.91185254067881
49.0,51.77936122884739
49.0,74.28161308939565
65.0,70.75987255476753
65.0,68.4618861513
71.0,77.83305695658777
71.0,51.805929431480195
62.0,63.64724689490305
62.0,31.639920245228495
56.0,56.539454937832886
56.0,14.315927071309602
69.0,75.79224162337044
69.0,56.40393326708488
67.0,71.00698149051544
67.0,64.47614908772448
64.0,65.31844418092135
64.0,77.12381372801127
70.0,74.44828389801768
70.0,61.5711352235208
30.0,30.400041050883658
30.0,45.213308067231935
20.0,11.540026150851475
20.0,77.6624036065607
64.0,66.70834264850697
64.0,56.36933922784857
71.0,74.87714387609725
71.0,68.56988278026068
70.0,77.08911418337033
70.0,74.86063272840448
79.0,86.34047440443288
79.0,40.08044358504026
81.0,87.6619870117907
81.0,67.91651149895546
39.0,38.18777721904962
39.0,61.576448040319065
46.0,52.65889583748566
46.0,65.51325765668639
60.0,62.81502159000598
60.0,47.331192785304665
68.0,74.1750601866554
68.0,56.20529856688711
70.0,77.029615921475
70.0,60.093182178912684
66.0,69.61689841643704
66.0,43.75423251994653
59.0,61.489458620839
59.0,67.57763026600247
75.0,78.5439942371222
75.0,53.48894395096306
76.0,81.5821944159108
76.0,59.07404735031912
59.0,64.6502444971166
59.0,63.93944190358201
59.0,60.587274509769316
59.0,43.47023084255716
41.0,42.60001019591124
41.0,26.925336404880227
75.0,81.18801317325403
75.0,18.965973445638554
75.0,82.09297464735818
75.0,82.74064237827974
67.0,70.24345424155655
67.0,70.61164413398325
67.0,75.91105035037344
67.0,26.70429293372348
51.0,53.60234563740272
51.0,36.46511084518988
57.0,56.901903161691166
57.0,61.38415004247395
22.0,18.85337419213886
22.0,43.36696896646197
34.0,32.2796606992527
34.0,75.48507048977302
73.0,79.82834914601438
73.0,84.95888840247301
73.0,77.46489486556425
73.0,60.80732946614319
67.0,72.218648431156
67.0,72.28407549020153
34.0,28.611570077129784
34.0,53.868156814932945
63.0,66.67895787652361
63.0,52.60765046242989
79.0,86.92420037049868
79.0,53.17407916907564
70.0,78.45210342980567
70.0,47.25139419492626
68.0,75.19892827572511
68.0,81.11392301630434
72.0,78.61823844868479
72.0,80.31287287152111
46.0,46.23451311025997
46.0,85.91581228575512
63.0,66.13244209179072
63.0,76.85237965943651
46.0,48.02132532865443
46.0,71.5355220205102
83.0,90.98769117828965
83.0,72.72652463229366
42.0,39.06930847433074
42.0,74.61254627773445
71.0,75.36083210975562
71.0,63.12830005452747
39.0,39.75040922977581
39.0,81.77922773821354
69.0,76.31548403809859
69.0,49.25211699321545
75.0,79.99444705433586
75.0,78.1345513660583
40.0,38.914422723310395
40.0,46.55257721344833
52.0,53.56666133011174
52.0,56.962534552002694
43.0,43.70913646973753
43.0,60.47628664730547
70.0,77.38985598064005
70.0,78.60178712927927
76.0,85.17334956402527
76.0,69.02931883071
28.0,12.103607147610148
28.0,69.62270956486066
47.0,47.411599472080525
47.0,66.00384858656423
78.0,84.65491597371494
78.0,82.92548855628752
53.0,51.39518501903444
53.0,71.26167411721923
73.0,78.45868842246733
73.0,42.882577580860755
86.0,93.50876706649547
86.0,54.62542275926768
76.0,81.68003861491269
76.0,56.30359753515933
65.0,66.20003444032108
65.0,69.04380786780769
72.0,78.09294868949831
72.0,83.69714865542568
47.0,50.39810121789873
47.0,66.49618817578948
71.0,75.50858123493396
71.0,72.0513000181021
73.0,78.69223372635861
73.0,74.79722131098907
64.0,69.98198123114463
64.0,43.70231919362925
71.0,79.05690242171102
71.0,79.06427504561248
55.0,53.431625333720774
55.0,81.08327524790968
47.0,51.96165579999422
47.0,17.95823395862726
69.0,73.73424538303294
69.0,70.32711008809275
68.0,74.86076308936174
68.0,22.20772524771303
70.0,74.35169071178814
70.0,78.55653404905729
36.0,31.869613887068397
36.0,23.397029605229875
72.0,78.15019436931033
72.0,73.20586467121149
49.0,54.129476391607454
49.0,34.037574299442895
43.0,40.913144886845146
43.0,51.678186131554526
76.0,84.03746776418916
76.0,53.59198882284733
66.0,70.14936016663012
66.0,82.38820384299191
47.0,46.952697943392195
47.0,63.530151497591646
43.0,43.10271140180049
43.0,34.33799714932826
74.0,80.19686062270222
74.0,71.967794484357
57.0,59.6494948982392
57.0,51.10730698308919
61.0,67.44622168083026
61.0,49.581342404790746
61.0,68.82235427879141
61.0,47.798781731518034
76.0,80.5384552208705
76.0,21.263035415664262
70.0,73.08674621223031
70.0,74.01163259434674
72.0,76.36913784495653
72.0,77.08363146343373
58.0,61.70157675592168
58.0,68.07224229355506
73.0,81.01199629980925
73.0,69.97482126006918
50.0,47.09381114969932
50.0,37.22827133109092
61.0,58.84103581120365
61.0,33.49664315124545
76.0,84.20877408714153
76.0,72.47573565364303
68.0,73.26601030544089
68.0,56.56663502686354
59.0,62.49939974604638
59.0,44.57743076153969
71.0,78.14423004126996
71.0,41.45826422632058
82.0,90.9873396729119
82.0,39.63345397641831
70.0,74.5441924699686
70.0,70.76827129511469
71.0,77.66275937820109
71.0,54.43398015492221
70.0,76.26298976592744
70.0,59.98272120675432
65.0,70.1398837073898
65.0,31.351165720037955
61.0,65.17202626704363
61.0,82.15604009116578
66.0,68.02635438865065
66.0,78.38504737296068
63.0,67.57123202768264
63.0,60.525162429030615
72.0,76.47833747189031
72.0,62.545154511775934
69.0,75.22020827575176
69.0,45.89247111318144
68.0,71.94751287793702
68.0,77.95416180321206
73.0,78.84916076781877
73.0,76.40598755316478
62.0,66.44809473517432
62.0,55.43222510335249
65.0,67.52330993906298
65.0,35.17940919047953
63.0,68.18042537306508
63.0,44.99783102270396
59.0,62.552001914167136
59.0,44.84433823270763
71.0,78.5301070066891
71.0,41.993311648269525
52.0,54.3367659383872
52.0,77.5132238250157
44.0,39.85848173409033
44.0,62.23128915597624
49.0,54.388487645933026
49.0,89.31540264337985
61.0,63.96680725530388
61.0,61.82418103009974
44.0,42.240186128356015
44.0,66.56815625882535
68.0,71.92138797832399
68.0,38.04424609806364
72.0,75.94967367302496
72.0,19.77404557010982
31.0,26.03210035856023
31.0,68.58227664764291
82.0,89.02242423963139
82.0,82.92746815403336
41.0,44.3769848327218
41.0,78.08411863674144
57.0,60.9037599080566
57.0,41.416845600532554
61.0,68.64029882417765
61.0,72.19794154366673
77.0,83.1223470638937
77.0,55.14747855234714
56.0,56.993412148534105
56.0,75.37820099607814
50.0,55.624194695363826
50.0,31.088956432845237
66.0,75.2123060807325
66.0,70.66722618578734
63.0,65.89176983283318
63.0,63.204802701519895
45.0,43.267163395530645
45.0,85.82141837434193
60.0,63.5416318727967
60.0,19.319595742805916
73.0,76.89066498833313
73.0,78.37065711095812
65.0,64.69828082614714
65.0,77.8894076995411
62.0,64.41754673736438
62.0,60.614012158895605
75.0,81.87450654445018
75.0,75.40049130845779
61.0,65.05582918759745
61.0,73.34111563889411
67.0,71.19354234313471
67.0,72.55854787339194
81.0,89.14587632543152
81.0,60.83967849682239
63.0,71.48205395203644
63.0,75.54898831398634
65.0,66.09557847497973
65.0,72.75651632540047
37.0,28.531879939410032
37.0,50.400538854448996
76.0,79.92423403285267
76.0,75.35329230663581
18.0,6.728711118672095
18.0,72.66248628954219
63.0,61.94555175500432
63.0,63.14866710713329
72.0,77.15897522086755
72.0,18.998500930742352
64.0,67.93858468418534
64.0,63.416842306131684
36.0,31.574060741882022
36.0,73.88356840502587
77.0,81.92481754434226
77.0,28.194471649668515
47.0,48.68162002185346
47.0,89.1671561231853
57.0,59.43104584506398
57.0,19.22347890908486
67.0,71.4309235813111
67.0,17.983108994294184
67.0,71.80282629774638
67.0,69.78102301305768
54.0,60.880989643480234
54.0,74.275309416955
52.0,52.971847572650404
52.0,70.1438657598656
39.0,33.0955177758284
39.0,65.15492122400701
70.0,77.52629250169343
70.0,51.28311473623802
59.0,63.05254606079279
59.0,37.91533161277181
23.0,13.176002392876114
23.0,63.42973377344833
51.0,51.86576065895804
51.0,43.15400149709518
37.0,32.2069446829621
37.0,74.62400487459956
83.0,91.2854433810669
83.0,69.62914642556558
63.0,66.72812613520011
63.0,73.35338129296082
50.0,51.69221223127147
50.0,66.58356697777828
74.0,81.60932759915818
74.0,58.794901771786044
52.0,54.15175703373109
52.0,63.63633743585524
54.0,49.73962761718877
54.0,77.29315515971024
78.0,83.7053200851824
78.0,85.60661098105948
65.0,66.82498063747909
65.0,76.02454078919254
28.0,19.77404557010982
28.0,81.39230441974365
67.0,70.41635327781137
67.0,52.25443121527985
53.0,57.870502834202114
53.0,73.66276876257785
52.0,51.73227061114892
52.0,70.94886517895964
72.0,75.36440161393818
72.0,81.88487423244464
70.0,76.66338797804542
70.0,63.998061356037454
67.0,70.6887798943427
67.0,82.21151070512872
59.0,62.198841879579504
59.0,67.97311618510946
66.0,71.02328259724419
66.0,78.798268106318
71.0,76.62529584903098
71.0,43.74103212035277
29.0,28.03324166908351
29.0,61.91769649038787
57.0,55.55238698653352
57.0,68.6432659374994
58.0,57.09838112937081
58.0,69.08431907879577
59.0,64.97409021678283
59.0,32.47135598893493
39.0,44.15971499480571
39.0,68.91956309082997
33.0,32.79569708401203
33.0,71.89652604844463
68.0,74.39453954892628
68.0,63.36971330545134
67.0,72.48805480920788
67.0,56.69784480994622
54.0,55.43222510335249
54.0,67.78725638618971
53.0,54.814410724326365
53.0,18.484813737379795
54.0,56.77108168093247
54.0,62.72388803499604
54.0,60.428685170117376
54.0,76.8415057531098
70.0,72.50247027624164
70.0,66.73218999730642
70.0,75.22044137666444
70.0,83.69652880387235
71.0,78.18099788345882
71.0,41.562839984766526
68.0,71.03616109556054
68.0,69.63225083868923
69.0,72.46110736050997
69.0,42.11465474750639
66.0,67.58070638939262
66.0,70.61651707376592
66.0,72.71912475714981
66.0,51.835904547459734
68.0,72.23991261320509
68.0,76.11760298310224
64.0,68.73852659169512
64.0,52.04240016252896
41.0,45.11040233383346
41.0,78.77238287490258
87.0,95.02448722445939
87.0,87.24449183733526
63.0,68.4461179004951
63.0,82.22153023231408
74.0,82.2034119446476
74.0,30.834524375710032
49.0,49.45080422512211
49.0,26.836288729868045
57.0,57.66034355072634
57.0,83.03802273101553
72.0,77.95513011116401
72.0,70.65318964865048
79.0,86.27671788306895
79.0,75.4004407197088
77.0,81.08492996534011
77.0,30.804292212381938
66.0,70.77988938350785
66.0,49.4713128685454
71.0,79.01789614957244
71.0,67.60503682148948
74.0,78.47036812162753
74.0,71.92642953239329
70.0,74.16677017329454
70.0,74.72455379257991
58.0,62.18411762756125
58.0,46.856188453710104
68.0,73.54760062895366
68.0,81.06112410093556
57.0,61.91289040569944
57.0,73.49774153653954
72.0,79.43747637575035
72.0,72.63426228030886
68.0,73.2713717270849
68.0,73.77592677622062
71.0,78.0008965921026
71.0,61.21994997212613
77.0,83.36307342884925
77.0,43.670159758485454
66.0,71.09585263937174
66.0,39.54984068895476
30.0,29.407144162430768
30.0,65.77492295570016
70.0,74.67506830462617
70.0,54.77723442492726
68.0,70.44494147037528
68.0,40.5469303861301
58.0,59.14398739624926
58.0,32.448853762203726
72.0,77.98116937163678
72.0,72.01092130140853
41.0,38.251013891474884
41.0,94.79136187719718
59.0,62.762982696386075
59.0,77.42050837365343
43.0,47.15968389893857
43.0,53.338059584051564
68.0,71.75497999106994
68.0,71.46340927495777
70.0,74.99387016834186
70.0,40.27006045561393
66.0,70.95615491354084
66.0,45.9042073756857
49.0,54.37319068586174
49.0,60.98561865641767
60.0,67.31650610619249
60.0,33.11292746680925
80.0,87.97622280075348
80.0,58.62130489600247
60.0,65.61109459662788
60.0,39.8407682233576
52.0,55.474754942492666
52.0,76.34386367406768
70.0,76.58448382791317
70.0,29.919163951696646
58.0,60.334943336210245
58.0,53.493380558254216
58.0,58.44575251460634
58.0,80.76213568069068
65.0,69.10969750479859
65.0,49.75529641291121
14.0,19.06377447968771
14.0,72.63507145253072
80.0,88.84756784602166
80.0,27.261683454874913
71.0,74.59177726457165
71.0,77.7451197778297
49.0,50.34292615458372
49.0,71.9821335406516
65.0,75.00889694159434
65.0,63.43606652429537
81.0,87.11539107674935
81.0,68.94595856005998
56.0,51.565397618048735
56.0,53.81588379491359
70.0,72.58208704230054
70.0,62.82742650886189
54.0,55.66049549479925
54.0,26.44152380156629
62.0,61.41366933402776
62.0,51.18188107891069
46.0,46.91193737782697
46.0,65.34233737696866
42.0,43.421858561437205
42.0,19.40399566723204
65.0,67.43416245027004
65.0,80.9205271026587
76.0,79.58995106581739
76.0,59.396122997989266
67.0,71.9209825418315
67.0,46.93985561119291
18.0,19.34393084015312
18.0,79.17334551298597
69.0,77.35408169597025
69.0,24.68088890781206
52.0,52.82209671531041
52.0,33.42243700547084
46.0,46.92269309534902
46.0,56.184003818594874
47.0,48.3394712868718
47.0,72.90726999946213
77.0,83.61513907369874
77.0,46.63357073885396
73.0,81.69031088798988
73.0,53.50764649688705
53.0,54.071374082154364
53.0,31.926462234632936
72.0,78.23182135725727
72.0,72.90475902982536
58.0,56.55411854271483
58.0,67.8132463122115
45.0,40.57038988465206
45.0,61.843217839525835
26.0,26.260796401151595
26.0,39.67446134225179
79.0,84.02990105201337
79.0,76.6941935840976
70.0,80.41901216650899
70.0,73.87457344520908
54.0,58.81284685770703
54.0,78.44840562187011
4.0,-0.435696146438886
4.0,65.59916742904414
51.0,54.19663890720466
51.0,67.02431613759177
73.0,78.53041086992175
73.0,88.06587856910238
73.0,80.76901628407325
73.0,73.58668653076825
43.0,43.960928999437215
43.0,51.57202953089251
66.0,70.21335163697637
66.0,51.916734343550615
27.0,32.09131422812095
27.0,80.59939564977327
49.0,52.41849137470905
49.0,85.94764230210859
50.0,45.510696711040225
50.0,38.927962052148416
71.0,76.415204585803
71.0,40.32812998556159
65.0,72.7011948804028
65.0,55.42980588057509
60.0,67.27840568383039
60.0,60.59234024842681
67.0,70.18056787649527
67.0,70.18946469553373
65.0,69.84566770218157
65.0,59.96167592211208
75.0,82.30748992104401
75.0,70.01426615047927
60.0,63.41907288313047
60.0,44.167525067793974
59.0,63.43100635613507
59.0,80.22805528837665
58.0,64.26302238320392
58.0,80.87919529338348
38.0,39.20419119416903
38.0,52.50667839922494
29.0,23.557957445270972
29.0,45.93777555750347
73.0,79.27050912802287
73.0,59.26519067109842
29.0,22.344122007530302
29.0,42.91615180539486
64.0,67.95596396530095
64.0,40.37337274989261
72.0,77.73599846795184
72.0,82.23038033645105
78.0,84.74423028173123
78.0,26.640953939613155
70.0,73.20870994967152
70.0,84.39300151277695
65.0,69.53837591899759
65.0,78.44831589299935
63.0,69.79751592488856
63.0,72.39368020570015
78.0,83.12236171579497
78.0,54.91881168342792
68.0,71.89832849986709
68.0,62.31322519248647
35.0,27.37910889978275
35.0,26.938328794344727
58.0,60.70206755421276
58.0,46.24188164863335
73.0,79.35956832174793
73.0,54.094746968157494
71.0,73.68441817337373
71.0,40.652943184164485
70.0,75.46784156426799
70.0,77.61001691621516
36.0,41.87727207077273
36.0,78.69445830683162
65.0,70.38525847484607
65.0,66.94675099261019
66.0,68.1128061800033
66.0,80.7947322056865
76.0,81.90193830268737
76.0,70.50427971208336
55.0,55.26884269877269
55.0,46.883125085064876
74.0,79.9459159587584
74.0,76.79466947355792
69.0,74.68766744400637
69.0,83.25935802702787
79.0,88.35218586598336
79.0,58.05877132129615
68.0,72.81228743126849
68.0,72.63015275462237
70.0,77.45654552276835
70.0,54.44515489232907
71.0,74.29243969331696
71.0,33.684969051332644
77.0,85.36407609017527
77.0,45.10667585004535
47.0,46.584570941614516
47.0,88.95151120475373
33.0,31.67623779758992
33.0,72.72027685102535
83.0,89.28869234804841
83.0,28.98671329123448
30.0,27.616217442291656
30.0,26.476101980457884
39.0,39.00259914886328
39.0,46.8339262367665
68.0,74.02473749802613
68.0,59.652462608369945
62.0,63.995967710223226
62.0,51.27525363775089
55.0,54.02342279157176
55.0,68.75488535371409
23.0,23.361849389942506
23.0,41.28899768062013
77.0,85.5192146846419
77.0,80.00787778448932
36.0,38.29152857469853
36.0,72.91930389380371
61.0,65.77826242038265
61.0,53.54965117882
62.0,63.44278223456274
62.0,71.77551317637625
47.0,48.85859695807841
47.0,70.76328807572366
65.0,70.97858295517688
65.0,80.0859306777134
51.0,49.772067223037254
51.0,80.29345575317541
62.0,67.36743979908897
62.0,49.60471097409936
50.0,53.80220507676012
50.0,86.05441853706975
65.0,70.90615441975376
65.0,80.62509417283252
54.0,54.92018143049154
54.0,37.2759431145235
71.0,74.33434789702079
71.0,36.475852175633975
55.0,53.780416505340156
55.0,69.91561543271939
62.0,69.90575974933137
62.0,62.13102501800665
77.0,84.33495460527922
77.0,70.89566216046597
76.0,82.04671400031373
76.0,76.22480801725436
57.0,60.614229790138324
57.0,70.57332526543206
70.0,77.97233015173009
70.0,81.84101543954205
71.0,78.19210085481217
71.0,73.45356935115859
64.0,67.37574552913509
64.0,75.3095626072793
77.0,80.08470541309464
77.0,63.54038936031958
63.0,60.82944610863876
63.0,86.97981667742255
27.0,13.771518834098174
27.0,75.32796238499594
71.0,76.24456571072932
71.0,75.75620782324728
70.0,75.12027257369323
70.0,65.62410447178036
80.0,85.32873105619291
80.0,88.38326655184449
36.0,32.40708322824429
36.0,75.35353104829824
28.0,26.78682410226844
28.0,64.8488905091163
68.0,75.52093105417754
68.0,67.5640661625763
43.0,38.518906360763424
43.0,48.65726934552231
67.0,72.86943571281535
67.0,73.00303898218306
45.0,42.026124886604805
45.0,73.8732798804287
52.0,57.19194206113599
52.0,71.49108220910347
57.0,60.270520675461114
57.0,50.464090220019386
55.0,53.31540521348262
55.0,71.28066732241751
57.0,63.151435180852786
57.0,64.10908342495856
46.0,44.51734269261732
46.0,36.92021568897951
49.0,47.089223085677816
49.0,59.58908267615362
30.0,30.325581444887575
30.0,49.12631915705032
47.0,46.34166534998241
47.0,58.7398457953218
52.0,53.246815795111786
52.0,71.66855332712623
67.0,73.06410038420029
67.0,51.31223248193646
52.0,57.2315596759729
52.0,20.441335299899492
60.0,63.703022822145556
60.0,34.019751714783354
64.0,69.41930387653588
64.0,26.485474774126715
29.0,15.65151380553823
29.0,67.90182764615287
46.0,38.17351665678956
46.0,36.934995735881046
31.0,25.241056476805795
31.0,61.87738153876262
27.0,16.505777723628853
27.0,73.25863573878286
69.0,71.73890050982862
69.0,74.35229040236612
71.0,78.29541397963573
71.0,75.2454430394377
79.0,86.85814566338115
79.0,86.33753176701094
53.0,53.1913953223804
53.0,71.85680819060428
45.0,44.19862753596482
45.0,55.13157186695372
44.0,40.11371152961516
44.0,27.686777464959448
70.0,72.62568193159638
70.0,14.11899756260891
66.0,70.06174934901662
66.0,64.04411260364242
40.0,41.619913663909585
40.0,70.71292309668513
62.0,66.49202491885961
62.0,61.62294942081712
46.0,40.042479223913574
46.0,52.631662034715646
48.0,44.22344600948992
48.0,52.02588319738504
39.0,34.655612352543926
39.0,69.62186873693418
74.0,79.81504500161645
74.0,61.8678890953924
25.0,17.417258262481198
25.0,46.85683502238544
70.0,73.68888212781872
70.0,34.65575304234068
58.0,57.3771557058148
58.0,71.09846284201524
56.0,57.820261753291845
56.0,58.77855975406709
71.0,77.86349478407197
71.0,22.697105805917488
73.0,79.65235767061466
73.0,74.92761866061363
68.0,71.84753774668246
68.0,72.70442294530073
78.0,83.78633403917149
78.0,75.30003051830107
77.0,85.1018290710523
77.0,80.02790242714792
59.0,64.61698952832978
59.0,58.01444023728442
30.0,29.742803245874995
30.0,31.201136476779936
60.0,68.24097863662575
60.0,31.451465211260484
56.0,61.21123226297573
56.0,63.9900319281698
54.0,56.610835052041125
54.0,48.9950054044686
68.0,69.86156023690995
68.0,72.81526286436139
64.0,70.60741831200096
64.0,46.988576331787044
73.0,76.83713311601093
73.0,45.23604513027658
55.0,55.60423422879194
55.0,81.25607991354104
58.0,59.352952895218664
58.0,66.46212908728643
63.0,65.14829575670268
63.0,71.02679683079333
56.0,59.594848392260246
56.0,70.1829343404143
62.0,66.16031658911993
62.0,83.20418670182494
64.0,69.18491514222825
64.0,78.60173486035666
48.0,46.340985336669405
48.0,67.47079997872243
65.0,69.19149169176683
65.0,77.95259537967308
77.0,86.01125369886995
77.0,67.21319475878482
43.0,40.67614723811403
43.0,43.739616001885224
57.0,62.938687141589014
57.0,77.82599575766352
74.0,78.25188749209553
74.0,62.94374510382397
12.0,5.918479583879673
12.0,24.79344916134181
34.0,36.02894485486104
34.0,72.48663003074637
55.0,59.078424958294136
55.0,74.62090350254749
60.0,65.72013758077048
60.0,66.39040727970354
60.0,64.52129120586875
60.0,49.2118082622805
52.0,51.72604096999521
52.0,57.326443781053285
63.0,68.05317535501439
63.0,73.68727605333504
52.0,50.87749258194168
52.0,69.45527531751867
73.0,76.02283875469783
73.0,12.526558007791095
73.0,78.63199993799208
73.0,56.80275184024083
42.0,39.854808232325695
42.0,63.42042372878382
59.0,60.305158896659464
59.0,46.22972022333033
63.0,62.59205915162869
63.0,42.98591949322065
62.0,69.44845786865136
62.0,75.92200336162244
71.0,77.98814191556238
71.0,69.20734165953945
54.0,53.119555780686824
54.0,74.92725589230724
67.0,75.50017521623232
67.0,47.54177789204323
16.0,3.9691313627311615
16.0,67.14569630831937
49.0,47.11933230512773
49.0,73.58198986198602
50.0,53.80620159597282
50.0,69.34084829272666
60.0,63.5307875471122
60.0,26.63941917676692
68.0,74.7512834532082
68.0,50.723246300722565
33.0,35.35001929603959
33.0,60.09334042570907
69.0,75.61364289614266
69.0,81.63320991043628
50.0,49.195246202363876
50.0,80.37747587876436
45.0,54.73636853492036
45.0,38.75122910055768
15.0,16.7038474400822
15.0,60.47188311408894
71.0,77.93333125363631
71.0,46.65034470014007
70.0,78.14109582232652
70.0,46.450056168210324
59.0,57.745490689400526
59.0,59.52705634302049
47.0,51.79461359476511
47.0,73.69687477858321
44.0,50.72591892292212
44.0,61.72674651988228
79.0,83.52706849988687
79.0,69.54798123453725
67.0,73.81092837578706
67.0,69.82904281886658
69.0,75.47312994795539
69.0,65.96973661925136
63.0,68.09868296374003
63.0,72.40505056631986
41.0,42.00591330566118
41.0,53.10969440635574
26.0,21.868920366983616
26.0,64.98267129920293
55.0,58.65242699243959
55.0,78.7269751208629
27.0,20.806366691694905
27.0,52.52550937993209
42.0,34.91881664184325
42.0,37.08603552280141
54.0,59.00021935836128
54.0,70.89463583266684
76.0,80.84251569295122
76.0,75.57851996237923
15.0,9.141613318337932
15.0,68.32048228283071
59.0,59.35995944002741
59.0,82.23790608562427
63.0,71.34776782875457
63.0,77.46733639089643
56.0,59.86929929700409
56.0,60.660902228808084
23.0,15.087251317384244
23.0,68.91788113134766
30.0,26.201338870690222
30.0,65.69977951529148
54.0,52.20184905279473
54.0,64.06712635676672
63.0,67.47561067478733
63.0,27.66688177450368
67.0,71.69876939376331
67.0,67.22921457310957
52.0,53.12902458728462
52.0,41.439606149327915
45.0,41.98588960983983
45.0,75.74015785071362
73.0,77.37317335587494
73.0,9.79499152395806
39.0,42.75863090683225
39.0,74.02488328212382
66.0,69.33286648613165
66.0,62.02226868418239
61.0,64.93759131227722
61.0,66.44758245121977
83.0,90.29175504405902
83.0,68.06060314499052
38.0,37.995380794227515
38.0,79.58798413146303
76.0,80.96924991608182
76.0,75.78237600994419
34.0,36.82182341541045
34.0,46.412816064302206
64.0,67.08341967449843
64.0,73.46544671068949
46.0,53.43829173839316
46.0,80.50758825219629
66.0,73.01899575155858
66.0,10.482360812744275
65.0,67.43553156428504
65.0,53.69295038792467
58.0,56.72189190832478
58.0,59.240424794278056
77.0,83.24297058352772
77.0,83.41416865705042
62.0,62.91548873123912
62.0,54.57379281200883
67.0,73.00397468644849
67.0,80.48838595209997
33.0,33.63154820388803
33.0,65.02792620103662
53.0,59.51477221808233
53.0,51.758013868266005
76.0,84.70823743809251
76.0,67.97816323603138
58.0,59.35302097456423
58.0,60.02743288933158
72.0,79.53591328334647
72.0,73.84654797206457
71.0,73.97631870654641
71.0,44.05386729904933
39.0,38.9338493037875
39.0,74.77016063521012
61.0,58.48332849295707
61.0,76.93043838102005
47.0,49.73096559796954
47.0,59.832628704192985
48.0,48.24120834804211
48.0,57.42633077081342
71.0,77.22160208082829
71.0,53.82110081785379
76.0,82.92746815403336
76.0,21.99745235905334
59.0,58.29363184847864
59.0,77.78745939991802
51.0,47.056493520051504
51.0,66.47391012315103
28.0,19.513416522122498
28.0,50.79635989566509
52.0,52.89295199332952
52.0,58.38783905923498
57.0,61.78755424725932
57.0,80.52753020948836
36.0,37.7509789411198
36.0,63.60653298309927
36.0,39.06142421489062
36.0,71.28084208551559
66.0,71.50336368162158
66.0,53.462829060518686
61.0,64.32896450212695
61.0,27.74939223807371
48.0,51.1418985385647
48.0,71.97513289644365
69.0,73.84248537320138
69.0,73.76309443233862
72.0,76.06088463307145
72.0,75.59007559951982
56.0,64.26947517390784
56.0,61.25720230947928
66.0,67.89466314303371
66.0,55.63937515903012
68.0,73.01966307945372
68.0,70.18542074420304
69.0,70.54076434964458
69.0,60.08360605250846
65.0,63.1773870121051
65.0,53.03463168018283
58.0,61.00118948010061
58.0,81.68126505045421
75.0,78.14100823036819
75.0,71.42991195916107
36.0,39.37618308085837
36.0,81.21036094052704
13.0,14.453339771597314
13.0,62.23616008813468
40.0,41.32033630341391
40.0,44.409747440216165
84.0,92.64263912897508
84.0,78.88107125583065
62.0,64.60530298711143
62.0,17.482848521921994
74.0,81.84095755145609
74.0,43.84143321794204
41.0,38.477766366957155
41.0,52.65897714012846
62.0,67.01280403411056
62.0,56.9338235665885
72.0,79.648954154433
72.0,70.9253400433123
65.0,69.45858229871891
65.0,85.41687462388666
43.0,49.2553675290946
43.0,67.23967091678651
70.0,72.49854633792967
70.0,72.01119473675698
61.0,62.61039721466767
61.0,41.128217530455174
57.0,58.6864092929045
57.0,83.8178104756999
36.0,33.19867916147513
36.0,53.18676293739844
69.0,69.97872792304298
69.0,70.92781570116244
82.0,89.82600885824962
82.0,71.80086217372792
34.0,33.19384856829669
34.0,55.795539956467564
67.0,71.82643239576015
67.0,60.80810264383541
32.0,33.97726039464436
32.0,55.448320457509965
72.0,77.63888478166103
72.0,55.90046634116305
62.0,67.78745037944122
62.0,36.86441090636157
70.0,74.25712431573214
70.0,45.0948863053394
34.0,27.534852803693354
34.0,82.34078527811243
28.0,21.158140053093973
28.0,29.49171385934119
56.0,58.11995067445679
56.0,63.716398572050366
72.0,78.01753112125516
72.0,41.57570173081109
76.0,83.02897657899325
76.0,44.52714073261802
61.0,60.442905801190534
61.0,55.04266441328457
47.0,46.30777095209737
47.0,54.81103455327121
59.0,60.252617017387365
59.0,65.74157018341373
76.0,81.11578594465948
76.0,75.99218383365678
49.0,52.17062590283962
49.0,70.79853630400038
56.0,62.365068305659236
56.0,45.81318915249415
71.0,75.57541066943821
71.0,72.68316834536279
66.0,68.20585895102198
66.0,60.8585612316798
62.0,66.04604787276583
62.0,70.15862249877836
67.0,72.72237687721713
67.0,80.6948785433612
44.0,40.61638164228651
44.0,74.54341872033143
35.0,32.87239816737514
35.0,57.04832814473434
44.0,41.738270671296675
44.0,64.85125900511463
58.0,62.345854672575285
58.0,47.07750779080396
73.0,77.2552874311018
73.0,73.85025606830573
37.0,31.454748529436245
37.0,67.09331789746153
63.0,65.41936277801176
63.0,58.75156281143012
62.0,68.0133377471617
62.0,67.14183633720592
64.0,69.11910717320609
64.0,72.31965455671411
67.0,76.37589151133909
67.0,67.57531202003315
69.0,73.19366912871004
69.0,69.90396694077992
69.0,70.8391384208374
69.0,70.74867693261996
47.0,45.788021681625025
47.0,57.9748241458617
72.0,73.7787196094597
72.0,59.3106276216684
81.0,88.58500547829902
81.0,75.34917776659853
41.0,39.32368416786784
41.0,36.64722802345017
60.0,62.907586729748346
60.0,72.10816734602781
71.0,77.08461548771487
71.0,75.30059887244346
48.0,43.49386034187131
48.0,79.30551024521594
44.0,41.747951957619364
44.0,62.44033984203503
75.0,81.27932156508973
75.0,47.2618455295372
76.0,83.10898340414224
76.0,63.336924750401124
73.0,80.23271670321623
73.0,70.4996235740212
32.0,28.57653442285988
32.0,79.44602930157885
77.0,84.3356309637187
77.0,75.89014045880475
68.0,75.26469768105085
68.0,78.13040001560512
74.0,79.00689467360229
74.0,66.71987669840621
57.0,55.674776949743546
57.0,42.52930879649665
69.0,71.28538075909199
69.0,62.03585919869067
68.0,71.24157310412858
68.0,65.77945876889447
36.0,34.07335142740004
36.0,82.97191713680559
69.0,73.29097027564205
69.0,78.3720106755992
77.0,87.39295931238388
77.0,81.4950949070057
36.0,33.066754848088124
36.0,51.58935866801289
65.0,67.93317741196734
65.0,82.17131234574515
46.0,49.63848399328208
46.0,64.72395348154424
69.0,75.60225066778952
69.0,55.65428256183765
47.0,43.35665359702159
47.0,64.774453715346
65.0,67.99916840825023
65.0,56.56859429578918
68.0,76.53364389881983
68.0,73.21096740374492
47.0,46.640387243364216
47.0,61.239092239367494
68.0,75.01495749547479
68.0,68.46402703530129
50.0,49.408777425263054
50.0,53.280719958149575
26.0,26.009670115067706
26.0,44.5322435996394
66.0,71.87777428688088
66.0,84.01898388876134
58.0,61.62531188826034
58.0,80.47822192905119
66.0,67.9312889947214
66.0,75.1944458587746
67.0,70.6548710845039
67.0,42.98591949322065
54.0,55.93586214951324
54.0,60.744206767075184
64.0,68.51317752198929
64.0,73.0272794158555
20.0,15.941311944932409
20.0,80.1413187265556
45.0,45.79451755783322
45.0,36.16578179935914
49.0,50.61652869220063
49.0,70.30763456062647
66.0,70.8074384998771
66.0,61.08302522510638
24.0,20.03882336595501
24.0,31.57245046550611
76.0,82.69035726512686
76.0,66.1569410153163
77.0,86.00780214474571
77.0,70.98109106841832
72.0,76.178358918019
72.0,68.54462950660576
60.0,59.10181908392093
60.0,15.176669601041397
46.0,41.31906551736722
46.0,81.90358068008749
68.0,70.77039210280884
68.0,72.70432325330228
64.0,65.0887807188883
64.0,57.326558756745044
67.0,72.67461155987394
67.0,20.817533148734242
44.0,41.22583822085096
44.0,80.49349518818684
42.0,45.074013284725595
42.0,67.9509060372987
65.0,71.91809370669847
65.0,59.87915425765209
63.0,66.40222645003627
63.0,78.47815288723717
57.0,58.65083377601678
57.0,78.70912540881807
57.0,54.3284804170367
57.0,30.366339155256526
64.0,72.44042275490432
64.0,70.92856694109986
67.0,73.81666480385621
67.0,61.154699221694784
76.0,81.39760661745231
76.0,26.11217391376482
58.0,58.21113049440078
58.0,37.745138592892715
47.0,48.458923531131404
47.0,65.19100263658214
70.0,76.49421338631146
70.0,45.469469154187266
73.0,79.20196448561455
73.0,62.47724416836462
56.0,56.21745229572315
56.0,43.12023492167424
66.0,69.7391071044911
66.0,16.134967207474574
40.0,39.75040922977581
40.0,74.00406086740014
41.0,38.293951808235306
41.0,41.41565912172467
79.0,85.08750838763086
79.0,72.02237781570966
45.0,46.43150932380138
45.0,83.2481261341564
53.0,59.54888679881611
53.0,45.64437624648315
52.0,53.382775523471196
52.0,76.35146739290326
46.0,47.85816116927185
46.0,64.15557193346211
33.0,33.28234454681814
33.0,77.76775876983737
45.0,43.3892230246405
45.0,80.19359009550362
75.0,79.0899680867916
75.0,45.69452049304272
66.0,73.94326027691733
66.0,75.28998054450051
59.0,60.19025881715862
59.0,70.98237865382231
48.0,53.8188373803784
48.0,63.170177349247126
59.0,63.74032838399813
59.0,59.19451229840308
63.0,63.33336858618816
63.0,52.015543987079184
57.0,57.7932028287276
57.0,70.8102791413699
55.0,60.78908747855439
55.0,21.63972526135558
42.0,44.82905175781144
42.0,60.59719272314487
72.0,73.91786069568673
72.0,57.378313144141714
66.0,70.19712355710487
66.0,87.05746647695469
67.0,69.89656317675662
67.0,50.32506117406683
67.0,73.42919705589838
67.0,60.35535282464366
16.0,3.9691313627311615
16.0,78.5058747991377
60.0,63.7276102910123
60.0,87.14384155177942
76.0,82.77290661816306
76.0,72.38873087465868
78.0,85.51703174845954
78.0,59.91038261678739
61.0,63.7333535660178
61.0,72.3320401891055
71.0,77.2320239323771
71.0,64.86104109664922
74.0,77.88200075010712
74.0,62.93048361852851
54.0,56.66094603735809
54.0,82.74641382027158
71.0,74.80767509400869
71.0,61.232334684211764
30.0,22.72133728942123
30.0,65.06632250417522
54.0,50.99758639101617
54.0,56.246549768073294
59.0,62.72225943068969
59.0,57.692632215669164
74.0,83.50335206891299
74.0,59.71884510434802
72.0,78.13056342145717
72.0,61.450564232468764
58.0,59.90522249891768
58.0,30.310086187175614
63.0,66.9572495900045
63.0,78.01284978285315
61.0,69.45388672411354
61.0,15.103866894499788
39.0,36.00339202507399
39.0,84.03849054504656
45.0,45.75294233243716
45.0,79.83696833340065
70.0,77.53842382020275
70.0,57.2957180990947
51.0,44.818477621538534
51.0,59.13913187358054
46.0,39.78437241072987
46.0,56.1845258965468
66.0,71.11353422614303
66.0,62.40589049778515
69.0,76.22409036314184
69.0,53.74068071619706
69.0,77.65298097492149
69.0,70.6377718586757
36.0,29.49453971329723
36.0,48.97325356084116
69.0,75.37919035432537
69.0,43.010669531865744
50.0,51.35083514497586
50.0,70.46221346207011
14.0,14.328295183932937
14.0,78.07880060992619
73.0,80.52797058682512
73.0,91.51103659823667
63.0,69.21639096613455
63.0,74.26935004604792
38.0,37.10784726338636
38.0,81.42986600399132
72.0,77.66234763866083
72.0,69.74727475276165
47.0,45.111800624409966
47.0,62.97015539551518
27.0,21.72448405227783
27.0,78.88809255919165
67.0,69.93720168576789
67.0,77.91688028675878
68.0,73.36276513746554
68.0,72.96232529394979
47.0,47.87974797245079
47.0,30.14027219034739
63.0,68.59475663360189
63.0,73.80631796568673
34.0,36.30748835206941
34.0,61.612007705776136
60.0,62.55257224186283
60.0,31.0070692756442
64.0,69.17446715980822
64.0,83.4380110375347
70.0,73.33324736118976
70.0,74.05546997263986
67.0,71.82377554737752
67.0,69.55019141372668
67.0,70.72432855487307
67.0,32.568384337223335
54.0,55.98586204155748
54.0,73.28624408380114
57.0,58.329137159152936
57.0,76.60057861616946
41.0,41.29948209454892
41.0,54.92819722457307
56.0,56.88325823246964
56.0,78.5758749600206
62.0,66.0321471142421
62.0,48.097663341279485
58.0,59.46322906952787
58.0,77.32462171981234
73.0,80.60335907836992
73.0,82.20022382721629
54.0,54.92018143049154
54.0,14.848690393458241
66.0,70.22612026143429
66.0,35.50277079236895
51.0,52.33459211792302
51.0,77.2617298353
56.0,61.37399962196565
56.0,81.39609190266572
74.0,81.77480445767111
74.0,45.87107892275441
16.0,2.2780452908085635
16.0,77.5703044972135
39.0,29.95936565548027
39.0,58.49512149005375
68.0,74.11261070178392
68.0,75.07537977839496
66.0,71.50676142674189
66.0,46.51806097627724
74.0,79.56054364294141
74.0,80.33649686173987
69.0,76.41600414181556
69.0,57.55636451728071
64.0,64.99242795876859
64.0,82.70700006131199
68.0,72.65336627102693
68.0,70.86247385041275
52.0,60.9138441315871
52.0,76.5659269184311
77.0,84.521310328173
77.0,76.2260908337226
70.0,76.90459658279889
70.0,86.1331477228457
29.0,32.76111199112353
29.0,83.19568965040776
77.0,83.7901661558322
77.0,75.63787038434373
68.0,72.87559238504355
68.0,67.75897093438033
37.0,34.044543579514084
37.0,61.04854442886176
58.0,59.98272120675432
58.0,80.39462741210838
74.0,79.5339785500405
74.0,69.12726375095082
67.0,74.4324076546934
67.0,10.526108394524954
26.0,11.195611110903826
26.0,81.36265046185576
74.0,83.48484912033626
74.0,65.4062399766766
67.0,76.07133447443755
67.0,74.49281726696756
55.0,57.50360224161534
55.0,64.23835295344298
71.0,77.63152936653563
71.0,70.2356807108248
45.0,41.54317141934706
45.0,72.03378192488219
30.0,23.457738875574933
30.0,70.56223808479541
62.0,68.15803845180352
62.0,44.18783691822023
52.0,50.13771312006685
52.0,51.784529899848565
55.0,55.22514559042901
55.0,68.49333905016374
70.0,72.5900041356951
70.0,60.52231832468385
67.0,73.51369255508035
67.0,81.33630405580953
49.0,51.67000049384086
49.0,71.48454867350489
70.0,72.79039474419125
70.0,54.61509754957211
61.0,68.29797748035264
61.0,68.4291399267724
70.0,78.11026895829377
70.0,72.94986831440411
42.0,35.00678651734563
42.0,82.94112690814609
38.0,38.61529519426671
38.0,71.9343228698429
57.0,56.71591265999041
57.0,29.74152618222888
58.0,59.89840352693693
58.0,54.83727854111669
60.0,65.03000695352324
60.0,73.91018280715866
40.0,35.030037294946055
40.0,72.15605417182582
40.0,42.842792436117236
40.0,39.102145125071615
41.0,42.11228701044786
41.0,47.65737175782937
70.0,72.83871907999264
70.0,18.00914141416382
79.0,85.00991419164035
79.0,31.49422930407428
73.0,80.6790841178464
73.0,60.1775015959945
24.0,24.513282430292293
24.0,73.21530528638687
55.0,63.669479786456066
55.0,85.99547658886132
65.0,65.08128052031157
65.0,77.19349701449329
43.0,44.10124775035899
43.0,56.751251162549124
73.0,80.46115552899096
73.0,44.788672489164355
29.0,26.115967835376352
29.0,46.20048628138176
37.0,35.39743601422009
37.0,69.07637072970192
63.0,68.68592093898184
63.0,60.80594541174224
38.0,32.19964812712254
38.0,45.691090935996215
49.0,49.60833382518052
49.0,74.0150599301507
76.0,83.34840977586907
76.0,76.15053139943672
72.0,78.0266339299476
72.0,74.8938508544062
22.0,-0.32744939996172207
22.0,65.44567432241632
56.0,61.066843290103975
56.0,48.37592987772172
71.0,76.74162302931848
71.0,79.03889074520617
63.0,70.44014565121017
63.0,85.11076841193204
43.0,44.11306470938632
43.0,59.40242272616547
43.0,43.18561062572974
43.0,43.0304840609237
54.0,54.26497345087381
54.0,74.20838068209031
72.0,76.19792440046541
72.0,65.78878461377741
65.0,68.27538895570171
65.0,88.72365950788446
65.0,71.15913049009396
65.0,68.94849329435914
65.0,66.787046005854
65.0,55.575367210286174
72.0,75.88916559233746
72.0,69.49564299316364
69.0,77.62137862839461
69.0,37.26273616846731
48.0,49.13050998844068
48.0,70.55590866254607
65.0,71.7755222536972
65.0,67.61322710865062
50.0,53.2817229044374
50.0,19.319595742805916
21.0,21.90894648105069
21.0,39.21658726561276
67.0,72.02367852380917
67.0,17.550242391180745
54.0,58.00599872075867
54.0,69.71159886445736
70.0,77.0460021377267
70.0,67.73751725958925
77.0,83.99170320608062
77.0,26.10918695430223
74.0,79.94413515400367
74.0,53.002131368159155
66.0,68.00643495914596
66.0,74.80178782755178
71.0,77.43407331806554
71.0,88.27041458346827
75.0,80.69238351522529
75.0,34.56950457977621
60.0,63.2569374151999
60.0,39.82004055608536
17.0,18.221196125324923
17.0,31.082521198032055
68.0,68.44162975861644
68.0,47.38069426739116
76.0,82.92998495446926
76.0,22.057471686673637
43.0,36.489449446564095
43.0,56.72025960641707
67.0,73.89741334713659
67.0,52.27095272356564
71.0,79.96851368457436
71.0,58.175183549696214
47.0,45.03199972032928
47.0,81.11275118482615
78.0,84.81806766145485
78.0,40.502160456635295
23.0,21.345216107851172
23.0,64.04633026150367
74.0,79.28734445237433
74.0,57.65099159263218
49.0,52.88822867376814
49.0,72.11529930372018
75.0,81.86340415537228
75.0,33.37508963131114
71.0,77.60049378853887
71.0,78.19452333515972
75.0,81.6580221125052
75.0,83.21367213764768
38.0,34.09506573693284
38.0,76.40889324391776
65.0,69.52094030659543
65.0,51.25014081544077
63.0,67.36834933016178
63.0,68.94436874452214
8.0,8.883373449346152
8.0,71.0933336243761
63.0,68.63755381011697
63.0,62.38567242357669
65.0,69.48790868466017
65.0,83.26638451896702
61.0,64.71588636239574
61.0,53.891161529136525
68.0,75.4107085439137
68.0,91.11260141323618
48.0,51.28302895737875
48.0,71.01328870482581
51.0,50.79824965428912
51.0,30.779568032969678
57.0,63.21352630683248
57.0,78.48920212726642
47.0,44.06959100878987
47.0,66.4911601843013
65.0,72.78613814399489
65.0,64.74550932144575
41.0,28.942819927232506
41.0,34.23476411103019
60.0,66.01005839411607
60.0,77.28053569432467
67.0,71.32261534345793
67.0,65.64379591351866
57.0,62.19584438562447
57.0,73.92860576285744
67.0,70.61641228917188
67.0,76.43431214396065
73.0,76.79720080400125
73.0,57.31988335636726
79.0,87.04286354411084
79.0,67.46556775361194
46.0,41.44228442747692
46.0,30.663916928974572
66.0,69.94110254967615
66.0,56.338466892005954
69.0,74.17988045261785
69.0,70.74213975816127
28.0,21.787834669931954
28.0,81.84619807396234
37.0,32.29704766902819
37.0,74.38276758541122
43.0,40.065003595601524
43.0,61.72704974907418
72.0,80.6091465837572
72.0,69.093755922073
45.0,51.00902918684551
45.0,79.88915068467946
72.0,77.9968105187831
72.0,49.173212362632626
43.0,41.619913663909585
43.0,69.62343868890491
60.0,62.18372179049419
60.0,71.18853069404304
73.0,80.26839848578896
73.0,39.706567568765706
74.0,79.23185562631471
74.0,57.46778961295786
52.0,47.497714055841186
52.0,58.7212331191937
77.0,82.28767032328562
77.0,74.39625063424535
71.0,77.23177119725784
71.0,90.2096341232197
74.0,78.11604461588558
74.0,65.81941581660533
50.0,49.4696919175683
50.0,79.97980514294835
74.0,77.36810679796571
74.0,59.82474874910264
53.0,59.672601576598936
53.0,64.94127460487027
63.0,65.12956476791828
63.0,20.16046901658791
63.0,64.06875214552923
63.0,78.2068339614928
78.0,82.28114112989425
78.0,32.912563095179394
64.0,71.1615560060784
64.0,16.291826237838166
71.0,77.98687619588156
71.0,42.675015542771575
57.0,55.66160122778467
57.0,54.50079189553503
64.0,65.81112021766552
64.0,72.34951108376163
72.0,76.37777493112395
72.0,76.99738696123336
63.0,65.51463546131794
63.0,32.66378161669854
67.0,71.63433891668967
67.0,69.58118995982016
49.0,41.48585299233088
49.0,68.4461179004951
32.0,32.112721355924975
32.0,47.31650072052116
74.0,80.48960194777413
74.0,27.67626159055004
81.0,89.03980959972597
81.0,40.288522157942225
69.0,72.23555881324319
69.0,61.714048985339275
26.0,22.47780321466894
26.0,31.716468192103434
62.0,58.09273008473383
62.0,78.91051288510153
36.0,37.036372405537065
36.0,76.2528608940977
68.0,71.68360641544592
68.0,62.48591698211874
73.0,78.54169434208848
73.0,72.62238275778105
73.0,77.27257599252346
73.0,76.52432576716404
79.0,85.4219497995058
79.0,46.3059529934053
69.0,74.00225953778295
69.0,74.6982010464207
30.0,27.748152853366037
30.0,83.50068190885628
62.0,62.41464187861715
62.0,50.389434520616135
46.0,47.90934872371224
46.0,33.73456310726482
59.0,58.023764959821165
59.0,53.69913353954661
59.0,59.74401990550916
59.0,56.12960391978464
75.0,82.2712907103143
75.0,74.6690523358663
60.0,58.61581979924705
60.0,72.48643899475343
66.0,70.95688724341636
66.0,50.94039516270004
61.0,67.37768570301415
61.0,68.07681399030469
67.0,73.26568140005395
67.0,83.51000075076286
70.0,75.84167261347329
70.0,43.29284450089648
32.0,34.61875282896801
32.0,51.06991688896102
77.0,82.23022131880288
77.0,63.09213282138006
70.0,72.48713451332338
70.0,69.49586877688216
81.0,87.52440476935612
81.0,80.97221220008731
35.0,33.12312996996309
35.0,55.1717985762462
60.0,64.9494650402948
60.0,70.2436529093286
53.0,49.05437778281589
53.0,72.69927654075406
80.0,85.8877995042647
80.0,65.55940099050235
67.0,69.76895996933786
67.0,65.20015835111172
75.0,81.09366866214333
75.0,69.13427710083448
34.0,37.233324710425336
34.0,66.85774125798781
51.0,47.55634395216737
51.0,63.97670124427725
80.0,87.08464387330673
80.0,47.51109529676927
51.0,50.7219760985476
51.0,87.03568775765285
68.0,75.40632561265875
68.0,59.55447743390613
32.0,30.11603124068762
32.0,73.79484205631127
28.0,25.54821461745712
28.0,41.31906551736722
70.0,74.58453190742898
70.0,72.71881808551024
75.0,80.9677391880578
75.0,57.10420696025375
60.0,64.35488096057867
60.0,34.30619837671793
72.0,74.63413349819473
72.0,68.25189993512322
55.0,55.17388252040331
55.0,75.0663172904878
49.0,50.84259621617434
49.0,73.52028142399314
56.0,53.199412226887205
56.0,75.97334892772005
79.0,85.28224499268629
79.0,70.06738839828671
49.0,49.44276097458561
49.0,53.05778843651143
67.0,69.76692646949067
67.0,36.83261248567379
75.0,82.39765729543353
75.0,34.8087540925643
36.0,37.298414895039684
36.0,50.30752630690358
68.0,72.38714819488649
68.0,39.71316128546948
70.0,77.59108872813994
70.0,86.17363513599975
35.0,34.62329047778428
35.0,86.49043968136516
77.0,82.11920741914781
77.0,41.777851337703
46.0,46.69161991091926
46.0,15.828454747325338
70.0,76.95871510484659
70.0,78.10622148522759
71.0,77.18106524309076
71.0,49.88470499190902
45.0,40.270597499550945
45.0,60.67251174468464
71.0,76.5606320738317
71.0,45.759395975719656
45.0,43.70231919362925
45.0,38.157058397933724
51.0,53.75924688530961
51.0,74.62662884766081
62.0,65.2421338985435
62.0,66.9554156281385
51.0,50.06108003848561
51.0,70.90260094781797
68.0,72.78069159720695
68.0,61.88892776319523
81.0,86.38569924819524
81.0,19.77404557010982
44.0,48.64282354824525
44.0,81.01940613473045
63.0,66.01861966911679
63.0,77.05944089608357
65.0,66.07118887550087
65.0,63.06305389415121
70.0,71.18522311062463
70.0,54.015343072651206
66.0,73.36786352237465
66.0,57.61699464438851
75.0,81.48090821867038
75.0,65.44605670990614
49.0,54.16201305353172
49.0,52.185248078732286
78.0,84.49483882910317
78.0,69.55385118442183
70.0,73.73884543118118
70.0,60.49129473100868
40.0,35.128867194548434
40.0,5.170239472998617
60.0,65.47392358950827
60.0,76.93775130135708
57.0,54.56326754168913
57.0,63.17709747476971
65.0,67.48110469709928
65.0,70.19149949744741
71.0,74.0790921207556
71.0,31.69043089633334
68.0,73.10894932250147
68.0,59.90257022421167
68.0,67.88663666260061
68.0,79.51600005882955
59.0,55.17945373367337
59.0,18.614642041460115
53.0,53.523441837137284
53.0,23.457738875574933
66.0,67.64886919218134
66.0,81.87247995971325
61.0,60.70856459275939
61.0,54.49986097577329
58.0,57.31951081356857
58.0,25.033049985397383
71.0,76.25284494548794
71.0,83.4914349729716
54.0,55.33169700500474
54.0,52.62793341886146
55.0,56.08975908079378
55.0,60.19342814972481
16.0,8.443785722896848
16.0,59.212767127970835
39.0,40.84888371259211
39.0,60.78050155284234
54.0,52.92912054626754
54.0,57.28871298340408
51.0,55.049359672874346
51.0,57.860564799221606
63.0,69.23719155782766
63.0,49.32104861686088
51.0,53.00720948998912
51.0,69.84301816759404
36.0,38.97734621111937
36.0,58.100858519848884
62.0,63.78771228905674
62.0,65.80042964406954
63.0,67.85381966767119
63.0,25.65541782771652
58.0,64.27320243341944
58.0,73.26360252347371
74.0,80.28241405176391
74.0,54.7438203334554
59.0,61.62949175220797
59.0,76.87516200331186
67.0,71.16902488947858
67.0,71.26922510598638
50.0,52.600771406437104
50.0,65.06522167106971
56.0,58.932910169855575
56.0,78.69557811874478
68.0,74.58995876497232
68.0,87.00987045991394
77.0,83.9891115923192
77.0,16.91659107226843
67.0,72.98976920285651
67.0,66.81749529465469
52.0,55.12750081431733
52.0,85.28689249837402
58.0,56.097497640099334
58.0,70.41630924264155
20.0,5.549596509673279
20.0,72.14769785774354
63.0,67.38917084650222
63.0,54.71312856915807
81.0,89.75183323721154
81.0,86.12922809696204
70.0,75.87785565652302
70.0,67.42081351159362
45.0,44.31262248112682
45.0,73.85927123463392
77.0,82.03816408456555
77.0,36.39351832712691
76.0,82.43204910334771
76.0,70.26123196731777
65.0,68.00153616452099
65.0,75.47935093266096
36.0,34.07335142740004
36.0,60.39691825064864
74.0,82.4058825009671
74.0,44.033228115511406
55.0,58.05080867272534
55.0,78.07544275941927
77.0,85.36328635672203
77.0,76.94847407593
25.0,10.281981670988898
25.0,58.05399116710646
63.0,62.77777479787488
63.0,59.078342064146455
76.0,83.56552307741777
76.0,44.947566590958786
69.0,72.02684051744518
69.0,44.628796972759005
64.0,66.98196289558285
64.0,81.34848151267079
67.0,74.60899734681885
67.0,66.35563529342176
70.0,72.93906976123947
70.0,47.61148329069755
58.0,61.82510164433222
58.0,73.79191526631581
70.0,72.19329321363324
70.0,56.2780653183724
61.0,69.24056836555098
61.0,56.09694613739174
41.0,41.92092255760957
41.0,68.33778239637672
46.0,53.562873522257064
46.0,37.28628170668469
64.0,67.90639821751518
64.0,38.27730014125564
62.0,63.84475591591985
62.0,50.462522751387496
69.0,73.89788094815447
69.0,42.31197345277474
37.0,38.83227780780493
37.0,40.33416853038227
44.0,38.73636608974891
44.0,72.1325613279891
59.0,59.10050026573617
59.0,30.424716004298602
72.0,77.69038496028838
72.0,78.08299048924675
50.0,47.78848364790099
50.0,43.477528615785445
67.0,67.72639056393143
67.0,82.5261030079559
59.0,58.14005204568673
59.0,73.33028402142304
45.0,47.02791234831892
45.0,10.960779588361959
26.0,24.583100664975007
26.0,71.88306850115055
67.0,73.57424165322897
67.0,74.8961364621108
57.0,62.42626576175422
57.0,67.44618171969785
73.0,77.10372406164845
73.0,24.663046811459765
19.0,17.026756697386134
19.0,74.88054753754614
39.0,39.102145125071615
39.0,54.941925704675555
69.0,73.26096321150743
69.0,74.68435158251032
76.0,81.75303544033318
76.0,26.036171976909372
60.0,63.756303121726035
60.0,88.58368010995537
25.0,12.520835036149379
25.0,80.25372811611606
64.0,70.12356986239377
64.0,72.6071284438159
76.0,83.66388402635238
76.0,53.00684080653042
27.0,23.24790322737374
27.0,76.52608775296028
68.0,74.94796432728731
68.0,71.92601153958333
72.0,76.99927891947755
72.0,52.3172662678254
49.0,44.966873666699996
49.0,68.87995259493135
78.0,83.4106842869881
78.0,77.49482503451918
54.0,50.986142822818124
54.0,20.247425790796967
75.0,81.37898971048509
75.0,24.833322697190795
44.0,45.3496109896592
44.0,73.4812038324248
58.0,64.18570213053721
58.0,74.28871169538007
62.0,67.51627445237426
62.0,57.11400780020898
52.0,50.83283140137058
52.0,64.67301248084192
63.0,66.204634037461
63.0,76.76614547442097
58.0,57.13915501657499
58.0,58.291155958740205
27.0,21.73956641262481
27.0,75.40237479760509
73.0,78.93719524603569
73.0,74.51522445406374
31.0,21.6715495208648
31.0,83.01242996997314
51.0,54.2957278559162
51.0,72.48408385766385
70.0,76.68688817697904
70.0,72.20891744004996
62.0,67.66489925522256
62.0,26.10559388383308
54.0,61.27014681546535
54.0,67.93151221497573
80.0,86.84865919619932
80.0,82.6689664904406
73.0,81.87118928034909
73.0,47.01326664902092
53.0,58.29849649591233
53.0,56.70041159486635
63.0,69.70838882472458
63.0,69.16317350757942
70.0,74.02062256453479
70.0,53.60746130212135
25.0,23.246212822535085
25.0,60.553938576222265
69.0,76.96421431237502
69.0,70.26574835086313
69.0,74.05963483099737
69.0,71.39580374478925
70.0,74.29159492502208
70.0,79.31630599659422
72.0,74.27252108663538
72.0,21.13398681519294
74.0,78.58511631097457
74.0,60.413072859141266
79.0,87.6532954404837
79.0,28.111969114077567
62.0,64.22762272851355
62.0,84.65011751334725
61.0,62.68623841817481
61.0,64.51667003513353
70.0,74.39485253532803
70.0,76.27497161899015
72.0,78.79983618436773
72.0,69.41533685888771
62.0,68.50846663446544
62.0,71.36106110315961
66.0,71.35588505969264
66.0,63.16802795085539
63.0,66.58693337448062
63.0,73.29236332983675
54.0,55.51603039792292
54.0,83.29235647702046
71.0,75.31614379187744
71.0,79.64692866398241
54.0,52.09893334751024
54.0,33.45862309365867
61.0,64.1493605096486
61.0,56.13196214089578
73.0,79.2199836667852
73.0,29.957237890747365
69.0,72.05721136326639
69.0,74.1743832774593
45.0,48.40319387803618
45.0,65.97942696681514
67.0,68.35166082502388
67.0,57.36051930924867
52.0,52.4516534094202
52.0,87.97403173802547
69.0,74.01706404333629
69.0,77.97285755296701
69.0,72.95013130645782
69.0,67.52515531160782
67.0,74.69547962882842
67.0,78.64652934164451
69.0,73.44450097973419
69.0,77.97754756416566
57.0,59.24975194248793
57.0,64.40089328665664
61.0,62.8627014341381
61.0,34.9018273966696
75.0,83.17581529626756
75.0,75.57794181958917
76.0,84.01874396138305
76.0,69.41298577377597
70.0,74.72858640639214
70.0,45.33607295728905
75.0,81.19704255341725
75.0,65.41472026528072
26.0,23.68873718639179
26.0,84.35293052865029
64.0,71.3975668269598
64.0,60.534753639636506
76.0,81.27607147121421
76.0,72.8962148931256
47.0,43.343897385742196
47.0,84.8185151415866
73.0,81.35483194857005
73.0,70.14183274361204
31.0,37.09444303892889
31.0,79.81174438516496
73.0,83.65489117449249
73.0,83.63081147872998
59.0,62.61676588771337
59.0,79.47463599806332
74.0,82.23963057337818
74.0,60.53209684481732
39.0,29.985573010167798
39.0,61.556907948218054
51.0,49.95017305313877
51.0,81.04802710195338
65.0,64.74061066686966
65.0,26.363441760355897
90.0,99.5348020425402
90.0,80.43195632585434
59.0,61.5978224538855
59.0,48.56791081398353
67.0,68.36176003210772
67.0,59.585031202142716
76.0,81.34176513788799
76.0,72.45472324024087
74.0,81.47821800920804
74.0,45.00090921012435
71.0,79.98126378794421
71.0,65.64565769212942
63.0,68.14839102829313
63.0,72.88391536194445
68.0,71.56156129850217
68.0,80.1946595765778
68.0,69.8929811664122
68.0,75.8810715602039
50.0,45.83046808538808
50.0,80.52636923658588
64.0,69.34084829272666
64.0,63.45422196377217
43.0,41.772799001030194
43.0,87.61059300003149
63.0,69.13469017186515
63.0,68.27568716864374
40.0,35.42911282273428
40.0,59.34484568903696
64.0,66.66498772447528
64.0,71.33253621192682
74.0,83.84749796550562
74.0,50.03470970703768
49.0,44.77137290725409
49.0,29.024721446934223
54.0,60.54043412684666
54.0,72.82805103212507
79.0,86.89605936917286
79.0,55.38288358408943
55.0,51.418298083647585
55.0,51.547220571837215
66.0,71.61884766543636
66.0,69.90752340796189
60.0,63.03881549686923
60.0,77.12253795852604
72.0,75.4520579935542
72.0,81.68939178957959
57.0,64.61452073815082
57.0,59.02820771668763
73.0,79.51340505594004
73.0,76.22685457189101
52.0,54.14281231600455
52.0,75.510087813805
30.0,19.46750019632026
30.0,77.1328734841668
39.0,37.35181921892456
39.0,77.0443879498734
43.0,36.37579317168763
43.0,29.167303842129
52.0,57.01711267883525
52.0,83.10306175060026
76.0,84.61052343639176
76.0,77.09309933809755
58.0,61.821097254422
58.0,60.83123323425917
62.0,62.267594554229106
62.0,81.43048048840325
70.0,72.43385013022936
70.0,7.998658566163499
26.0,26.78682410226844
26.0,75.08510138757686
65.0,69.53544723534634
65.0,73.48505451723179
66.0,71.58465911058232
66.0,71.52591758298331
72.0,76.77451395647438
72.0,76.53510629633445
45.0,47.78792873674462
45.0,77.43480689670338
44.0,41.67486845651547
44.0,68.49940048530271
60.0,62.71883341929458
60.0,72.34978755750018
13.0,12.452982149021068
13.0,76.09513954890758
66.0,73.38256741140884
66.0,77.07999122663398
52.0,53.76290165295143
52.0,56.23335661102362
55.0,63.10502395637633
55.0,62.02515509749031
76.0,86.63151396053945
76.0,83.09169762242783
72.0,78.58613569444725
72.0,67.68131909149764
69.0,70.50214872764104
69.0,39.93397851449072
65.0,67.6438816460427
65.0,74.32348729333376
59.0,58.865822867454085
59.0,54.111638870055174
41.0,41.4134048135204
41.0,60.34694397991177
36.0,39.88717806194131
36.0,82.4708118389114
38.0,37.17138954218012
38.0,74.19165505047306
29.0,35.801239084701876
29.0,25.700671827743122
72.0,81.97759867894985
72.0,74.58351973724359
49.0,45.87189990127479
49.0,75.42324217002204
49.0,51.58287552218201
49.0,72.15763043215475
45.0,46.66617787293518
45.0,59.07481124256293
29.0,25.27870012586908
29.0,83.89349424617222
39.0,33.97998152284862
39.0,76.02717300403435
72.0,78.88211187302187
72.0,54.133173598208145
67.0,66.42667560043503
67.0,54.0585487692876
65.0,71.12230181835616
65.0,59.92787851948344
69.0,76.16910949860619
69.0,40.70782949543718
51.0,54.82882143939099
51.0,70.87300176854274
59.0,62.66708624120247
59.0,49.823699796234735
65.0,69.55056143605668
65.0,54.141132248630925
55.0,55.61144922101283
55.0,69.49032439781149
71.0,76.00926156991096
71.0,63.40497468309337
44.0,41.26626767034725
44.0,24.96012300461564
56.0,63.05873790236211
56.0,75.34208687208337
56.0,56.890088578005646
56.0,31.92808986065438
70.0,76.97469565310354
70.0,87.95862186463859
57.0,55.71226202644311
57.0,52.68422075013922
67.0,69.74407079739825
67.0,77.33698346384404
67.0,71.32483381783817
67.0,56.597200620387355
71.0,76.04804811299158
71.0,46.590048901425234
41.0,41.30672707800164
41.0,76.09480827068603
38.0,39.65964802232054
38.0,39.765527693175954
64.0,69.10222611814788
64.0,19.881007608951847
61.0,65.57043747028922
61.0,61.483269467750915
52.0,50.43971451344794
52.0,45.40044010359918
58.0,63.63028270694758
58.0,59.98452522101638
57.0,64.17325283869485
57.0,67.08824287178481
61.0,65.20178245944004
61.0,72.7820801679776
62.0,69.69801876943183
62.0,50.793021537550715
68.0,72.4748890844786
68.0,53.428687852528526
72.0,73.5373624972072
72.0,52.58080748541761
59.0,65.66182174417543
59.0,64.03527966540457
65.0,72.46696805865787
65.0,77.96494299911285
65.0,66.85949282726301
65.0,88.33560239825266
68.0,72.75122605747725
68.0,77.01783999862556
27.0,22.050430478006263
27.0,73.1945492962655
56.0,56.63074454312499
56.0,53.40593113736196
40.0,39.76314074243419
40.0,20.817533148734242
60.0,61.85043652636983
60.0,65.24881819666888
66.0,70.32946005041885
66.0,67.64926972034533
61.0,65.28807984103616
61.0,60.64793428672863
29.0,16.134967207474574
29.0,72.10583174780714
72.0,80.13255764334315
72.0,32.66563830361349
55.0,53.35841744683489
55.0,74.14715085810178
62.0,68.67543481415322
62.0,80.193504221566
84.0,89.34681792423544
84.0,53.854782590809236
76.0,82.11889621840663
76.0,73.87429780667918
45.0,44.05386729904933
45.0,59.66841873610929
20.0,-0.32744939996172207
20.0,68.48885066451425
55.0,54.36408601300542
55.0,14.969928895847886
71.0,76.3394407419733
71.0,71.03749750207072
77.0,85.98877586521928
77.0,62.76165652714934
25.0,17.95823395862726
25.0,75.42405838646528
51.0,47.79131388242308
51.0,51.38317413626942
77.0,84.29731025976088
77.0,86.43590674508488
69.0,74.33917150513406
69.0,80.7368258430044
70.0,73.17547860276852
70.0,79.1913167168749
56.0,54.03679348759414
56.0,61.69367555010541
70.0,74.28612202088419
70.0,76.5943923198912
67.0,69.95322866471417
67.0,62.92159633197491
59.0,65.54734233572941
59.0,75.25880086586182
77.0,83.72535890887121
77.0,74.33248000170022
76.0,79.46838967708635
76.0,81.3262238289227
63.0,68.97193695123997
63.0,31.110471182933964
34.0,34.243309314840815
34.0,55.707361222236045
77.0,84.75253473588958
77.0,67.69485240137499
27.0,28.64757718275257
27.0,74.7759334332161
68.0,71.61713023101464
68.0,14.883917178904824
73.0,79.85180588096057
73.0,66.63401050421356
70.0,74.2875598464368
70.0,70.40204183254224
57.0,55.772630449198516
57.0,77.7273698015133
36.0,27.564296217093556
36.0,57.98791389449224
72.0,79.3686882604606
72.0,62.73845951488289
25.0,18.08609892503887
25.0,48.9806349336327
39.0,35.161413741725084
39.0,83.89544422437484
52.0,51.96048414796746
52.0,47.53739809103661
75.0,79.14667765366983
75.0,77.61247674450965
40.0,35.42911282273428
40.0,74.71978461698723
70.0,76.40102162112402
70.0,58.956933158401114
69.0,73.41922496646225
69.0,61.11462168607454
21.0,21.85709110486897
21.0,70.42910556366854
65.0,68.67634762773753
65.0,90.52956078308011
45.0,43.00454188936186
45.0,85.92148536126507
34.0,28.93717837884651
34.0,87.7657677680586
72.0,76.94410324603211
72.0,62.907308187561966
61.0,63.60274041763546
61.0,74.27694720005422
76.0,82.02201979938906
76.0,57.490161466329255
67.0,71.44033252948617
67.0,72.96704034129954
36.0,32.58775706087914
36.0,83.83231057665614
56.0,57.900116475040875
56.0,49.64964268953116
72.0,79.79238606996324
72.0,77.43763844095179
29.0,19.358006075984576
29.0,52.75304022518816
53.0,50.72921439231732
53.0,57.51180348685074
39.0,38.17697540389912
39.0,80.47073333709375
52.0,55.87652715072613
52.0,60.65368321020969
80.0,85.74492787128821
80.0,72.30139521415663
49.0,44.526517918589434
49.0,53.0717051962373
54.0,54.57857451359729
54.0,57.56002848341001
42.0,39.785154925518896
42.0,38.75992084565115
39.0,35.6090993044491
39.0,76.24983945520756
50.0,54.00676537227656
50.0,72.58659616955492
34.0,29.366859442993132
34.0,74.45546961887914
35.0,36.94499131655448
35.0,79.24486783644971
45.0,53.34277393328165
45.0,65.39406255462467
36.0,40.410539301928
36.0,64.19443123289227
46.0,52.271751985765206
46.0,79.89174583676424
80.0,84.92702017456469
80.0,68.97266553324835
54.0,56.39124577502298
54.0,15.797006212508677
63.0,69.6239371944784
63.0,33.373759828877155
62.0,63.12505737194118
62.0,65.15628491169957
46.0,47.952844332153006
46.0,71.87233810344958
74.0,79.25742747228225
74.0,41.17264169631875
58.0,58.625897750833246
58.0,50.64831190041053
69.0,71.82800859325249
69.0,17.86030199400301
36.0,31.804854584596512
36.0,40.828563630943734
71.0,76.22619481053704
71.0,59.60346519356739
68.0,72.58130793312114
68.0,79.69849299168857
77.0,85.47245210582668
77.0,63.76021095887046
38.0,37.04783635612307
38.0,75.48633429524415
58.0,59.166185471294796
58.0,73.70654641841759
64.0,66.58224720003841
64.0,18.443443247619314
67.0,73.45676013696755
67.0,82.13699033766505
41.0,28.556588657286625
41.0,62.3389419686211
54.0,54.61819482703282
54.0,51.80391699906943
74.0,79.68587970008508
74.0,52.40909645148719
40.0,30.444883733729114
40.0,63.32787903157379
64.0,69.04195362736198
64.0,57.76324574400002
74.0,81.86725702967323
74.0,73.59889012209959
71.0,74.5978554974709
71.0,57.83931764319652
70.0,76.2324633133399
70.0,63.646853141429006
70.0,79.12404771072573
70.0,78.95580935904701
58.0,62.040455743751295
58.0,72.15132301808751
60.0,62.32650072042776
60.0,59.81215614610329
51.0,47.215218206806924
51.0,53.62670202870828
64.0,69.15280817996347
64.0,64.8885215052594
66.0,71.4153497179766
66.0,51.55976708152076
26.0,25.469509739474347
26.0,76.0860953381736
70.0,73.37522764092023
70.0,87.16028522055888
66.0,69.38719996204043
66.0,80.87332728858308
57.0,56.65086276325127
57.0,51.7492855666855
72.0,77.82966446799225
72.0,54.29013046613176
65.0,72.95063830928643
65.0,46.914922500482135
65.0,72.72948517108165
65.0,21.63972526135558
72.0,74.56410792750376
72.0,78.06750930804316
73.0,78.30751895014475
73.0,80.5372291383519
75.0,81.65060837558161
75.0,24.79344916134181
66.0,71.90745174245501
66.0,73.80193138620302
64.0,63.98526595442047
64.0,76.96927325124261
21.0,17.822485079561034
21.0,77.23879343827656
77.0,83.82814676515807
77.0,68.08036246542065
56.0,55.5427191179661
56.0,7.121929172418561
68.0,74.71949521050533
68.0,82.07156963931527
55.0,60.84436291899931
55.0,66.14370762465563
33.0,35.328162657032294
33.0,40.527826923764735
69.0,75.39809499406618
69.0,76.82509442810709
66.0,71.65179363820744
66.0,58.08158265079709
43.0,36.40414104106719
43.0,42.53134698700552
39.0,40.201489012043
39.0,79.86158710902367
51.0,51.582076450098214
51.0,82.29734909023551
64.0,68.39992334673883
64.0,62.543691793267385
58.0,64.78125092554103
58.0,9.76546282672814
69.0,72.36055824229936
69.0,88.53677543990239
59.0,57.185738220601706
59.0,53.19403808226889
82.0,86.45847208922783
82.0,7.414496048476508
43.0,44.37901207844067
43.0,54.218018410824016
71.0,74.92850773240218
71.0,68.67242074098596
48.0,46.098095252797066
48.0,58.84996201608948
59.0,64.71360918788031
59.0,85.81390897572271
64.0,68.78516903057755
64.0,56.18755738554631
74.0,77.81462429833329
74.0,68.81774284873842
69.0,74.09852118775206
69.0,48.869558263568365
66.0,68.95938936029142
66.0,68.63943136666836
66.0,71.08589883494062
66.0,77.05652855209462
43.0,47.47574059504876
43.0,64.31112566032078
54.0,57.51162526670407
54.0,28.6924014093118
26.0,20.973832752806857
26.0,82.42378052625281
60.0,65.77102867163524
60.0,86.8635477410661
72.0,81.12529636600675
72.0,44.20769478555269
57.0,63.05890720726484
57.0,61.497499840813134
74.0,79.84686846605808
74.0,76.45766147296445
61.0,61.536648939181134
61.0,53.64596482709561
25.0,18.355263555720512
25.0,53.84706255895537
71.0,77.15080777979034
71.0,85.31100417172996
64.0,66.70073419941167
64.0,72.79373454267613
66.0,65.68151882549887
66.0,78.56470731628298
40.0,44.405149933768996
40.0,73.89801732697981
77.0,81.66869191488132
77.0,74.54627167415737
60.0,62.438029967823695
60.0,86.51657519387749
59.0,62.756686094037775
59.0,75.49910569400026
20.0,23.61322044971024
20.0,56.87737365003193
65.0,73.17427976760672
65.0,42.85953029495511
77.0,82.71149884148906
77.0,73.66012121402804
65.0,71.96556481923068
65.0,64.01732605212527
58.0,59.31674842160294
58.0,58.46049119099814
76.0,84.94303129559478
76.0,83.94347141135478
39.0,36.959184568767114
39.0,73.19807964457988
18.0,15.16964863642869
18.0,47.692904900007534
58.0,61.64081959898675
58.0,38.204345993572474
73.0,78.24939386525801
73.0,60.019315357882306
35.0,26.54837938607085
35.0,79.48158350803982
67.0,72.29732567759339
67.0,58.71497395072129
68.0,75.44816537239927
68.0,87.2547437334971
50.0,51.52966923736824
50.0,52.833656082959294
61.0,65.71837114502256
61.0,64.14188487558647
55.0,52.80729514994243
55.0,62.40256298206265
69.0,72.92634043933407
69.0,72.14453919371277
81.0,87.08536967323477
81.0,49.378312793619216
74.0,79.06027944824041
74.0,50.494063047186046
47.0,50.36668085990999
47.0,70.73306272003867
25.0,26.29009409706765
25.0,70.90364554111665
53.0,54.313087969101275
53.0,53.096228138291906
61.0,63.935156103562406
61.0,49.074152386452
44.0,36.889859044028356
44.0,23.557957445270972
50.0,53.034678274067176
50.0,51.06390561152398
67.0,70.4643657882446
67.0,19.44290396635722
39.0,36.37008091731133
39.0,73.0706352027459
17.0,13.417467123830193
17.0,65.77912952384298
62.0,65.20178245944004
62.0,86.8911389877128
61.0,59.33776254190411
61.0,55.66849832572075
67.0,71.78406216641855
67.0,46.6984650929557
79.0,84.50397904860023
79.0,76.25718816905948
79.0,87.42515959036962
79.0,56.12395045187833
67.0,68.08524440193264
67.0,85.86447829873646
68.0,71.56339517256288
68.0,55.16792638490091
68.0,75.79805554172896
68.0,81.11215136064737
64.0,62.8924857379219
64.0,89.1039641447199
67.0,71.13281747038695
67.0,78.1624558856534
65.0,70.5880722848749
65.0,64.09952055908104
69.0,72.61933948948752
69.0,83.05199714124814
38.0,32.45458842251651
38.0,13.309160588529949
11.0,4.8390119131177585
11.0,64.65311595408104
75.0,82.58112161164729
75.0,92.52362787888558
66.0,68.27509666624297
66.0,32.54126328415589
77.0,83.41353621983023
77.0,66.3488747422914
40.0,39.75040922977581
40.0,59.84271493781898
69.0,75.52835827609493
69.0,54.03904192527045
77.0,80.08662007021297
77.0,42.11228701044786
68.0,69.0625001835948
68.0,54.810543134050874
74.0,80.58722951215981
74.0,45.4955667562686
51.0,58.00505380188952
51.0,87.66036337004442
41.0,36.80562276363531
41.0,49.52476586222389
63.0,67.44472984315667
63.0,74.22835559328558
66.0,70.81188046125129
66.0,69.7400678329463
66.0,72.92078650696709
66.0,73.83284782279566
70.0,77.12334748927918
70.0,75.22293225943247
59.0,62.47414590681103
59.0,80.49484611450868
37.0,39.663577062027855
37.0,59.758035807006934
57.0,62.762982696386075
57.0,72.25427680593464
53.0,49.85209533192932
53.0,66.1380985510678
72.0,78.90119907334321
72.0,82.23250394053503
82.0,90.16220260702664
82.0,21.247895103801397
63.0,61.88865066213344
63.0,36.61712268250625
70.0,74.81906720906721
70.0,84.28038409071166
63.0,62.497734126309126
63.0,17.112292095034206
48.0,46.81884166313557
48.0,58.5215439252604
62.0,66.0248260673809
62.0,84.158849314708
12.0,1.9623000162521862
12.0,48.10714338240638
68.0,72.38295514438033
68.0,75.67829133768424
50.0,56.42283397152568
50.0,53.60711963617831
73.0,80.20572443635865
73.0,71.19264598595731
70.0,76.1473590337269
70.0,73.53352935453904
47.0,48.50494650079037
47.0,77.53790678891454
74.0,77.27360364079567
74.0,32.92014258259752
66.0,68.444907202487
66.0,58.81564678172401
55.0,50.79943386334526
55.0,71.1480534291835
79.0,86.76894649106913
79.0,87.21846418901623
64.0,68.96571572682956
64.0,43.930910407683086
72.0,77.28409207728998
72.0,6.88561109386103
71.0,75.34311869667471
71.0,73.85304419365514
64.0,71.84912122986441
64.0,74.48537135270158
66.0,68.26419523573713
66.0,74.2586506046764
65.0,65.15876834606365
65.0,73.9618832905179
74.0,80.11174805933666
74.0,85.38661845811106
67.0,68.74433192825217
67.0,56.33405469490299
68.0,73.2162048806814
68.0,84.15379690255344
64.0,62.63220467956603
64.0,72.45596191295596
30.0,14.634924084670502
30.0,83.04781031155773
56.0,56.05105913962598
56.0,39.51078128473938
64.0,70.94896308687856
64.0,29.318099729636344
80.0,87.11951293570542
80.0,53.36464660394637
71.0,73.97779928867868
71.0,50.286929172654766
58.0,61.18858100195018
58.0,46.618800042176304
61.0,65.77025599081816
61.0,71.38299762857395
74.0,78.6106127929491
74.0,76.63212841079098
47.0,46.39882450602596
47.0,59.90418915059115
77.0,85.38111932546207
77.0,76.69371319300103
58.0,59.875939945877576
58.0,68.0617052585664
76.0,84.14503532195033
76.0,72.1383160928138
65.0,70.6972297209415
65.0,71.96371192473254
33.0,30.247057145733947
33.0,58.30675082215669
68.0,73.63053962320782
68.0,69.98748715302645
73.0,80.20640865347735
73.0,81.74367553557573
42.0,39.513891303961145
42.0,60.39691825064864
81.0,88.55023041709632
81.0,71.79061986725122
27.0,26.603749009272406
27.0,41.661148800542776
28.0,31.229086971735853
28.0,60.9964378006174
47.0,48.550803896023524
47.0,80.06848826892826
68.0,73.93043825934387
68.0,6.123614773787267
70.0,73.71240241304133
70.0,33.87065080559029
52.0,50.49746844247176
52.0,18.445150375724495
63.0,69.18146052277018
63.0,60.57166161617744
14.0,11.844099114551682
14.0,27.406768925657616
56.0,53.80966327542376
56.0,88.98909675844232
20.0,10.156709789094236
20.0,57.115280287344035
54.0,52.56694283929187
54.0,60.897506551747256
84.0,91.1846884308145
84.0,39.4139165165293
63.0,62.35477427894034
63.0,72.16963516357862
70.0,75.45408888158352
70.0,77.5768907657411
74.0,79.40460423374356
74.0,86.48528786548081
74.0,77.10499056425903
74.0,71.59698475991269
47.0,42.211802454114036
47.0,55.14448098272345
19.0,10.175181310172263
19.0,74.94087010844072
63.0,62.508896761997164
63.0,33.0505079156531
67.0,70.9577710802136
67.0,81.75298157053913
76.0,79.12676463110904
76.0,50.92468791343805
58.0,61.60056963042257
58.0,78.62231327371387
58.0,58.68686392712499
58.0,66.35801174130273
66.0,71.23916063614723
66.0,32.71671438463005
51.0,48.62309331667649
51.0,60.08656738904938
66.0,69.41926685949056
66.0,46.07327042970394
57.0,57.61940593742361
57.0,74.74945357473564
74.0,80.70933330677627
74.0,69.34205685888628
52.0,55.05373110993992
52.0,72.4162214846636
65.0,69.78954465318799
65.0,62.350393310280595
20.0,13.168000566922103
20.0,76.80404273218272
76.0,82.20022382721629
76.0,71.19737824742174
70.0,72.05884786630872
70.0,82.96367043592238
29.0,26.115967835376352
29.0,54.27212756598976
61.0,61.502368871575754
61.0,72.45415774374044
33.0,25.8721375278721
33.0,75.26052762841027
75.0,82.12500429702993
75.0,48.95523079445786
41.0,40.560586725899554
41.0,77.51694856450519
65.0,68.56860061175695
65.0,57.27176766119811
56.0,52.92233905838077
56.0,26.43539281499119
67.0,70.74844989722988
67.0,67.22255819379615
73.0,78.71144289620406
73.0,57.25650109121398
68.0,71.47088598824837
68.0,45.74142695199453
44.0,43.72308782164657
44.0,78.29390069986528
50.0,55.6057363725281
50.0,79.51951158103532
72.0,74.35512192461988
72.0,39.756826976336754
16.0,8.443785722896848
16.0,84.94897080771443
30.0,24.837918699935074
30.0,66.75090184896811
67.0,67.50172957831279
67.0,40.09795256264243
69.0,72.82973316241703
69.0,76.92660618481699
62.0,68.71927420308509
62.0,60.1879033452762
55.0,56.14869320205037
55.0,32.53012305675196
79.0,84.91837511905243
79.0,73.46456044479663
27.0,22.372538449085994
27.0,59.226015811984155
76.0,82.9632782997652
76.0,70.84934230292743
71.0,76.36794762706734
71.0,57.213699217928934
77.0,82.98283275104075
77.0,50.941853057734875
66.0,73.41991913009343
66.0,59.162085133764606
69.0,75.74124582341278
69.0,12.760088546333805
42.0,41.62734148859511
42.0,79.013848964251
67.0,71.21660690922369
67.0,80.55747363356875
34.0,38.67616591986467
34.0,71.16141536888682
58.0,58.553594503572754
58.0,66.02336662285171
29.0,17.106150111218312
29.0,30.382982077825943
54.0,56.0619534020945
54.0,50.274133209763875
42.0,45.06871737196411
42.0,33.738852656696224
65.0,70.28739086138421
65.0,48.10936616444667
14.0,1.5939321742898187
14.0,35.170689754962154
36.0,22.56956048715898
36.0,75.58240589565969
75.0,80.47822192905119
75.0,53.8914480044607
58.0,61.22458754790523
58.0,67.48170335908026
85.0,93.04793720719312
85.0,73.6485062456702
75.0,79.36123597594161
75.0,45.801222450193166
60.0,70.24046828716104
60.0,62.7771462949417
46.0,48.42870015540416
46.0,80.26575642037363
64.0,67.12700907180647
64.0,9.63490132831862
40.0,42.964467801280364
40.0,79.81262646912518
68.0,72.11529930372018
68.0,24.583100664975007
59.0,60.177704608678425
59.0,76.37705561291284
68.0,73.3281290974569
68.0,52.970048054799065
71.0,76.63167254279301
71.0,35.21388227111731
70.0,74.18290998850688
70.0,82.77687339295943
79.0,86.27518912120314
79.0,41.79291242907743
53.0,46.71583650015248
53.0,62.73920280276042
44.0,43.24132313747731
44.0,51.54471171781955
32.0,27.2323448022986
32.0,68.98336857399852
53.0,54.27552742821479
53.0,80.47502737466522
74.0,79.50891767527497
74.0,57.77411143398706
47.0,55.04337116712787
47.0,55.64270626677785
57.0,58.71255127997273
57.0,61.10878841600186
77.0,82.69366758259383
77.0,77.3083641607144
43.0,42.57583583919876
43.0,33.609076886860066
19.0,4.3759189625448585
19.0,36.40519264027796
55.0,55.95073296259278
55.0,44.07728298559459
35.0,35.318388365062276
35.0,25.933914874285563
66.0,71.35164746659757
66.0,85.37049262519366
51.0,50.958188210820765
51.0,85.24156049635315
63.0,66.65376320964788
63.0,42.48550445687721
39.0,38.485564040030965
39.0,45.774936984249905
76.0,82.34580647072545
76.0,67.85054767861476
65.0,73.28309286978623
65.0,72.45596191295596
68.0,73.04358783835488
68.0,80.2887631684938
53.0,59.01474808803442
53.0,58.13143476360938
63.0,68.9352169778598
63.0,82.02677727825773
47.0,42.18315540435378
47.0,52.41215508224417
65.0,65.44989153549056
65.0,49.635543852287014
54.0,58.47030142651863
54.0,63.09501438498353
77.0,84.81934097831675
77.0,12.965214947683307
73.0,79.6876070013256
73.0,54.49595604760714
63.0,68.56768708763036
63.0,60.454638204188484
74.0,79.04289464017666
74.0,44.45402395825556
31.0,24.370917168286553
31.0,67.8861337500253
66.0,72.60961308018392
66.0,75.83144827783104
67.0,74.43708483576984
67.0,82.86213386372549
72.0,76.58010099063813
72.0,63.8837705336997
73.0,80.49243921136679
73.0,59.9483219208459
42.0,39.796456633728155
42.0,35.929893093771966
32.0,33.79328331329606
32.0,77.9238294479461
60.0,62.52360563769713
60.0,74.76108178194823
63.0,66.1184187200189
63.0,69.93687444530428
63.0,65.3042400974544
63.0,72.515503092102
47.0,49.69618369106195
47.0,61.565224372625664
46.0,42.33889367610203
46.0,72.18669624589461
65.0,73.72601233086544
65.0,80.82218093107332
74.0,80.36732931870449
74.0,76.72651244470421
30.0,21.88295884718309
30.0,80.24329831074192
67.0,75.91529670126295
67.0,23.568395158160286
70.0,74.96317444660718
70.0,65.6234165852182
66.0,68.76514788737336
66.0,80.2955421210977
63.0,66.87841888799113
63.0,79.13613531227855
42.0,38.37258934885921
42.0,62.43220632171386
54.0,58.49907305270216
54.0,81.73742781541608
57.0,56.784978278117876
57.0,88.37072112098633
42.0,38.31897184696078
42.0,65.59387421963282
68.0,75.78313496903286
68.0,86.68476796706915
71.0,78.59843192728249
71.0,49.126760088595006
74.0,81.6280359164353
74.0,58.13362010816883
74.0,82.54748585302661
74.0,83.29631511478658
58.0,59.71925758744038
58.0,66.34573057719803
78.0,86.51824765709546
78.0,72.4283714655707
65.0,69.49835747529602
65.0,88.70447566929698
53.0,56.171006962264244
53.0,69.66859322916343
39.0,46.986805592112034
39.0,54.86579735412295
70.0,73.64582588866114
70.0,31.0070692756442
72.0,80.52848139505022
72.0,83.60009159221045
42.0,29.340034972127
42.0,72.99416271263829
77.0,79.43608315012051
77.0,58.24080238588698
54.0,48.90134670176434
54.0,74.26323085280956
53.0,56.52397656562135
53.0,51.34821674740476
62.0,64.93545476759448
62.0,60.51179291933795
43.0,40.97394235573705
43.0,86.55751581385636
67.0,72.28008679221267
67.0,46.41640203189354
51.0,45.4673186378314
51.0,79.62769328365778
16.0,8.153256769611914
16.0,84.46723164744543
75.0,81.68400134137471
75.0,74.3882571689519
62.0,62.307994916408916
62.0,25.058854695576315
57.0,59.991433828549816
57.0,89.96164361059539
74.0,80.15669390710644
74.0,62.37893844665524
62.0,67.3421732593091
62.0,66.69044298700959
58.0,60.19064746829292
58.0,42.227717151233094
54.0,63.4444733169575
54.0,78.0034256880183
69.0,74.08396384249846
69.0,61.55843640092712
66.0,65.45263872692749
66.0,58.51447016933258
62.0,64.4338445967341
62.0,68.72911507699195
32.0,27.90546838701522
32.0,73.35613192806056
65.0,65.55498835446542
65.0,71.38353128847945
69.0,74.87290870367303
69.0,76.9049952552553
33.0,28.126332392228164
33.0,56.718061123678524
70.0,76.17327790488838
70.0,58.3751132240335
73.0,80.89428637951715
73.0,43.322203762679806
37.0,35.92564994226336
37.0,31.63635998478094
46.0,44.654225854226866
46.0,28.198740409539766
60.0,58.97194240153175
60.0,64.16185614594951
43.0,42.796134802938695
43.0,73.93946202557646
38.0,42.15812141392479
38.0,36.91834724786452
41.0,40.913144886845146
41.0,22.299170844975038
55.0,59.5546875483995
55.0,68.33385821359423
66.0,68.44923227099656
66.0,73.49645525625658
21.0,21.663636851236447
21.0,82.30302153325766
73.0,80.11413269600365
73.0,79.17078955177107
61.0,64.24201987749228
61.0,79.38254353069556
61.0,63.852137065389286
61.0,79.08536781244379
66.0,70.03013916252212
66.0,82.81098453744914
70.0,78.06170866052878
70.0,56.888411946407814
76.0,83.04057616479935
76.0,77.99733799639819
28.0,26.655438067681644
28.0,68.70809674224307
76.0,82.63706741455462
76.0,70.29784693846403
56.0,63.386958976160145
56.0,73.08162901533274
71.0,75.79174769855956
71.0,57.636040188691595
68.0,75.69055161283268
68.0,75.62860991530067
61.0,65.10362573480955
61.0,83.28941806083583
58.0,63.82153873466541
58.0,65.03964874741376
58.0,65.02885355834223
58.0,67.64901654923841
74.0,78.19401416092836
74.0,79.15790470194571
71.0,75.74407662651015
71.0,58.33463790420069
78.0,86.34964429880449
78.0,77.36611264191987
51.0,51.86019851712058
51.0,75.74718528903907
55.0,55.47395928728207
55.0,78.52698600075377
76.0,83.54852349169664
76.0,78.40323931856267
43.0,33.95928218058401
43.0,58.7789051596007
23.0,9.682439159509272
23.0,68.62395462477355
62.0,65.68645712436938
62.0,70.0121250687452
63.0,68.67558340102897
63.0,22.342829969197737
16.0,20.347600392979643
16.0,26.43539281499119
62.0,65.88331252855414
62.0,56.65742638295819
50.0,54.32759934506777
50.0,54.01334101374738
56.0,55.76572603106774
56.0,55.31330778073186
73.0,80.97841590525752
73.0,85.99445276069434
68.0,70.07115536147234
68.0,79.67850388676413
67.0,76.96271440863472
67.0,74.41666359976489
64.0,71.99568198716645
64.0,47.4028849530352
47.0,45.07489400318832
47.0,52.40568754947816
80.0,88.98475998739787
80.0,50.58179979808989
71.0,78.80299622066411
71.0,13.229151826187888
69.0,72.4147647704292
69.0,42.066923450519596
63.0,68.26468405184386
63.0,52.99145444516296
74.0,78.47019137713124
74.0,71.38073496002067
60.0,61.53651466685204
60.0,67.18994016571423
53.0,51.322377901885375
53.0,83.55757629365587
66.0,71.47415385470936
66.0,66.8544967150155
36.0,34.37473350260939
36.0,69.17591525280784
68.0,70.20180925720143
68.0,79.5977706204867
79.0,88.33673419468823
79.0,13.417467123830193
70.0,74.30755853985022
70.0,76.11157931284129
60.0,61.984334545405204
60.0,57.305143887213205
14.0,14.873404033237819
14.0,39.904319357268264
52.0,51.29609307625884
52.0,76.24886443408985
36.0,26.39170557807506
36.0,71.81711649024243
70.0,77.36195489615676
70.0,71.91978291837643
74.0,78.0990969753625
74.0,62.6104265448821
56.0,60.577528050078286
56.0,67.73556759006902
48.0,48.29874947440749
48.0,63.18058877419486
68.0,70.4592488935383
68.0,65.65276145609164
39.0,36.31160146848987
39.0,62.93539181604331
34.0,34.744062516058875
34.0,73.19950392057592
38.0,38.365324638586344
38.0,59.218143549435354
68.0,72.23565902971023
68.0,26.045656592387218
72.0,78.28759405563676
72.0,71.25351641363426
57.0,62.686904386728884
57.0,52.75886466137564
68.0,72.1733492513427
68.0,75.53014795164404
67.0,70.77931210444217
67.0,32.03688973380065
65.0,67.58993745188349
65.0,73.79130445760472
58.0,58.49463150301261
58.0,21.295892973543516
20.0,20.481007853908523
20.0,72.20795502609616
64.0,68.82704302709868
64.0,37.115470870626325
49.0,48.307100028773675
49.0,86.8228310953748
53.0,53.66352846578985
53.0,82.94833174198288
33.0,42.0325544774559
33.0,58.654274317140164
61.0,62.34060032258907
61.0,84.89281140815928
62.0,67.5532072140839
62.0,62.77513396364685
73.0,77.95093629024154
73.0,69.24423511550339
70.0,72.13988666617746
70.0,64.91135929262998
35.0,24.791357475584675
35.0,79.64731282652917
62.0,64.81873930462746
62.0,0.22770129404602812
34.0,27.828863226230737
34.0,37.392879122386034
67.0,71.87957789479202
67.0,53.95486842630771
42.0,40.72959203843175
42.0,76.94151853072435
63.0,67.80504156815874
63.0,77.05475623924121
50.0,51.16493933103391
50.0,83.49241008153518
39.0,35.5833305617665
39.0,70.00998312389407
48.0,53.16886719088586
48.0,30.21823743509168
11.0,-3.706448705800483
11.0,78.54830244375012
51.0,54.586811355757504
51.0,79.56242086114929
78.0,86.20728498191204
78.0,44.06449278471598
68.0,72.14092886861522
68.0,82.04186833704165
53.0,60.36240122738411
53.0,75.75104327176155
71.0,77.39917152963608
71.0,47.77348507555786
28.0,26.20555318847579
28.0,38.86349800236002
62.0,62.86444540477743
62.0,55.33428655837798
70.0,75.83480020863163
70.0,46.43661773023803
71.0,76.87743245769946
71.0,57.055343759706716
64.0,67.26518697171485
64.0,9.716869235387946
72.0,78.37050402878214
72.0,18.5821139949569
41.0,37.89988663781389
41.0,15.426919703544797
48.0,43.21173992316426
48.0,81.45580344766068
51.0,56.64247556081125
51.0,66.84546515153147
78.0,85.74153052586871
78.0,20.690051707926273
59.0,59.74103713071656
59.0,80.16371217754158
63.0,68.15369778594624
63.0,67.66052083482191
58.0,60.40358456394091
58.0,77.74669948352067
72.0,77.03675047788215
72.0,63.538889486098185
54.0,62.44696989162156
54.0,56.44187227724012
74.0,82.14882793449675
74.0,59.54888679881611
68.0,69.68271213408656
68.0,21.83070106822771
44.0,43.38215945037206
44.0,90.37307433495351
71.0,72.65588916073443
71.0,38.433956800240765
66.0,71.33780138962157
66.0,65.2952619782746
62.0,67.87126983156077
62.0,48.524718299709036
63.0,69.63557103326616
63.0,72.89141495769877
24.0,22.62857515259043
24.0,82.60991232451869
65.0,69.00021703353883
65.0,65.56295766127744
58.0,58.701131567240054
58.0,67.54095489056891
67.0,73.09338997847851
67.0,69.93581491907662
56.0,57.12477306332221
56.0,67.84899089708085
70.0,75.08490308759406
70.0,44.026260533898494
74.0,78.09449716042502
74.0,76.04615736998812
68.0,73.43161177674938
68.0,32.33254302750163
71.0,79.34559555008752
71.0,79.28341570995246
51.0,53.29203078698788
51.0,74.47750171273378
70.0,70.22553888213992
70.0,70.16545315229877
69.0,74.7497139965896
69.0,76.12165627020448
47.0,46.959023822306676
47.0,40.91523731591667
71.0,74.79675604415127
71.0,88.00794905805236
68.0,70.35148328040219
68.0,84.14959583585778
64.0,68.99089104858746
64.0,75.91412382454598
22.0,15.786624328507742
22.0,66.13750401651077
61.0,64.32411289212797
61.0,8.38910770333257
56.0,58.95881682818015
56.0,71.86439514741795
52.0,48.67178882873736
52.0,78.51462389731336
61.0,67.21553111286084
61.0,57.820674426200924
49.0,49.95017305313877
49.0,20.33290500281521
37.0,33.85497353305783
37.0,45.28416924858726
64.0,70.8519647488535
64.0,73.70867146424092
46.0,44.363135117508705
46.0,67.82659498906361
51.0,48.46484256048808
51.0,14.848690393458241
66.0,67.16303753281466
66.0,44.56712283425691
56.0,54.04596788375716
56.0,50.960506907940385
76.0,82.078981544763
76.0,75.9435994336211
55.0,55.010719304299755
55.0,78.04612561770921
39.0,42.64644131771837
39.0,61.28360960864768
71.0,76.79465228037577
71.0,93.20477534581914
52.0,53.900932206432515
52.0,54.348137878832745
69.0,71.29789496268359
69.0,70.28076555426628
63.0,67.24158442117277
63.0,72.64304270245691
68.0,75.20349143803145
68.0,68.33520368473512
66.0,68.42512972195016
66.0,19.713341056115155
67.0,72.40423631212076
67.0,41.438931755382725
35.0,25.383304510947596
35.0,92.27811343722448
76.0,82.48082070386079
76.0,80.30459600859535
79.0,85.13137396506761
79.0,60.733955235651024
12.0,-1.0075276840373135
12.0,85.01879477442861
61.0,67.05657163595998
61.0,68.65917417343087
69.0,74.34773667397997
69.0,65.98866279141885
65.0,65.65721975194435
65.0,56.70076319600918
63.0,65.70272168610279
63.0,34.274455141981605
39.0,38.84545194891626
39.0,74.40894424632359
64.0,65.15758714322419
64.0,79.84329088081262
52.0,48.97207657764102
52.0,76.14567175103548
32.0,34.93793502753425
32.0,74.6674486004784
43.0,37.26737067572583
43.0,63.91859710377088
69.0,72.26857959089585
69.0,85.45546143528946
36.0,33.410264074873965
36.0,40.03733984046943
67.0,73.56924327018498
67.0,45.5837654349757
83.0,92.61643870251629
83.0,70.116488035094
66.0,71.76129976311023
66.0,65.86266563291952
51.0,53.93019590859444
51.0,63.725356983243955
50.0,46.80875905540336
50.0,72.61483471593209
67.0,68.63910862560613
67.0,74.04377727674824
57.0,59.76868153910442
57.0,50.5777060436036
60.0,65.54193508878342
60.0,78.60375685340335
58.0,63.37757492390068
58.0,55.467074849082394
70.0,76.31804002978373
70.0,56.433943263181675
52.0,53.65508360332905
52.0,65.6804328072115
67.0,71.95787131281043
67.0,54.386299259474015
72.0,77.3944743113683
72.0,61.32311069326914
68.0,73.70303358854528
68.0,72.24805464899958
68.0,73.92077764632586
68.0,83.44322393079153
58.0,55.9390938706793
58.0,66.30901942378404
68.0,74.5812892132011
68.0,78.60452803280657
40.0,37.36569461420112
40.0,73.75494665062439
63.0,70.46109933061553
63.0,75.52280332338916
73.0,78.28045149804649
73.0,74.8782656533179
53.0,51.47341001563103
53.0,73.83679039556716
39.0,38.56906501957559
39.0,73.37975106968639
48.0,42.88367792069033
48.0,74.7303581132042
56.0,62.043378787172
56.0,78.42252060845044
33.0,40.212215809920735
33.0,61.8256673153212
54.0,48.89930051932197
54.0,65.34890396837545
75.0,82.76179245004857
75.0,81.26197619748797
73.0,79.64121174416374
73.0,75.72116189314164
54.0,59.48038538503323
54.0,58.06611982365354
55.0,55.562209953993374
55.0,64.8581547340554
58.0,58.49463150301261
58.0,72.37744934736753
68.0,69.8399394393403
68.0,48.21741742453975
79.0,84.1696171644166
79.0,67.59203685394135
51.0,51.916734343550615
51.0,81.18635058652177
61.0,62.9237700647393
61.0,67.76163944551053
62.0,66.13824213123456
62.0,83.86570115585687
57.0,62.77282076922813
57.0,75.81724334358489
46.0,39.40141248628879
46.0,77.21975540684628
58.0,61.49221824118115
58.0,85.17883495046704
74.0,76.40941403838593
74.0,60.977752932371516
56.0,49.16140158460979
56.0,74.4706211816333
61.0,64.16512958339678
61.0,74.45257230825388
56.0,63.46155562022824
56.0,82.9681927832238
64.0,65.9008051186895
64.0,55.38394574817801
49.0,47.3845850694679
49.0,50.097730455457224
81.0,89.76857028757985
81.0,61.866871636351846
56.0,56.92404209996829
56.0,83.37490454975654
74.0,80.1055693544618
74.0,63.26178371442472
81.0,88.80334875910609
81.0,44.018576357371614
48.0,44.20944657713619
48.0,72.2206050224313
44.0,45.61830865367159
44.0,14.291933554942716
76.0,80.02723322974771
76.0,62.04553688581399
48.0,48.95743198565225
48.0,68.60329269243556
73.0,77.92726930518342
73.0,70.08424542479827
61.0,66.48146022748546
61.0,13.348206399975766
52.0,56.19246773410896
52.0,64.32291166721035
53.0,58.19971748652978
53.0,32.30498660704387
67.0,71.99310169907386
67.0,50.721199974232604
19.0,19.200897362272542
19.0,24.675468063315805
64.0,68.88050496564694
64.0,34.073557399515096
67.0,69.07065545586681
67.0,82.97053111844019
43.0,34.946054846353604
43.0,66.0612770483105
60.0,62.90060456367104
60.0,37.30845242567233
65.0,70.8204176291623
65.0,58.501968504580645
55.0,58.25547112682665
55.0,59.1832044606478
64.0,66.68832304910234
64.0,68.27081575679705
81.0,89.7771533545473
81.0,65.13714311033709
59.0,64.00985800058476
59.0,25.158393812761688
63.0,68.42732441168909
63.0,59.00443735360295
49.0,52.305685999451725
49.0,43.8772306179103
74.0,82.22785427449708
74.0,81.55066093958737
39.0,31.661273211240314
39.0,74.1519062919865
79.0,86.68313335166835
79.0,79.5700409373095
72.0,74.17988075423284
72.0,58.77642075275298
62.0,69.50880565923495
62.0,20.124429685965083
50.0,48.34130480766606
50.0,77.70440248093962
62.0,62.11671023332235
62.0,53.904511488171465
55.0,56.39106009089568
55.0,88.96949486466394
63.0,65.29774201921441
63.0,37.507464009784655
71.0,75.95879531728536
71.0,70.27564944014472
71.0,76.5446716149238
71.0,78.2988772008095
76.0,83.4286191538556
76.0,65.04707943596514
39.0,34.70721212342477
39.0,72.30121306567821
65.0,69.28777161201805
65.0,58.84668638985522
77.0,83.81798708702775
77.0,40.97799845206532
80.0,86.31050908257617
80.0,42.51970766598049
30.0,35.120375809265454
30.0,88.40477327581954
68.0,73.38675432450935
68.0,74.01452008524097
45.0,46.81132262311286
45.0,84.13916620381582
57.0,56.314376694304315
57.0,66.78191104150488
34.0,36.170848925106554
34.0,29.79944932049324
62.0,63.438155819843246
62.0,61.086793987267924
77.0,83.6022240165405
77.0,48.97325356084116
51.0,53.716721719193174
51.0,46.04201060301847
29.0,18.527532623813727
29.0,81.1244703631877
72.0,76.18594587539968
72.0,74.24062399101655
40.0,43.14323325647251
40.0,74.48593819527076
74.0,80.32245482452953
74.0,60.50638684122907
49.0,46.95000433510842
49.0,67.37530189440736
47.0,48.26067092750168
47.0,71.1745611899924
60.0,62.74693884728521
60.0,74.03463041709637
75.0,79.79633139215622
75.0,7.225062583593001
48.0,45.332536227264086
48.0,42.3881318030264
63.0,67.41174136966401
63.0,75.00044296536328
62.0,64.37867843028516
62.0,66.48396274774916
42.0,33.11575655749385
42.0,46.19174877708713
65.0,67.57777826584203
65.0,53.34277393328165
55.0,56.6979004194294
55.0,77.41276531437467
40.0,32.075355357523335
40.0,55.26707999677569
64.0,70.55519385349737
64.0,66.11768465998222
81.0,88.41929409468156
81.0,65.46971160543967
37.0,33.85497353305783
37.0,62.27079251238615
64.0,64.42564555721088
64.0,77.7144687646097
71.0,79.05380385742063
71.0,84.66075435838951
75.0,78.86415124712767
75.0,84.589409455203
57.0,57.11702999412307
57.0,30.66840089378934
33.0,27.459162962748053
33.0,61.82200442192982
51.0,46.10223934864297
51.0,69.44102701038065
73.0,78.16952171404063
73.0,70.35093210309219
64.0,67.93134533421016
64.0,47.8062297446163
48.0,52.863898885912306
48.0,75.54255296528811
78.0,83.06058004776759
78.0,53.29944177338774
42.0,42.56390666789514
42.0,76.36545803058885
53.0,53.1213751849163
53.0,68.58779756640735
80.0,88.49531338214683
80.0,79.4591851266253
76.0,81.89420541294083
76.0,31.207837197069978
57.0,58.45086099192821
57.0,40.64521548322057
66.0,65.98447288437347
66.0,69.23475686203824
59.0,57.16203801911877
59.0,70.00523536215962
14.0,7.597754926543814
14.0,60.771524589527814
71.0,76.64365594438954
71.0,70.65422162012959
77.0,83.33684249140259
77.0,62.156896314733274
59.0,63.44686471502365
59.0,68.68343027918291
77.0,84.92491693987802
77.0,85.48560002447732
68.0,72.57251922570413
68.0,69.26088714540805
75.0,80.65775374663883
75.0,50.60566158505577
72.0,76.32711741076344
72.0,62.03400445200106
63.0,67.02930759853137
63.0,83.79188290343149
43.0,40.3786667568578
43.0,73.17504029263245
66.0,75.56429330723199
66.0,41.52847999523789
68.0,74.65600878109524
68.0,76.22715089771327
60.0,60.794966646938406
60.0,23.927749675608936
67.0,69.84920895389155
67.0,66.6611073627738
49.0,46.9479448659543
49.0,70.54834102840454
71.0,75.50832322021432
71.0,76.17235014325593
66.0,70.2619498646605
66.0,69.02393482635955
42.0,42.48629355672841
42.0,63.2569374151999
65.0,72.59307743123418
65.0,72.1237063519763
68.0,71.85174569956587
68.0,75.6931608179504
47.0,47.67686309774308
47.0,89.47156062205829
71.0,76.47229412300908
71.0,74.3771800196651
69.0,77.07138247386064
69.0,68.50933637923856
60.0,60.18556363952598
60.0,32.19589081731681
67.0,72.53364231194502
67.0,60.176230538944935
76.0,83.0993503670474
76.0,53.56315091739697
55.0,59.8772503860265
55.0,77.26386117524214
61.0,64.77812315562306
61.0,61.85032205951495
70.0,76.55722087713241
70.0,55.894364732957285
47.0,50.65257388891729
47.0,34.68137699345908
68.0,70.70900539928459
68.0,64.97052670170706
71.0,74.05648769808221
71.0,26.98648989251268
34.0,33.102657532849435
34.0,76.38565398566271
73.0,80.02648221358987
73.0,59.45224874643452
68.0,72.6975313350294
68.0,86.114418040869
66.0,69.39130907141015
66.0,78.16969837843328
62.0,65.93161699484773
62.0,47.714605991678695
67.0,70.27722405830173
67.0,75.34506140696885
64.0,67.70072528861198
64.0,64.43399325055464
72.0,83.1935681991323
72.0,85.97798188954198
70.0,74.79653480006607
70.0,30.268768753352845
34.0,32.22780412499526
34.0,-2.666690649489624
67.0,70.48333724595744
67.0,87.17096714109675
76.0,81.63085888843369
76.0,78.53349101480478
48.0,46.03957196468065
48.0,53.799112432545826
73.0,80.22685444423536
73.0,31.011276643014526
62.0,68.21771383624161
62.0,75.03865609141184
69.0,73.56505615779997
69.0,75.76867296342311
59.0,61.17373279973816
59.0,88.26471386501385
40.0,31.891118819300402
40.0,34.227302379125376
45.0,40.81228993774505
45.0,65.94719897491103
47.0,48.307587545525735
47.0,85.03444999657216
70.0,77.09041099766887
70.0,7.361306533596348
55.0,58.17250681213835
55.0,52.31664645163187
35.0,28.814069177583747
35.0,75.73164089296284
44.0,41.11064882443367
44.0,78.55877686611058
50.0,56.37624302869517
50.0,86.9424398507216
50.0,42.51643978063328
50.0,48.22313511360096
44.0,42.656262083689114
44.0,56.09376738768964
61.0,63.4758189751127
61.0,51.603532062978445
74.0,79.66390698596359
74.0,60.948113447802314
62.0,63.57895142681059
62.0,63.09160906925234
58.0,62.37542496339529
58.0,81.06271522950851
34.0,25.295872661861722
34.0,78.91506449734214
55.0,55.66962866286849
55.0,50.39255959820969
77.0,80.91010510750425
77.0,52.85527047067296
50.0,58.2199102226989
50.0,34.63356434144845
59.0,60.59385920480236
59.0,52.25805584962791
60.0,54.16182640141449
60.0,36.07179230922668
37.0,28.0927328649081
37.0,78.36642247839637
33.0,26.48431929989323
33.0,71.20035189483553
67.0,72.06462984616775
67.0,92.3833416981393
66.0,70.81660906093924
66.0,83.7838891788872
26.0,20.030772765178426
26.0,67.80771883506748
45.0,46.941536443561404
45.0,75.27934331642672
68.0,71.78002882982133
68.0,63.91766623682474
72.0,77.84237620710445
72.0,5.92694030390885
17.0,10.156709789094236
17.0,62.942159827265414
76.0,80.19980762522772
76.0,44.13380691641106
43.0,37.14326068067061
43.0,82.42081810938811
71.0,76.48955816777885
71.0,32.99995928204419
66.0,72.08111474187552
66.0,71.94427897810135
59.0,61.05145980771459
59.0,65.62540914094626
36.0,34.65575304234068
36.0,8.997039390438033
72.0,78.18737797656763
72.0,64.9636755182213
42.0,45.1715749469368
42.0,67.15347337921105
64.0,64.89838737759743
64.0,66.75000582888072
61.0,65.62718370788463
61.0,44.36617619006216
67.0,73.1630210904101
67.0,82.8698330970364
26.0,24.639556034282066
26.0,54.47619596307362
78.0,83.70665126778533
78.0,31.68556042654069
46.0,46.26474021801249
46.0,21.69591104835274
53.0,50.00624096108788
53.0,39.6196455248425
67.0,69.14764581316973
67.0,76.04008546920966
37.0,34.85141958029675
37.0,69.862223930207
69.0,73.5413985969576
69.0,74.03799113691036
58.0,63.07162774322995
58.0,65.64902310718276
61.0,67.27034081853748
61.0,60.343071299757696
72.0,77.28445854839066
72.0,80.68907971628909
49.0,49.35652495226179
49.0,55.26597333041417
36.0,33.862174026290745
36.0,75.07441325736283
74.0,83.22138838810412
74.0,51.95867457928159
70.0,74.4004265453172
70.0,57.15907435527362
53.0,52.455194913366654
53.0,75.39732632001216
72.0,78.10198298834553
72.0,80.80421154607245
64.0,67.88158234525207
64.0,67.89776271990502
61.0,62.892717374918504
61.0,44.90450418301202
64.0,68.87079883963048
64.0,69.49916876267605
50.0,46.98347589838727
50.0,60.192351112234746
80.0,85.67555654710998
80.0,65.41012096546211
55.0,58.74682963148251
55.0,71.88415291232764
67.0,70.16545315229877
67.0,67.1438850236359
47.0,46.454039324778364
47.0,60.17428513206244
78.0,87.37051722703063
78.0,74.72682669583179
74.0,80.8988168681625
74.0,42.829494748605214
65.0,72.53769161671767
65.0,54.71058790847445
68.0,71.05704262409836
68.0,43.48077875991055
76.0,80.98903832687569
76.0,52.3172662678254
32.0,19.947485835382338
32.0,54.2313892505378
47.0,47.0909601880212
47.0,43.526034743181185
27.0,20.33290500281521
27.0,58.050678874042546
71.0,77.21200649168594
71.0,71.79086935696955
75.0,81.32697097400649
75.0,76.25884946379881
13.0,6.283099385150933
13.0,78.99235781657717
41.0,36.96099938870458
41.0,31.824249181944992
72.0,82.23403758377384
72.0,68.53784076994083
65.0,67.92581527671518
65.0,60.95781179259376
59.0,58.494337030428085
59.0,77.4291592945151
47.0,45.4986785670128
47.0,85.00124588566467
67.0,70.92161856486587
67.0,83.87257081423104
78.0,81.87256477788077
78.0,78.73778761157524
71.0,74.7550293793181
71.0,63.72446144115736
54.0,53.576643848372214
54.0,74.61548063064703
57.0,56.55156101115773
57.0,77.2312322569764
57.0,60.76142635309759
57.0,79.00106247004527
55.0,56.89380879493109
55.0,31.94923621753452
60.0,65.92787428821049
60.0,68.53413204851444
61.0,60.1044530056875
61.0,56.78338339195233
62.0,64.90497747072146
62.0,70.5701575337946
68.0,73.43525328211206
68.0,46.82564356385484
77.0,82.96277985767165
77.0,80.91227304634492
62.0,64.06301949295056
62.0,74.7170594153992
51.0,55.0846261494043
51.0,41.671112096642446
60.0,63.55469437537698
60.0,77.54763765306882
63.0,66.76411993910881
63.0,62.77440925276545
59.0,64.83356331230812
59.0,86.44917759597024
41.0,38.526684670661666
41.0,85.98799758386542
55.0,58.811898861036354
55.0,58.276871082887624
77.0,85.14272787279475
77.0,70.46422330457602
62.0,65.64379591351866
62.0,61.86612301622398
58.0,58.53257214328784
58.0,47.3959886719432
68.0,73.01349975297376
68.0,91.07486868811031
50.0,54.98132506828591
50.0,63.52737132305822
63.0,67.91434223847386
63.0,61.20039129172642
60.0,63.96459142489101
60.0,72.65180610839946
73.0,78.3540870409256
73.0,19.700460934343425
68.0,72.82905426080498
68.0,70.97488268141512
71.0,76.40306837441693
71.0,46.83746028238335
67.0,70.69409737279693
67.0,81.05029225707125
63.0,68.11078651516533
63.0,68.58564449784836
71.0,74.94519047657678
71.0,68.84885249836583
36.0,37.47471244054458
36.0,32.71872902740637
76.0,83.01441863441096
76.0,41.63552187598253
60.0,61.670282166603045
60.0,65.34678431910726
71.0,76.30033350199403
71.0,56.841505920136285
65.0,70.38550887735693
65.0,22.739695812334503
72.0,78.39247037779091
72.0,71.02588380301825
59.0,60.18125647987887
59.0,32.73244177799114
69.0,78.82155220501636
69.0,55.169436176504064
76.0,81.93210372479439
76.0,57.93369488448445
25.0,16.67706799036813
25.0,85.74369953938395
74.0,81.58324107977967
74.0,40.332613016384585
27.0,29.37411140103353
27.0,5.1143074570899785
44.0,42.4928087783955
44.0,50.0527002773494
74.0,82.00946186764395
74.0,64.82770708660695
44.0,50.35440206761439
44.0,67.24359980923532
83.0,89.61516946140353
83.0,62.05048414239775
71.0,79.14482625849689
71.0,48.627862683890385
66.0,68.25640258785899
66.0,72.12520006313162
44.0,41.420017354717345
44.0,22.292043924701943
69.0,75.31203712486581
69.0,59.64843634453638
57.0,55.90563517091937
57.0,69.32285629662226
60.0,60.19562580071215
60.0,64.34356824653798
37.0,32.04501604907102
37.0,82.22500010228663
66.0,66.1607936105928
66.0,42.436008418802146
59.0,61.43586055718703
59.0,36.95704748906297
72.0,73.83892669469532
72.0,75.86131590363306
65.0,65.30948555820424
65.0,27.904020459790047
44.0,46.652930866424924
44.0,73.60766867592764
38.0,42.05721423187509
38.0,60.09025330600389
72.0,76.29143957074064
72.0,70.66491285270416
67.0,69.14284040450752
67.0,65.64023599037898
23.0,21.041372237924236
23.0,74.8686213425301
54.0,56.3200485490338
54.0,67.09698163174329
58.0,58.756676024429225
58.0,45.05766940042429
70.0,74.99700810074398
70.0,59.014212840553796
74.0,78.54118149042262
74.0,26.78463446017571
59.0,67.82689264708591
59.0,69.34743722211954
67.0,71.2547310835551
67.0,72.66164779081925
78.0,86.8521010507747
78.0,80.98545785051658
71.0,76.0095753209834
71.0,60.85189448690181
76.0,83.1085724534309
76.0,80.16980023831309
77.0,79.5226681250125
77.0,79.24023442200416
55.0,59.612887595081475
55.0,24.689688662857577
70.0,77.72918706344194
70.0,87.05801918972946
58.0,59.20179010950966
58.0,65.12047081973805
67.0,71.03148633902441
67.0,62.77523396901938
25.0,21.026073632063117
25.0,77.55180139750638
38.0,40.26884525602969
38.0,72.40518105687079
64.0,65.32177798994388
64.0,46.45444386832145
65.0,68.99243243125613
65.0,51.99975196703525
64.0,71.2647787183646
64.0,77.93472725219374
48.0,55.99325871948918
48.0,63.78130502485976
49.0,51.40653313123755
49.0,73.87217999810491
63.0,64.67890102642656
63.0,-0.7019046488408094
28.0,29.067720292327294
28.0,43.77675030826367
68.0,73.00604805269057
68.0,36.89020180896068
67.0,73.06534007474909
67.0,81.8563534069923
70.0,74.09914745845009
70.0,21.69591104835274
77.0,83.15823854432995
77.0,25.11111494634804
58.0,60.32439091016573
58.0,66.69408822867643
77.0,83.42306303650429
77.0,67.10277973752744
30.0,20.239762921341708
30.0,60.97843660066832
52.0,54.021579631141094
52.0,46.61732949092857
33.0,32.605762479121836
33.0,69.50287826249308
64.0,71.94286954053922
64.0,81.68034271790333
39.0,37.67859949432557
39.0,23.521127998417626
25.0,6.229784834331781
25.0,34.56227723430112
52.0,51.30714773984863
52.0,76.33771889352823
30.0,35.120375809265454
30.0,54.7011551381147
63.0,67.23107835703195
63.0,33.75462253296348
62.0,68.02095417442871
62.0,39.02342078849284
56.0,59.03352121332972
56.0,84.77512666499717
64.0,65.8352137105345
64.0,11.69869516387132
69.0,75.5783831705055
69.0,83.16088091377918
48.0,46.70685168552848
48.0,33.95928218058401
61.0,67.4733511735077
61.0,61.34208708879004
66.0,71.88597671114246
66.0,66.55921100888031
60.0,58.33010121309496
60.0,63.530151497591646
70.0,73.99043057717546
70.0,70.82321151383599
61.0,65.6751989190771
61.0,76.03332017969188
54.0,53.33517971041795
54.0,56.64716190786311
26.0,27.847838081604493
26.0,8.837468583549764
52.0,53.91463596104438
52.0,66.37836116379725
66.0,67.8658856710532
66.0,57.329799716766445
64.0,64.49309281047152
64.0,74.84962420076852
75.0,81.37141809321463
75.0,77.0051333971403
63.0,65.59583164130868
63.0,62.9504181994709
81.0,87.04750091714845
81.0,28.6924014093118
45.0,42.63972451170156
45.0,64.03506402337376
59.0,58.29464553675547
59.0,27.494048788555517
64.0,68.43642911382989
64.0,66.50892328786733
48.0,45.63354838126679
48.0,49.426463046522315
54.0,54.745612764563475
54.0,78.07861730276858
46.0,44.693007195510745
46.0,88.59357518872332
56.0,50.53580685922418
56.0,72.16671418945685
36.0,36.09556355181758
36.0,70.07854340695508
31.0,33.98733651067937
31.0,58.91314754423723
58.0,61.42594609668578
58.0,75.2358870003988
61.0,63.09542889690971
61.0,67.249878111091
62.0,66.47953930158127
62.0,62.165293036382536
58.0,59.444964157314814
58.0,88.72633816550723
36.0,34.110548859780295
36.0,81.63126659715459
64.0,65.91082200925166
64.0,38.62427059634757
54.0,60.0954852639793
54.0,62.66499308920771
73.0,77.0601418285226
73.0,59.86054561375886
67.0,71.98491737354539
67.0,84.29769887674922
55.0,54.00689476117657
55.0,50.185281340797985
63.0,67.17763886900542
63.0,33.57802618793522
81.0,89.99857664080326
81.0,73.59466469158593
60.0,57.3252953084384
60.0,72.24250267013531
42.0,45.663996726637436
42.0,41.235806284931016
18.0,15.16964863642869
18.0,71.0976294752819
80.0,85.23910634363489
80.0,64.05560910140963
73.0,80.1145417648774
73.0,72.23555881324319
44.0,45.532031436448676
44.0,46.08876122864723
49.0,44.3315750790519
49.0,79.15541025779459
61.0,66.59765596899348
61.0,67.7462799141876
56.0,59.49107089971267
56.0,56.10106182703305
39.0,42.74531195439084
39.0,78.02623882284303
67.0,70.62589860219009
67.0,74.44087785835148
72.0,75.00199825055427
72.0,70.29394254595974
37.0,37.45259355863857
37.0,85.95873404736085
47.0,50.53783277236124
47.0,44.68435897452446
27.0,19.668253002974495
27.0,71.24620017614353
66.0,68.51658829858496
66.0,71.46920262711899
71.0,77.26290315450103
71.0,80.75870895649285
65.0,71.12430696915789
65.0,41.06373834594615
65.0,66.09583836478697
65.0,32.90940525943728
62.0,62.73862201340239
62.0,94.07879172167878
71.0,75.90936679832095
71.0,25.880786715515512
35.0,36.12464130935723
35.0,59.62187059142144
60.0,60.58642290630786
60.0,55.269460809454415
71.0,73.45393238479994
71.0,65.70649354591728
52.0,58.95129913579456
52.0,83.41604621139396
78.0,82.82652599530724
78.0,0.28525453554954083
45.0,45.217870514712615
45.0,49.23620380514399
55.0,60.50879103999131
55.0,46.71535852879168
41.0,38.032413309723836
41.0,68.27874599630496
59.0,60.787586352274786
59.0,68.33184769882627
45.0,43.850202671596094
45.0,71.71820272138484
52.0,51.505762620424264
52.0,56.98930578256852
47.0,54.00329880142465
47.0,38.509756819515076
72.0,77.61421257776624
72.0,51.046442914834586
42.0,46.141727733229004
42.0,53.555151001950264
37.0,32.04501604907102
37.0,50.622523173224124
69.0,75.5152151263485
69.0,91.89796785824029
35.0,32.28862656293643
35.0,66.23959889099098
67.0,74.14030918235335
67.0,54.84979747420982
72.0,78.71144289620406
72.0,80.77162870369477
86.0,92.42408627602765
86.0,66.91136499712081
66.0,74.15035473429566
66.0,73.00648865182325
25.0,27.004910359352493
25.0,48.961213191052366
47.0,49.265879168105585
47.0,85.48309405937897
54.0,56.32221653690635
54.0,83.88647245615607
44.0,41.12101434011646
44.0,86.12789078108636
58.0,62.748713289174134
58.0,60.67435746225897
63.0,64.75019060023772
63.0,56.249154740168535
78.0,85.9686759073154
78.0,55.47648120715752
65.0,72.39467970748723
65.0,77.75760112635857
57.0,61.69880911469335
57.0,56.20605614469804
75.0,82.6090020454925
75.0,67.75773060684128
75.0,79.21335485664474
75.0,28.40801050721052
81.0,90.1021393723845
81.0,50.89110400878059
44.0,43.25171104886118
44.0,63.98189608999246
38.0,38.9184347641563
38.0,85.53568539974043
70.0,75.57276992601032
70.0,81.72785054302926
71.0,77.73040327458432
71.0,75.45277939442417
58.0,60.65526645658929
58.0,80.89839939397092
63.0,67.52739182619513
63.0,75.6274318448248
60.0,63.77905315614407
60.0,83.44505833626567
56.0,58.48707460703133
56.0,73.88602991938984
64.0,63.47839534757685
64.0,82.95575216358606
68.0,73.2021343078116
68.0,83.65748955163923
58.0,57.2891191709237
58.0,64.07340728607056
51.0,56.42936811675031
51.0,54.79179043825616
78.0,82.87183254677353
78.0,74.67417787525204
64.0,67.38747384965984
64.0,60.44141641115232
67.0,72.82994359152985
67.0,13.249919012011787
57.0,58.96467435760911
57.0,71.69127381682154
60.0,65.78341822413307
60.0,68.05952815523614
58.0,60.478567472760005
58.0,75.922366048811
37.0,31.479407295071496
37.0,73.0473497288325
64.0,69.11339317971931
64.0,63.02427845603347
67.0,71.46009083904477
67.0,70.69542788139523
68.0,71.1595100641457
68.0,72.3222220795978
50.0,58.572925753080085
50.0,69.07104764649165
32.0,32.79160170202772
32.0,77.78952516424067
69.0,74.95400886648395
69.0,69.82945183172512
29.0,33.687710237700344
29.0,59.67766133109262
66.0,72.69162133985895
66.0,61.19511778607006
26.0,22.62857515259043
26.0,52.23230922799081
47.0,47.85831102968666
47.0,15.828454747325338
62.0,69.83496341391151
62.0,81.36762958572695
74.0,80.9573758060231
74.0,80.46346831759587
57.0,57.25239892572472
57.0,80.7744027759523
74.0,78.3904170560686
74.0,70.18620759084837
57.0,59.91963093502869
57.0,74.84466632946601
36.0,35.08275056536371
36.0,85.06768149486021
77.0,84.59777513982641
77.0,78.48331109929563
65.0,73.21624933323096
65.0,50.4905707119957
65.0,68.9673717480041
65.0,70.69270731190511
77.0,80.79022288214668
77.0,43.09675485911674
54.0,59.32548802041157
54.0,9.662775784781559
53.0,53.13181081926524
53.0,37.036372405537065
40.0,44.41738496818999
40.0,64.1853221933689
73.0,81.08037679674158
73.0,62.18227854988288
41.0,37.521524815077555
41.0,78.54887230448247
78.0,84.90761310678818
78.0,67.98346230432679
65.0,64.36099764154937
65.0,67.41752391733519
71.0,75.73939537965089
71.0,78.59922675652552
63.0,70.35405831543721
63.0,58.339141405460055
45.0,45.434322103731006
45.0,66.03142969308249
64.0,65.428762791736
64.0,12.239452779815053
70.0,76.16718928918061
70.0,80.6460406906761
67.0,67.04116504629502
67.0,13.782449044377472
68.0,73.7563193177482
68.0,80.47323280906437
65.0,69.4390616196917
65.0,47.46556647576455
67.0,71.42644773884035
67.0,75.77334079153042
37.0,37.14945478004307
37.0,75.55131913516243
73.0,79.62827833290874
73.0,67.46086481726002
62.0,64.81503766747409
62.0,23.52122329826517
73.0,81.58252782636242
73.0,82.6640868025379
61.0,63.488343821726005
61.0,69.91020193769936
39.0,39.75040922977581
39.0,47.457989261177374
76.0,80.74797069972453
76.0,79.8611837700924
61.0,68.04336751589955
61.0,50.11250571783023
62.0,64.6744353079348
62.0,76.50891359247515
44.0,42.16883796937719
44.0,64.73052376337182
51.0,52.27213199909215
51.0,82.92999620787702
7.0,3.728828676468993
7.0,64.4859116197917
57.0,60.59173580852513
57.0,84.26471521088604
72.0,76.01766833850724
72.0,76.90198114744737
43.0,36.2741320003027
43.0,37.63199590284137
62.0,65.9922020136691
62.0,54.66618479704863
76.0,81.84837020849795
76.0,82.75958965018918
80.0,89.85815795553452
80.0,59.56986656609172
66.0,71.47295986210997
66.0,54.36686381159751
47.0,50.73110550081185
47.0,59.27363395071518
79.0,85.41377334895867
79.0,70.99980825211827
55.0,62.092794124948114
55.0,40.09753088675063
63.0,67.37574552913509
63.0,81.0694378276217
69.0,70.29551964685294
69.0,30.738951325107337
45.0,43.70231919362925
45.0,80.39382409763857
68.0,76.62779609117837
68.0,60.33403608873539
59.0,58.79746338556913
59.0,53.7145083461437
55.0,52.926225450726065
55.0,48.71710920698939
77.0,85.47554944374582
77.0,59.98740836690479
63.0,66.1070112160076
63.0,80.92147132796157
67.0,67.67005918402367
67.0,38.82493476427442
69.0,73.42198352355354
69.0,78.7927269589498
78.0,85.36825931477733
78.0,75.72160793313736
75.0,79.93275554233452
75.0,64.32959723703357
68.0,73.04642566922888
68.0,70.45039083661129
50.0,53.577782721268704
50.0,75.40732860471167
52.0,50.78536211204738
52.0,75.63592811141353
62.0,68.62383824977479
62.0,69.99103950344261
63.0,69.02696592777414
63.0,84.02768115052447
84.0,92.59386951079455
84.0,69.32026639427158
73.0,79.93776213391544
73.0,31.12060972832421
54.0,56.91931114435596
54.0,76.10244216516145
69.0,72.53990748658578
69.0,28.040466393180225
71.0,78.1145191174665
71.0,32.19589081731681
76.0,83.09425499231719
76.0,62.704411109647026
67.0,73.37957271071303
67.0,81.11612909745321
62.0,67.26592396695713
62.0,42.397566937975455
74.0,78.20201043186427
74.0,77.9883558212652
20.0,-0.4375567967062466
20.0,37.601368726250314
75.0,80.35517732057565
75.0,4.507175964741691
63.0,67.25353873954231
63.0,46.79728960248832
55.0,56.90632386989688
55.0,73.5290111524194
63.0,69.92155286105128
63.0,17.467382861054432
34.0,32.29487721009707
34.0,16.345686729083297
71.0,73.66115398636106
71.0,74.12795058765727
70.0,78.66124586320393
70.0,59.5198659574645
81.0,89.42863200633872
81.0,54.11438710550664
59.0,61.675690132157456
59.0,87.64653920271797
69.0,74.25263736833273
69.0,38.626576893109075
61.0,65.13413347624197
61.0,78.05745584593978
81.0,88.47109949905303
81.0,59.30054339905627
42.0,45.62501735636931
42.0,21.092364562712362
67.0,68.33040874269602
67.0,75.8720324259632
48.0,47.78503475999747
48.0,39.27056341327835
71.0,78.2305301073124
71.0,75.83136328371694
76.0,81.60016374224062
76.0,54.391522630945474
55.0,58.64523133582236
55.0,83.43777511964083
72.0,77.75803828658053
72.0,74.60620973485044
72.0,80.56112606172746
72.0,62.653732673450804
68.0,76.84204056389962
68.0,81.58165063022352
60.0,62.161646186163296
60.0,74.68271600432621
75.0,81.07346961885031
75.0,60.098690274231444
64.0,72.54619359693908
64.0,24.963520113924062
61.0,65.77980532862392
61.0,63.80719879148995
13.0,15.626663937959279
13.0,57.34393036877037
51.0,48.191315902250096
51.0,50.12407497474214
73.0,75.84733141023202
73.0,55.90172790558387
52.0,55.70005463910218
52.0,68.56702483658796
70.0,72.28966019438536
70.0,70.98245685946523
47.0,50.01762657196906
47.0,59.632944372334066
28.0,27.221251558873632
28.0,76.25139114995739
63.0,69.26742791935942
63.0,76.23754743981368
73.0,78.81138046625915
73.0,61.48274993212641
64.0,67.73809805817962
64.0,42.09706924166187
40.0,44.1672672045882
40.0,77.17815483459805
64.0,65.05241386976581
64.0,71.17209178827056
41.0,39.97412940517927
41.0,70.91903261557997
33.0,37.7780622665594
33.0,46.709968579541226
29.0,15.833247901523919
29.0,30.862285405466537
20.0,27.316026542005886
20.0,54.31837287667412
58.0,63.46430154030736
58.0,79.48180251232776
73.0,76.80468183304049
73.0,68.2289993929993
66.0,69.46944234689505
66.0,69.27018190263487
68.0,74.08523932959974
68.0,80.26666682290829
25.0,19.745549001252357
25.0,66.3191455640715
34.0,24.282453504035743
34.0,72.48427719301952
45.0,47.78792873674462
45.0,67.1884378816477
74.0,79.53391024417101
74.0,71.0725866858021
58.0,57.770012059146325
58.0,75.73583471392715
82.0,91.29981389246461
82.0,72.97231664826944
57.0,59.305394705591596
57.0,60.98070833922014
64.0,66.76895913689162
64.0,75.15894499166632
63.0,63.116243091167405
63.0,81.21713993635626
73.0,79.8985416665887
73.0,28.215665532030698
70.0,72.4552824355041
70.0,26.544627224493354
63.0,69.03994562459428
63.0,80.3292628496792
64.0,66.28265519571096
64.0,69.38971278408172
47.0,49.49702813399227
47.0,62.85940933951531
66.0,71.55843805944323
66.0,71.96340910614015
71.0,75.4724370724037
71.0,83.3202544741452
69.0,77.52548048985716
69.0,30.382559876004052
42.0,47.99225493107724
42.0,49.94570812321035
75.0,83.90390424860959
75.0,62.91004850942403
79.0,85.84459178428318
79.0,71.25430988492786
51.0,59.532775811021736
51.0,10.596380707623155
74.0,81.25112618766923
74.0,76.95489528886208
42.0,42.015014118012004
42.0,68.5045546524077
42.0,30.510345993838712
42.0,57.908322727209054
44.0,47.18975699204981
44.0,78.58932551095091
64.0,67.83978442223639
64.0,80.27143653039178
63.0,66.64195356881231
63.0,54.69237093670864
62.0,63.49066369339607
62.0,64.39104294235432
71.0,77.64574829412584
71.0,71.86362966977072
64.0,69.38214795493724
64.0,75.57846972621775
69.0,73.73085938248931
69.0,60.553034335341636
63.0,67.41876491011664
63.0,58.803566759243665
48.0,53.80004234490394
48.0,45.08136983445684
65.0,69.81551312275275
65.0,52.61272373582011
64.0,66.5124708637411
64.0,84.67088830036954
59.0,61.64823013270268
59.0,30.520170017635223
67.0,73.661296654566
67.0,83.14891768443067
31.0,22.835145794351604
31.0,69.88968435866252
20.0,20.2592624729985
20.0,85.23136593845277
63.0,69.16875218032709
63.0,68.11333369948153
59.0,63.036307323979486
59.0,50.21152897015958
69.0,74.0423333718038
69.0,78.680810483281
75.0,77.95734748688773
75.0,62.33853030586931
38.0,30.992854189517004
38.0,73.86585934706022
65.0,69.19909628293408
65.0,69.53222056392673
56.0,62.14554794372589
56.0,44.941660373523405
66.0,72.1032471683398
66.0,62.135216479895064
50.0,49.62822169150263
50.0,73.59671122025156
68.0,69.9805514377403
68.0,69.35009553724075
68.0,72.68926902311085
68.0,34.55799025829418
68.0,69.85272678485853
68.0,80.00105305358744
68.0,77.20317217506812
68.0,38.73331282697325
17.0,13.417467123830193
17.0,74.57380811874498
49.0,45.209789951139555
49.0,57.55623333090756
70.0,72.46209395411972
70.0,55.408967711665014
71.0,76.15931451750157
71.0,57.67966909522187
66.0,68.28995830397582
66.0,62.89639099250758
38.0,30.98259450186066
38.0,77.62781041433942
71.0,74.90223056066304
71.0,65.27814109212886
64.0,71.63170659157976
64.0,78.71190934668402
71.0,73.49143712623066
71.0,19.931147674703823
62.0,67.2820271371815
62.0,90.40183471123572
69.0,74.42419108253677
69.0,67.5215522474819
78.0,81.21209734665763
78.0,53.685014282906366
60.0,64.72962707368202
60.0,52.751852962044495
48.0,48.862009890957665
48.0,68.3051666837734
56.0,56.33504611973751
56.0,69.94420118982276
78.0,82.59396092129026
78.0,8.120203288683456
37.0,25.411158387257387
37.0,81.02578511419142
28.0,24.542113746947336
28.0,81.02081747495077
45.0,44.026260533898494
45.0,77.803215498648
63.0,66.724603097147
63.0,74.45739178566765
65.0,68.22864350555062
65.0,75.14722291566096
57.0,59.48804927788848
57.0,76.71260636546856
25.0,19.800370673963016
25.0,36.64738495107383
64.0,65.35203152531517
64.0,44.55806769313381
69.0,75.45319440772874
69.0,61.742449600350994
61.0,60.94210447582441
61.0,82.45979946690039
71.0,78.47299003147327
71.0,40.70767346618521
55.0,56.21502648404146
55.0,39.663577062027855
58.0,62.781278612421545
58.0,35.25759172284961
53.0,52.433930601523286
53.0,67.22546481611613
56.0,60.71149713339594
56.0,48.34777405832966
63.0,67.97053264329196
63.0,65.33556145818159
70.0,78.00478802017273
70.0,63.62563571196296
58.0,59.42068946326003
58.0,79.93663410568132
61.0,66.33947698148643
61.0,37.35097066557154
75.0,83.36954624867502
75.0,60.37719648652023
46.0,48.88520057465905
46.0,57.33809497504808
28.0,31.45536396646196
28.0,26.87496239314737
82.0,89.12259008781189
82.0,60.474901925622476
67.0,72.90486277231668
67.0,70.96293393945058
61.0,60.57056800322283
61.0,68.44215141868585
49.0,49.961648460440244
49.0,50.28492312137621
49.0,50.71411308807711
49.0,87.29705571014546
76.0,83.41969776544602
76.0,79.62729048397705
45.0,40.71981006545025
45.0,62.39479567567605
41.0,36.752951112309574
41.0,59.404402165465285
69.0,72.34227475848394
69.0,79.41103610954838
46.0,46.03818370428411
46.0,66.55917049154226
77.0,82.38747685986618
77.0,83.9344205027013
51.0,48.67135981455726
51.0,78.43556317562081
63.0,66.07248522547889
63.0,83.01864942380297
72.0,81.09530407817721
72.0,75.26865069611466
55.0,57.70367642095988
55.0,70.54293935074702
33.0,32.410726800568796
33.0,76.35262141138298
36.0,31.36236018964604
36.0,89.70451275890628
51.0,52.34134215112164
51.0,31.28714704674195
50.0,48.16648107464721
50.0,76.70673636499322
72.0,76.62490329296884
72.0,44.24725752049835
65.0,72.2477376335035
65.0,66.98840254202321
61.0,66.26626539561119
61.0,69.14294580701068
60.0,58.522904964862505
60.0,66.39733804728303
72.0,76.4730953211241
72.0,35.2588061577361
69.0,75.29514744601636
69.0,66.94706974697573
68.0,75.43102038392715
68.0,76.68750864256532
52.0,53.10969440635574
52.0,45.63391101071352
33.0,27.559909588261178
33.0,80.3482840152123
42.0,46.25241753799628
42.0,37.41790439514307
56.0,57.56899799467982
56.0,74.10351620056025
71.0,72.01838284679081
71.0,75.48145059392357
76.0,80.43366742223412
76.0,66.23533721135118
71.0,77.84932746595791
71.0,74.24847268325635
80.0,87.15974843777002
80.0,39.29677405951577
51.0,48.42381625211766
51.0,76.6084191364713
62.0,63.73560944657362
62.0,87.40544444862076
60.0,65.15876044208494
60.0,79.9077122227626
21.0,7.588942442120754
21.0,35.23307270137474
58.0,56.87335993750628
58.0,53.30154787732488
70.0,78.08918744442502
70.0,51.069965993465075
47.0,49.95714438840582
47.0,77.65300178924866
65.0,70.79407396155182
65.0,74.19074914051163
78.0,85.91675509173729
78.0,67.03347081642971
74.0,80.11165674255108
74.0,30.24815558097015
58.0,60.946044543442326
58.0,46.14981213074361
62.0,65.43584126134994
62.0,60.36261410673586
65.0,72.20501254347124
65.0,46.18218936401729
58.0,59.186023234208506
58.0,28.295906859710158
66.0,71.82929196837216
66.0,65.31935153637738
65.0,66.19874525486017
65.0,24.083989472149653
69.0,76.25783813800956
69.0,84.79009532950488
69.0,68.01643627095223
69.0,40.669383096588774
64.0,68.57580501331279
64.0,55.91770809254962
65.0,70.388488226773
65.0,63.33487031774206
51.0,54.65026184711155
51.0,52.11934227042525
44.0,40.54042314270646
44.0,32.24625309134524
73.0,76.3078824469028
73.0,56.68787690398648
72.0,76.0350482855427
72.0,71.33287035357893
24.0,27.494048788555517
24.0,70.90009041136443
61.0,66.77992228482856
61.0,64.67628680930238
32.0,26.280443830489162
32.0,61.70490565616677
47.0,46.973575441351954
47.0,60.31276011490053
64.0,69.3666705527508
64.0,37.35181921892456
68.0,73.60603142948969
68.0,30.701713263443423
69.0,71.57573603640589
69.0,76.50587232494951
60.0,63.550837386976184
60.0,82.28756358701634
66.0,66.67559660118451
66.0,37.65251969151086
62.0,69.16958186206415
62.0,80.9975373519739
79.0,86.44698676030816
79.0,90.00185156746915
66.0,68.31969692099295
66.0,54.41762862706253
61.0,63.83309126502405
61.0,53.76861051588122
69.0,72.11705051687449
69.0,65.25363068643185
73.0,82.19867294546304
73.0,30.46742754513616
41.0,37.85682695372236
41.0,65.28057140038845
38.0,41.03752851905449
38.0,71.04154627555641
52.0,54.24224801478408
52.0,62.3442236795708
67.0,68.97126506620202
67.0,55.100471863484756
30.0,33.191121337577215
30.0,66.2937689618899
71.0,76.55351621567166
71.0,67.46592704256108
54.0,54.10455651313475
54.0,76.82951107938027
68.0,71.9748519526338
68.0,43.85455412653545
72.0,78.44611770037204
72.0,54.91531324241015
73.0,80.37506798974266
73.0,69.52346865821784
69.0,74.66371588374398
69.0,65.52766640916116
43.0,41.853981660634645
43.0,60.534753639636506
58.0,57.02618124004016
58.0,21.21219097411887
71.0,77.50107411018223
71.0,74.53729482549198
50.0,51.106950836460555
50.0,69.36484268388551
72.0,78.45884976390272
72.0,74.11236048487075
58.0,62.48060312585085
58.0,69.0726188961716
79.0,85.28117522823527
79.0,67.8790976765622
44.0,49.91744290362976
44.0,53.654769520279615
47.0,51.30365867637795
47.0,46.17331490544575
67.0,72.95177518554874
67.0,58.22478797727871
31.0,28.880135568165542
31.0,27.964574405228063
75.0,80.79469306575902
75.0,53.04393095587869
54.0,53.12990710707743
54.0,74.9308337655653
67.0,68.97973916855835
67.0,51.12617271848376
50.0,51.42645724093319
50.0,36.2604042913232
54.0,59.782585730228334
54.0,53.15519263525391
56.0,60.17641023905543
56.0,15.16964863642869
71.0,74.64232625627346
71.0,73.12481579802852
76.0,80.25907187881853
76.0,20.85195621183709
73.0,78.41519830279435
73.0,63.693521486293434
75.0,81.485542234555
75.0,67.33000237110929
36.0,38.19639461732163
36.0,59.58299963193815
67.0,75.57311681982037
67.0,60.44221853388365
38.0,30.556584041442136
38.0,38.36851648056438
53.0,58.264151716849824
53.0,60.99472524968911
78.0,86.47258725316021
78.0,84.34914765481597
42.0,37.35938434100831
42.0,82.28809152673716
79.0,86.54493800607258
79.0,85.27964777571918
32.0,22.9301258885813
32.0,65.76217900924581
62.0,63.50448025578953
62.0,44.05961898355429
72.0,79.82684673069872
72.0,79.98762417068036
74.0,83.32702687567195
74.0,55.361480146096255
53.0,54.46682699952555
53.0,39.52206779161344
68.0,73.81053939989346
68.0,78.14219936660032
68.0,72.19219767760057
68.0,38.387931366291525
46.0,47.714605991678695
46.0,75.87589210460436
54.0,59.50463995144071
54.0,69.5544375889288
64.0,66.74061661664143
64.0,77.19730903178083
71.0,76.56417926626449
71.0,79.17103855484083
61.0,66.28836394080218
61.0,72.66036448869505
68.0,70.5554934302744
68.0,68.27562008237885
66.0,68.58271630099233
66.0,44.52166024561541
77.0,84.01900244400912
77.0,50.61656915046393
63.0,66.24199454899559
63.0,81.59058531169575
65.0,71.349151292562
65.0,58.2329092157085
73.0,79.83254908022246
73.0,79.37252442474471
50.0,47.39741664262152
50.0,33.83643389160039
56.0,54.06668366654151
56.0,60.927645762000736
58.0,60.09854267445564
58.0,53.50843321218002
76.0,83.36264668554583
76.0,54.89141614804623
47.0,49.49560303920117
47.0,34.83185485541998
64.0,68.07524371377804
64.0,68.64646311653792
75.0,83.91486641452059
75.0,76.74186076968113
50.0,58.871461473772456
50.0,71.66553030382897
74.0,81.3777661439126
74.0,13.737230402461876
77.0,84.61639069142103
77.0,21.96074605441737
50.0,46.156508888957774
50.0,39.3431662920334
83.0,88.50791483507015
83.0,60.43197904800013
79.0,85.57665527744342
79.0,15.206683260910722
64.0,70.75640032023915
64.0,58.06307501998003
56.0,59.74272608758531
56.0,81.43095758467854
36.0,31.391239523920547
36.0,59.422452541020846
73.0,75.85434753920055
73.0,80.71764492173565
70.0,77.87621415364862
70.0,49.13711540775802
65.0,69.89592144219989
65.0,66.84882317326014
52.0,48.32243634035882
52.0,83.61932861140355
63.0,67.7032481829084
63.0,10.593637592375273
73.0,79.79309110797402
73.0,2.0139813547912127
52.0,49.647170242566176
52.0,68.69945788304085
75.0,83.93310989560939
75.0,93.3691177295774
71.0,77.8526149581806
71.0,77.98966032899608
53.0,53.50954381018238
53.0,38.18873508777398
70.0,74.55234292926121
70.0,77.84946730263562
74.0,81.17707139493609
74.0,52.31117182201717
64.0,70.3705446943876
64.0,57.23780193932123
68.0,73.35076301367707
68.0,83.60224477418984
36.0,31.759307329451985
36.0,50.125323077744895
67.0,71.67369974981284
67.0,75.46728926754776
68.0,68.434624406875
68.0,78.02091330313692
68.0,75.15550991840007
68.0,78.37628504064128
55.0,54.44340858840843
55.0,59.84351759404012
67.0,72.81742921958761
67.0,83.0600641963207
59.0,62.18676615589118
59.0,66.94083215018418
58.0,59.90569710044372
58.0,71.66618035553114
39.0,35.63006380444057
39.0,78.8752240450732
17.0,11.764185207559478
17.0,78.68555216701651
69.0,72.72880241101745
69.0,78.73937088820173
75.0,83.7846907180014
75.0,26.038251148891447
74.0,80.1349252416104
74.0,39.75885231080986
57.0,58.34892563524966
57.0,79.64322203085248
74.0,78.92291576218003
74.0,35.11145931237235
63.0,68.78265827232025
63.0,44.80273836134489
69.0,74.8856075745503
69.0,70.94868287142197
66.0,71.61242127251802
66.0,79.98270284955555
72.0,75.95034732813377
72.0,87.85133094185204
74.0,78.09600827752888
74.0,77.91823994338114
36.0,36.52310208479844
36.0,22.621772335115224
73.0,75.918059722939
73.0,35.05439275235949
67.0,72.4071119276361
67.0,39.98469277973197
63.0,65.05550798336037
63.0,83.07684157278896
72.0,78.75222620694956
72.0,78.2831434306359
57.0,61.83245222216976
57.0,37.81256676955178
53.0,56.78020141164336
53.0,50.301513641001236
35.0,26.8327429912689
35.0,51.722272887011286
3.0,0.28525453554954083
3.0,38.67941549870841
41.0,29.75695367083472
41.0,68.52286959778132
76.0,79.81576539623757
76.0,23.444970690393177
62.0,60.765692115412946
62.0,42.20879831833588
76.0,79.27624758355398
76.0,84.00702621520685
72.0,76.88619798137944
72.0,62.11000340245192
10.0,3.447387923701285
10.0,58.33400783502316
62.0,67.82046029055681
62.0,74.011076560616
64.0,66.24758866667383
64.0,64.61695357879586
55.0,58.72975617447457
55.0,66.88761982965093
69.0,73.34941782662378
69.0,53.08319550215185
62.0,68.82875710640587
62.0,63.45186386369727
69.0,75.26545431075795
69.0,66.78803038001126
36.0,35.183858991061584
36.0,48.14578920230798
75.0,81.47403488460299
75.0,71.25090923673292
71.0,77.64855571857481
71.0,48.86292251668624
66.0,69.59991849548493
66.0,49.4670209683199
44.0,48.699560444542385
44.0,70.53599293795088
61.0,65.5252883673025
61.0,73.47049112249061
63.0,64.2448620143951
63.0,54.09208174263631
64.0,69.68125488186496
64.0,69.50049245699574
62.0,64.45709353370785
62.0,57.97784204364717
66.0,71.75612552467959
66.0,48.48045390960732
49.0,47.265667742122105
49.0,57.812934554608375
70.0,78.21049325451816
70.0,75.53036840482486
65.0,71.35122749867645
65.0,49.995625449719284
65.0,70.46221805871545
65.0,54.021579631141094
63.0,67.32805436190375
63.0,76.6879878483424
71.0,78.41608124094341
71.0,56.3200485490338
59.0,61.95565310422836
59.0,71.69170481273795
67.0,71.57634471894693
67.0,78.37585605034934
74.0,79.13090492587651
74.0,77.31177485472261
55.0,57.34767713411486
55.0,70.59502853586622
61.0,66.96711736140333
61.0,55.97789947723834
38.0,34.84193558631489
38.0,80.12493608868232
66.0,68.59672902166335
66.0,70.82315708927865
67.0,72.31417693492733
67.0,56.59732791123997
50.0,52.212549155170564
50.0,83.42186093912193
68.0,75.07872797065932
68.0,80.83417205667445
48.0,43.462547812352454
48.0,53.300554470540874
48.0,49.71291710798255
48.0,71.42391941971113
69.0,75.47226804163739
69.0,60.85706101553552
64.0,67.36576265812596
64.0,56.63057773514669
67.0,70.38943723985989
67.0,55.29237997991038
74.0,82.24683209113442
74.0,72.77050488601344
7.0,7.289595691699446
7.0,85.1971004177064
62.0,67.91056237096478
62.0,76.16942067392387
21.0,5.905817081442194
21.0,88.29802977207464
73.0,79.8811973969319
73.0,65.56911571904266
61.0,65.56390980688798
61.0,76.47961380500789
64.0,67.14449942502517
64.0,62.14456267340262
75.0,80.02760227728402
75.0,18.870886734801616
68.0,75.3703307903719
68.0,37.601368726250314
56.0,55.74468566045567
56.0,64.42643358910777
70.0,74.55904859806395
70.0,66.57422057615514
72.0,76.71302330284442
72.0,73.87502784708505
56.0,60.28924594890225
56.0,15.159383622296389
58.0,62.02082048105882
58.0,81.53390020235446
26.0,27.82843322821816
26.0,71.59903940262365
52.0,52.220265390999316
52.0,76.79377093559322
55.0,53.534300403657994
55.0,32.6477224720702
43.0,42.05835725260363
43.0,76.29073011344826
68.0,73.33962238946697
68.0,78.42144791657813
45.0,47.3959886719432
45.0,74.49596696771795
74.0,80.9598581581414
74.0,64.97114738952223
69.0,74.12920163359229
69.0,26.03210035856023
73.0,77.44317284218755
73.0,41.21963198049008
34.0,28.499208450188405
34.0,60.451969968651724
42.0,37.796475757176836
42.0,76.05814305805569
60.0,66.67388881205875
60.0,62.187050035481946
52.0,49.68904623615663
52.0,75.75473201055155
60.0,63.5926352809895
60.0,71.30656350182807
64.0,69.71726869337795
64.0,63.06821100244969
60.0,66.45974918619379
60.0,62.37012990007662
49.0,50.73453662200376
49.0,70.38288932364458
57.0,58.09017554264028
57.0,52.90437618738912
30.0,25.705844771144314
30.0,71.54705120153358
57.0,52.93077148179276
57.0,66.80627508708227
71.0,76.56164973239623
71.0,79.6359949936678
27.0,13.831293966954945
27.0,34.024645507792115
70.0,76.4696737731702
70.0,69.23128714823645
52.0,47.362836316287655
52.0,53.30094392916834
58.0,65.45226881276176
58.0,60.281435839123446
67.0,67.51432389450417
67.0,86.47258423614085
60.0,60.62835455685632
60.0,40.08364080504117
55.0,52.621599802484354
55.0,71.68237455609142
77.0,84.09038714147579
77.0,20.879529094707152
73.0,78.37967263546926
73.0,81.76600558299629
81.0,87.56097627112194
81.0,46.98249365059587
30.0,22.562352291819707
30.0,90.05505702495827
19.0,17.01817205367263
19.0,31.945394750591333
75.0,82.23913811048817
75.0,45.52923975344038
73.0,76.92457363754227
73.0,82.27328167083562
76.0,80.95466441983496
76.0,15.87390010500826
72.0,80.19467682373875
72.0,72.43291714164064
69.0,74.48824080716622
69.0,77.68389577447113
48.0,52.76443594815066
48.0,85.61455946035426
43.0,37.96376377053531
43.0,7.414496048476508
69.0,70.92970843929572
69.0,17.822485079561034
67.0,73.20249485740527
67.0,67.71133217423403
68.0,73.29857522887409
68.0,51.449359486952744
54.0,59.60680752762636
54.0,64.09215127690351
38.0,32.16822779013137
38.0,49.084839570450924
60.0,63.99108989254961
60.0,60.963979793993815
70.0,71.46637084004692
70.0,25.347864456914806
73.0,81.77961911408744
73.0,40.879845011440295
67.0,74.18450519959595
67.0,91.72146590597714
61.0,59.11941561209471
61.0,61.339078304878
65.0,69.54247507574382
65.0,52.7349172461997
33.0,26.871450475877566
33.0,71.2459763492991
55.0,57.02694038231317
55.0,81.30909007952403
79.0,83.05448471267562
79.0,40.090627223474996
44.0,40.35457159702412
44.0,76.5842338136066
20.0,15.278631001549911
20.0,85.22753245421018
57.0,62.18447026774311
57.0,85.03985729292998
68.0,68.91798149240896
68.0,48.92783823492482
66.0,69.200876884906
66.0,66.87945025753243
71.0,78.29234972620958
71.0,78.01858667402104
40.0,41.28183461791241
40.0,40.93039418306836
55.0,57.80903477884107
55.0,0.39923992833325883
61.0,60.5015613003759
61.0,71.4561872830846
37.0,29.60771729271886
37.0,78.77473465997946
54.0,59.33740756260045
54.0,84.24838717273059
51.0,54.08823220808466
51.0,65.24531277439507
68.0,74.26365404016627
68.0,52.21148949896775
43.0,44.10124775035899
43.0,78.12281571662936
73.0,76.72903820805959
73.0,69.16031045347233
74.0,78.96611896812357
74.0,54.488893381821185
72.0,73.50033310375676
72.0,83.90961960350666
56.0,57.16733706100905
56.0,57.511736499556605
68.0,71.8102367080366
68.0,59.0868118759891
71.0,77.04352509282421
71.0,64.38525596168341
22.0,15.438521815880392
22.0,16.463703503576426
69.0,73.61404273624197
69.0,56.937146554998264
66.0,69.53636245030123
66.0,41.24041231926708
64.0,67.63495417570533
64.0,61.35973935824211
70.0,75.24624434395975
70.0,56.84185205459363
59.0,65.04252222887078
59.0,65.92541638624931
48.0,43.21173992316426
48.0,66.63870505513887
73.0,77.9426749356582
73.0,59.23569317569189
50.0,56.282515556751434
50.0,82.51118251477277
50.0,45.2162431234857
50.0,47.16460424536308
32.0,21.235900852531984
32.0,60.433114447580465
55.0,55.85249605703217
55.0,66.90762107976747
46.0,49.479606122473
46.0,71.24274905740896
69.0,75.51236434551657
69.0,74.7552985982586
62.0,65.54646289889263
62.0,69.81834015795198
65.0,67.8036315104793
65.0,51.78987681021687
77.0,83.47629052476827
77.0,73.89459712835776
55.0,57.61499773952414
55.0,88.01997909407089
66.0,73.11503818740823
66.0,16.797819719758365
62.0,67.52482846060167
62.0,61.69840477321185
61.0,64.62004225149667
61.0,74.60093288615872
72.0,76.9198963156291
72.0,78.55799305191334
33.0,26.83282813610913
33.0,41.28899768062013
67.0,70.16545315229877
67.0,47.01289757178387
62.0,68.58227664764291
62.0,73.40471927451227
42.0,32.886364378437804
42.0,78.58334182011328
69.0,75.03866238511051
69.0,56.170916019890285
37.0,38.49023468139876
37.0,87.61461471004782
73.0,77.43339843366226
73.0,86.79939053930997
72.0,78.86034196967194
72.0,75.24265997983105
69.0,75.61814361680149
69.0,61.421042743838996
54.0,55.6173757795878
54.0,85.42418654186417
69.0,73.51616195434843
69.0,72.72558284421467
39.0,36.53802815120429
39.0,69.98042986442687
67.0,71.6980803230611
67.0,49.67956581291071
44.0,42.11465474750639
44.0,84.34115539862097
58.0,64.15395867645657
58.0,74.29795374937868
21.0,23.25787470660697
21.0,82.96674369426995
77.0,85.19724689318792
77.0,70.7072807008775
68.0,76.72239015850715
68.0,69.31106243045201
64.0,68.07279853248247
64.0,66.83799319488554
72.0,77.52431065698977
72.0,83.38505575263406
70.0,73.3195141005836
70.0,40.29201019380537
75.0,81.229374521995
75.0,79.48553388700986
53.0,52.02993329368678
53.0,9.510170780665192
66.0,72.3857942403153
66.0,36.26213254048582
76.0,80.1121009208207
76.0,32.84292127143141
44.0,38.216650682931686
44.0,54.73807826521255
65.0,66.37955017466146
65.0,16.971163730686442
51.0,51.589826196455135
51.0,72.3147492102151
60.0,64.30114026553053
60.0,77.15635028755935
70.0,76.94002217922741
70.0,54.43034569444683
74.0,78.29645211193514
74.0,79.44230527566845
57.0,63.010230825851636
57.0,62.55581177292896
64.0,70.04285726501945
64.0,88.71728601481357
73.0,79.93298260754449
73.0,46.240434001496055
61.0,67.07002081309628
61.0,42.417959900877975
79.0,86.4744777237525
79.0,77.12234520152134
65.0,74.85586724883905
65.0,68.95545982275809
57.0,61.28747384332297
57.0,70.83473548537853
53.0,57.667809019954234
53.0,74.10852054493608
59.0,64.63696896878866
59.0,76.79328251577647
74.0,76.52198718731137
74.0,48.05714331628451
58.0,63.26363048384462
58.0,49.437119761880695
30.0,14.591563255699839
30.0,78.22183628810399
61.0,66.88816251158124
61.0,84.1435561697997
41.0,39.49157907691273
41.0,72.21113197686202
76.0,84.0726078844412
76.0,73.33558886617635
64.0,69.54113371629245
64.0,66.59689811583087
79.0,82.72919994421119
79.0,66.33825904158579
78.0,85.72884416114101
78.0,73.09769657303525
59.0,59.00414190288569
59.0,48.07904063578218
72.0,77.8492948912114
72.0,62.62310419882556
50.0,51.776436655103
50.0,16.164710834395294
72.0,74.1524924518497
72.0,78.71568642033458
53.0,54.8608560058189
53.0,47.813373905090316
50.0,54.354344833608934
50.0,79.58877520758358
71.0,74.58995876497232
71.0,45.4412430238815
71.0,75.79878791702941
71.0,34.57425944057792
63.0,67.37487311908359
63.0,70.47310548203694
64.0,66.13839060537612
64.0,68.74882926561116
34.0,29.229399506618336
34.0,68.25541378636291
32.0,31.110471182933964
32.0,71.59391152255023
11.0,10.482360812744275
11.0,77.39629900421431
69.0,78.10127673741448
69.0,85.1686095790933
73.0,77.030840664685
73.0,74.74638284403346
54.0,59.15310439909115
54.0,71.57676064908037
68.0,70.27844744266093
68.0,79.95486429351257
29.0,14.239489349072812
29.0,36.40519264027796
73.0,79.93490433605689
73.0,72.09847758351572
64.0,66.52373842828649
64.0,65.58532872764152
68.0,72.14048250209805
68.0,19.76843245622007
31.0,31.547204912694895
31.0,22.96964628245587
78.0,85.5628049990259
78.0,82.25547583701945
73.0,79.39597613413696
73.0,75.40887057448805
63.0,64.98448617721914
63.0,20.879529094707152
53.0,54.93787815680764
53.0,27.063795145572783
46.0,50.28132712012274
46.0,86.7278748433248
68.0,74.85006003568833
68.0,67.59041720352269
70.0,76.2396441940952
70.0,72.78828600507558
71.0,78.34223833883414
71.0,89.22709373019893
74.0,80.16804951812702
74.0,66.48558858921905
62.0,67.29806443641377
62.0,52.55511267169891
46.0,45.56727858030007
46.0,62.14096618361208
72.0,80.9344089265818
72.0,64.86845184552391
49.0,49.54608063174612
49.0,87.29156247161649
72.0,78.2136424985369
72.0,64.10400869818733
72.0,76.43570222188663
72.0,66.08333846515563
42.0,39.77614390994023
42.0,34.295759319166564
47.0,43.93779144714222
47.0,32.793888277340045
71.0,75.35313902279898
71.0,62.64445652311599
73.0,77.07180808501221
73.0,78.90396782436108
57.0,57.7501962994844
57.0,80.01369746874343
68.0,71.5661825390207
68.0,71.92438345263287
42.0,41.77397385692473
42.0,42.71842996851393
35.0,32.503055484469996
35.0,68.90038874247313
64.0,71.05189268513988
64.0,50.07729065503838
76.0,80.83803089397298
76.0,62.722222110155315
65.0,71.3591208020942
65.0,24.8837604002116
62.0,61.76746408092896
62.0,75.99531875605157
71.0,76.05423255277924
71.0,73.49882776558684
49.0,51.698359934140115
49.0,86.95571327857283
36.0,37.47471244054458
36.0,56.71979007079881
64.0,67.29071553408369
64.0,51.935661670315085
64.0,66.5408491733287
64.0,56.883167328828165
75.0,79.92739810087409
75.0,30.950251893729956
64.0,66.10125864634671
64.0,50.70201219831313
64.0,70.98326333616109
64.0,68.06220133970527
71.0,71.60558577228272
71.0,58.026158478435946
65.0,71.90690184183478
65.0,56.42552048041796
64.0,69.10868531032958
64.0,77.70857366347605
49.0,46.42301297059413
49.0,55.686098469022625
56.0,59.24995586935029
56.0,87.7364009196416
53.0,62.02839646431096
53.0,81.91804792852793
54.0,57.47975981527776
54.0,80.19525558305838
67.0,70.18836642930944
67.0,84.81227407220507
66.0,67.84831154108866
66.0,12.520835036149379
73.0,80.64043304349849
73.0,85.29703792599128
13.0,14.37956499083731
13.0,80.4150516296749
53.0,60.34574741291914
53.0,84.90536233073391
78.0,84.16465453700152
78.0,60.50917497781677
33.0,35.17940919047953
33.0,35.98012261691184
50.0,47.3412042085896
50.0,82.64246619441985
73.0,80.72116170046343
73.0,61.24103953715587
72.0,77.06087829076529
72.0,77.91575219709318
73.0,81.80585199293796
73.0,63.172173358333225
43.0,39.22869512821063
43.0,43.07241722378211
76.0,83.4286191538556
76.0,79.72357841592856
37.0,42.0325544774559
37.0,36.32592343820892
66.0,70.7585981794382
66.0,39.45641533071864
56.0,54.218018410824016
56.0,70.488732072409
51.0,50.629584963002856
51.0,73.58251707089403
67.0,73.18785035570198
67.0,55.43081075135518
53.0,51.56062565956205
53.0,45.46506893710085
61.0,63.585736933113594
61.0,80.02039327246695
61.0,66.68882649693785
61.0,48.11774435332529
79.0,85.44137636132001
79.0,76.99321056454244
20.0,6.183043985720303
20.0,85.25867964428369
57.0,58.93944222899347
57.0,69.59349953844867
72.0,76.56784337447283
72.0,57.19791780067368
54.0,49.59647022737755
54.0,83.59519697857411
80.0,88.51507916128378
80.0,78.73557065098777
36.0,44.59243073716709
36.0,83.51703477087284
61.0,65.39137765715554
61.0,53.07722666187152
73.0,77.4886590051459
73.0,78.32918294913873
46.0,46.39458937249242
46.0,61.511173514819404
48.0,45.93951454696304
48.0,76.0528051002346
61.0,63.72231012096813
61.0,61.99676752081166
69.0,73.86065433707756
69.0,67.22276020313882
64.0,68.75155273097107
64.0,37.53750214218701
56.0,58.4783965936071
56.0,32.16822779013137
68.0,71.23160022302528
68.0,66.89692632114213
71.0,76.4688231606807
71.0,68.00844036975298
52.0,54.55459415473081
52.0,80.5037491964041
57.0,61.670574176863965
57.0,74.82909630283581
74.0,81.16834399596269
74.0,67.78545850830903
43.0,32.99049713801605
43.0,72.08769790513475
63.0,65.81431117410222
63.0,69.76335725361542
60.0,60.90218526470551
60.0,73.66045818876916
34.0,28.99368565390273
34.0,38.3116054066993
67.0,66.87210262275602
67.0,77.02644410804862
62.0,68.086978188052
62.0,76.63271765647221
71.0,76.2581085190406
71.0,73.15434136826883
4.0,-0.435696146438886
4.0,73.99237028132904
68.0,71.79429360200572
68.0,86.90846230404895
76.0,81.32674423193083
76.0,68.36887220341697
58.0,64.57949825098217
58.0,92.41723514017593
51.0,49.53062227764025
51.0,42.36303297223179
65.0,71.80114405529343
65.0,85.84453203589084
55.0,56.99809594071206
55.0,76.143289807099
16.0,8.685578936035313
16.0,68.22141128702793
78.0,83.88727376583427
78.0,84.25601308115796
58.0,61.90087334010428
58.0,78.04153742130222
66.0,68.55577116424956
66.0,69.77192738579379
73.0,80.53734222964061
73.0,-1.8260064343132854
56.0,55.285848088407306
56.0,68.12965429971035
72.0,76.06180709401303
72.0,79.92336884454255
36.0,38.757392204417044
36.0,59.45537094523496
59.0,61.70297722400909
59.0,63.43287881469632
69.0,79.16019010557773
69.0,55.488668272925054
68.0,73.67025146835289
68.0,79.57552527720418
79.0,84.26152676947822
79.0,15.103866894499788
54.0,55.171078308478684
54.0,77.13556226426022
61.0,63.345300120253626
61.0,58.9645064310684
57.0,58.036415398341205
57.0,51.15354185964628
69.0,77.66536115877733
69.0,65.20015835111172
27.0,29.78634627340392
27.0,60.64923334147585
61.0,61.35038005443528
61.0,33.541337583139295
16.0,18.22553857533677
16.0,82.27586865016394
67.0,73.31627397564705
67.0,45.5240402205261
69.0,73.8546354437471
69.0,81.82203290089461
32.0,21.77293380229554
32.0,85.85349315820866
36.0,41.202771234370346
36.0,48.36012610724572
13.0,18.973039094689568
13.0,61.34063525992383
64.0,70.90861141420993
64.0,66.13560064826896
39.0,33.51832723367693
39.0,70.2789798146095
66.0,67.7063365040371
66.0,29.56313996044281
65.0,69.22275408573296
65.0,82.55326293635272
47.0,47.82633373106205
47.0,32.9003609802985
40.0,38.39692104853543
40.0,68.5643708520281
70.0,76.58389867638022
70.0,80.95208903861163
64.0,67.1372151729355
64.0,70.05778660865144
67.0,68.04902027245981
67.0,46.67830188272791
49.0,44.02739030757982
49.0,53.595661192398154
62.0,66.6731678814923
62.0,75.92629252592428
41.0,42.17224660964581
41.0,83.83304421845452
67.0,69.4015489301895
67.0,67.40630521600451
76.0,80.9978469490701
76.0,70.96833702392445
59.0,61.74060734683826
59.0,46.98500746966306
62.0,63.54883009507006
62.0,74.5883907467566
83.0,91.35338636918374
83.0,18.975527769458267
64.0,62.031371667452504
64.0,73.92944259193877
67.0,71.39133908810419
67.0,77.36578142576019
67.0,69.41959323513174
67.0,43.601772548475196
36.0,28.344650468891302
36.0,54.205137469526846
75.0,81.72839279013971
75.0,63.91276357796585
76.0,81.36624768781729
76.0,81.10983009281335
48.0,46.60651300056969
48.0,84.8298006557049
18.0,13.815640533572662
18.0,42.983941908588065
75.0,83.69580490851547
75.0,47.380285538021155
22.0,6.446712308314602
22.0,68.02516362680092
73.0,77.41688030179404
73.0,70.75210551684347
66.0,70.44806306345981
66.0,61.07204233869521
72.0,80.0887050717497
72.0,54.00689476117657
44.0,44.943025363898016
44.0,58.762471485050526
54.0,56.65705495843298
54.0,39.15981144154375
41.0,36.69468212249694
41.0,71.75631569656554
56.0,59.15249313275035
56.0,32.19964812712254
63.0,67.16160341174401
63.0,30.98300073193451
31.0,30.250420380756452
31.0,50.41862379381166
59.0,63.82564012720968
59.0,57.51965648113867
73.0,79.85636098891212
73.0,36.630327140370525
80.0,85.33324716460066
80.0,80.12846179444921
64.0,67.74714940827045
64.0,68.75821905636309
65.0,64.46081331558162
65.0,48.66418519801044
56.0,57.21962936421403
56.0,77.02007190642274
46.0,47.771232180756556
46.0,62.338318220235976
63.0,67.09882655847963
63.0,73.32883947449056
22.0,12.808301742821868
22.0,24.833322697190795
62.0,62.94045161924032
62.0,54.478243331018064
59.0,65.2087993600087
59.0,32.11135526368912
64.0,68.81620247729683
64.0,43.95658722509978
59.0,61.65591356730579
59.0,71.28890472954731
73.0,78.71555896409035
73.0,40.27006045561393
57.0,58.22004848269427
57.0,51.708072398271554
73.0,78.13969861267509
73.0,78.48030690675455
18.0,13.76937768118188
18.0,11.676763051352111
70.0,76.24826965910574
70.0,72.26280012177205
70.0,72.75276818890467
70.0,67.41611183473486
62.0,67.02995609882998
62.0,40.26214274613079
77.0,81.71025278215956
77.0,61.96724601392168
74.0,79.15406823072198
74.0,87.19112598360323
66.0,71.5774372678269
66.0,81.35029065187285
45.0,49.40917248001273
45.0,68.9393350297517
57.0,63.235554020707866
57.0,73.75271028859112
83.0,90.19424670679155
83.0,55.815617292919626
73.0,80.80795761616156
73.0,69.88675292005854
57.0,58.836953463487475
57.0,89.83436812911458
75.0,80.88059150661303
75.0,71.45237903253656
73.0,78.56319747683222
73.0,64.1947540363351
50.0,47.289195101417874
50.0,51.18188107891069
47.0,45.96138790199018
47.0,80.56682286033202
81.0,89.60880578235958
81.0,70.00835365118473
75.0,81.97182521259549
75.0,83.75585569787683
40.0,30.73107936260658
40.0,84.78473537774158
53.0,50.375168061869886
53.0,55.57755006819849
63.0,62.49002793679733
63.0,76.1248386555788
78.0,87.32021144465205
78.0,40.777755789450225
70.0,77.9980468894347
70.0,69.48704131723889
63.0,65.90535332433808
63.0,74.1302011015784
58.0,59.13827389363229
58.0,17.78089324996597
56.0,56.77708079000257
56.0,61.53791464171826
72.0,77.15634547354131
72.0,73.21310693493803
42.0,34.69886209536651
42.0,77.40188324307684
70.0,73.05015558904142
70.0,71.47900051798405
39.0,29.47206397654753
39.0,33.43295939035096
71.0,74.77102730343046
71.0,69.11860412863598
51.0,53.22542019366375
51.0,68.46122619662447
39.0,41.83651848379026
39.0,63.06305389415121
23.0,18.27362692363579
23.0,67.9218673761439
71.0,70.90855059984159
71.0,90.53393473582321
75.0,81.94782424044388
75.0,67.2568852233137
67.0,74.55513009767742
67.0,23.601628299765878
41.0,38.20115828921672
41.0,66.30852282320154
47.0,49.133128682784616
47.0,46.1528687940056
36.0,35.06541858330638
36.0,70.69946365600578
42.0,44.22967451422801
42.0,47.95781274887105
74.0,77.6278167101886
74.0,79.61855509197301
56.0,55.60395878353228
56.0,64.56693253056602
72.0,81.00482110989344
72.0,46.41326114116964
57.0,52.03165954688353
57.0,65.37390719193559
53.0,49.76737014903483
53.0,66.59683713219567
56.0,63.84747930122455
56.0,62.93507651626783
63.0,66.15658648469781
63.0,71.94227022829375
65.0,70.8939850882117
65.0,48.252526642704595
44.0,49.06172123654693
44.0,30.606917626568986
45.0,49.37088658483077
45.0,67.33356866632698
69.0,74.72163760932983
69.0,85.50321529960354
62.0,64.8102141019578
62.0,49.73388690751989
71.0,78.83796812872242
71.0,66.01136383231335
80.0,86.81191910930988
80.0,47.18769020835572
47.0,42.82090830598605
47.0,47.02791234831892
68.0,75.53069374299139
68.0,63.88506182847169
61.0,61.502403052205295
61.0,56.877019745689836
27.0,28.53705085793723
27.0,97.39456567649006
46.0,46.02223383539075
46.0,73.53587460391219
46.0,49.886500724309315
46.0,93.83913679866339
69.0,74.4546066957547
69.0,66.37722659179758
65.0,66.65948671616786
65.0,43.43944835541322
46.0,50.6661249880471
46.0,16.93121658936292
40.0,38.12757574706768
40.0,74.60463023343488
78.0,85.24292153723894
78.0,73.47652310999985
71.0,71.13646415975938
71.0,46.93128953612472
71.0,75.80804109490987
71.0,68.29315215610995
52.0,56.20378798322082
52.0,59.58485131241798
24.0,18.965973445638554
24.0,75.83047626802181
77.0,83.20209129564148
77.0,72.92670096489178
66.0,69.23632817680641
66.0,79.90854108364624
58.0,58.10222908121841
58.0,53.34510990854483
54.0,54.097052856305254
54.0,72.55653757419822
57.0,59.153229451968855
57.0,63.0486581649709
47.0,46.189175543494116
47.0,55.85015497553729
62.0,66.74679163387424
62.0,85.47164614510103
81.0,87.95419725684462
81.0,55.61447709121944
74.0,79.90449539170265
74.0,68.6141175963212
49.0,48.997911085973385
49.0,75.60686864596545
77.0,84.03747885710482
77.0,64.82816483670615
78.0,84.89021893551325
78.0,53.55534217821997
33.0,30.268768753352845
33.0,50.72990364338335
80.0,87.43658959978649
80.0,77.76612156282971
74.0,80.29426714276548
74.0,60.31780580198256
69.0,75.33115408564623
69.0,26.43539281499119
62.0,69.12555602869196
62.0,78.65596248876773
51.0,50.56864856720665
51.0,76.18800205283225
28.0,21.34953962994814
28.0,58.09809704231782
70.0,75.90638513546742
70.0,83.24303206809321
27.0,24.741784828244022
27.0,70.98975753568254
60.0,63.597228399068854
60.0,65.15147409745452
50.0,56.01549161886783
50.0,49.89450594016847
76.0,82.49312923678849
76.0,34.91267213686723
72.0,77.10020389897124
72.0,72.76857338768264
38.0,43.68437284057978
38.0,58.116480847974344
59.0,58.19519176200134
59.0,43.24132313747731
78.0,87.47877433547694
78.0,86.04837446605615
47.0,53.87024574977437
47.0,35.83409883246685
55.0,57.03251773787338
55.0,82.66744829994013
60.0,59.330923259678514
60.0,79.65683025364251
58.0,62.53004852375841
58.0,57.67562024064199
51.0,57.034631547022286
51.0,86.65881542982834
69.0,75.0050083874288
69.0,78.41626665211027
59.0,61.79001749942171
59.0,78.44278809921167
63.0,69.86837298712942
63.0,74.76337871183148
82.0,90.72383749691875
82.0,63.741445214604596
66.0,68.28093137438128
66.0,63.22592837308673
71.0,77.05988455883733
71.0,72.54649204567448
66.0,72.29098752825792
66.0,53.25272040576658
70.0,73.67363325464703
70.0,61.549696906351016
73.0,77.58352555313365
73.0,63.1701249912108
46.0,48.733999943052766
46.0,73.4316403191234
71.0,76.33834625784704
71.0,87.22054298322672
48.0,49.82882158918483
48.0,58.16937138377176
58.0,61.024629853081876
58.0,75.5817146671398
69.0,71.7864644439876
69.0,71.83005137846015
36.0,24.121389805808178
36.0,37.78801854611112
60.0,58.934595466301914
60.0,35.44574866600965
69.0,75.42567652117151
69.0,83.03781983760791
74.0,80.02476309437446
74.0,72.12677442213476
69.0,68.88948590728035
69.0,58.91893214367974
68.0,74.1580534194639
68.0,41.38706320928094
75.0,82.33397495696164
75.0,56.17157541865686
59.0,61.50235396136458
59.0,70.67739468123415
69.0,73.43864950329453
69.0,39.58344996307659
63.0,68.17649436994196
63.0,68.61794799979651
63.0,70.01411816594896
63.0,32.419176312531135
69.0,74.47824464241546
69.0,61.90925258357606
71.0,78.0223909216038
71.0,70.09794520924186
73.0,76.22680729379414
73.0,88.9632372893451
56.0,57.21414931827792
56.0,60.091306365170055
75.0,83.35559708377446
75.0,54.415477306544005
48.0,51.67915474608208
48.0,60.281435839123446
17.0,23.79843090928648
17.0,40.60808698742983
68.0,71.64638130686228
68.0,7.99110537285793
63.0,70.55519385349737
63.0,86.76219555985995
60.0,61.12445559537565
60.0,72.67098201060838
50.0,55.2405879740154
50.0,49.357535082693914
75.0,83.22103218331802
75.0,62.455748678031966
63.0,65.45763482446603
63.0,84.61156737352019
71.0,79.27325358923537
71.0,38.725729327410875
66.0,66.69496341074506
66.0,53.15152359864612
59.0,61.4682512053306
59.0,78.92064629322732
35.0,32.74160397056744
35.0,74.88685202833307
74.0,78.45124311498068
74.0,79.33042696893244
69.0,74.00340286270091
69.0,63.59246758117604
66.0,72.50324907489164
66.0,57.8062780267328
67.0,71.28257756041154
67.0,74.64695968915106
75.0,82.77178880389857
75.0,65.3075477016697
66.0,73.14888140038056
66.0,73.05836424782069
71.0,75.18641425014357
71.0,47.589615817522656
51.0,53.22424013993657
51.0,68.78769335796
60.0,61.317241672460796
60.0,26.394840616377678
76.0,83.7562917762765
76.0,68.76781314286853
56.0,58.23842298083008
56.0,82.45416874091183
56.0,59.141211284079304
56.0,26.026171570897645
72.0,76.92682558508176
72.0,40.01742174294867
66.0,71.06690433636089
66.0,10.596380707623155
38.0,30.14027219034739
38.0,61.90270297578371
37.0,32.748286577966326
37.0,74.87588310647169
61.0,63.40497468309337
61.0,20.065951049815
46.0,46.572345732117185
46.0,61.602674287665025
59.0,62.75333280992419
59.0,61.92900452263575
69.0,70.42402959618863
69.0,45.90169289102164
47.0,51.76304540593412
47.0,25.75825112123755
41.0,41.473761529833155
41.0,86.70318197551956
56.0,60.282309978060994
56.0,74.00690545426369
60.0,61.39390417877985
60.0,12.73812071613645
62.0,66.2005979027864
62.0,75.96819538094098
62.0,62.32303983569017
62.0,66.3372966361797
49.0,45.50754476093357
49.0,78.44275761647793
51.0,50.32522021178613
51.0,58.515809232858885
60.0,64.77440483298727
60.0,67.3215914617623
64.0,61.10481282291812
64.0,65.13631672389249
62.0,64.13752400606234
62.0,64.9555859926079
65.0,69.01168089047911
65.0,61.306069342300475
68.0,71.69170481273795
68.0,53.2179148975481
35.0,31.79934516326574
35.0,46.37819615627075
53.0,52.85220938169124
53.0,89.15167825678128
74.0,78.78214260190998
74.0,72.43724464067418
37.0,35.5282535799152
37.0,32.742989447607386
65.0,72.29032394490446
65.0,-0.7019046488408094
76.0,81.13132774584238
76.0,34.39390603632222
74.0,78.77546492079296
74.0,51.7922417595866
66.0,70.87112776174791
66.0,65.93700300172787
13.0,4.341879386289577
13.0,53.7145083461437
61.0,63.1489972696113
61.0,11.195611110903826
54.0,57.98938799238135
54.0,74.85360399815556
43.0,40.443855793193165
43.0,75.08787819632408
64.0,63.723337463557925
64.0,66.76450379386046
56.0,60.78606287336885
56.0,80.04685600117227
68.0,72.9568499816807
68.0,74.00225953778295
82.0,91.20416356334584
82.0,34.573296941593185
76.0,82.97559828230845
76.0,35.932521589691476
80.0,86.63333384530227
80.0,41.98204715322885
78.0,85.5071289675958
78.0,86.86345138845803
65.0,68.96586866133413
65.0,41.83649775354996
58.0,60.59403637100098
58.0,58.65104433396232
72.0,76.9339551144597
72.0,77.21338443904722
62.0,66.35061354046672
62.0,74.45910614522893
64.0,69.75575980542334
64.0,68.8896906135617
76.0,85.62637916467986
76.0,76.94809686944797
40.0,43.84182553235968
40.0,74.97015789910682
60.0,59.64558488833427
60.0,37.96130515448124
47.0,50.73039042949074
47.0,76.831423692447
68.0,74.44153920182742
68.0,57.08858296052358
27.0,27.36267390172344
27.0,81.32133090302119
37.0,36.76031852922222
37.0,64.50170050023274
63.0,66.43044458417035
63.0,46.931932604097256
59.0,60.568461551677956
59.0,32.548469204327546
27.0,19.62915387186996
27.0,77.16502339450449
72.0,75.7022579943573
72.0,52.00666640984423
65.0,71.02167573132459
65.0,77.7496109334906
82.0,86.6402975100952
82.0,59.632146268690235
65.0,70.31987131922455
65.0,74.97960061268589
27.0,17.482848521921994
27.0,66.7434435346637
75.0,81.89759473240076
75.0,77.37469937738865
70.0,76.94180983776567
70.0,66.01145963607661
55.0,57.190018819783916
55.0,77.24822962914084
79.0,85.44920248662908
79.0,64.96339673431225
52.0,49.72058793034125
52.0,60.707391384397
69.0,73.71285469017414
69.0,36.96099938870458
70.0,75.00197284361235
70.0,72.51713388441931
77.0,81.42625384856797
77.0,65.86877528365608
66.0,68.9353651225988
66.0,62.07296119982374
75.0,80.95692169518054
75.0,57.8791776365469
48.0,51.17868480082734
48.0,57.740774447571766
68.0,73.53617795672034
68.0,61.4107509196578
73.0,76.12765448051664
73.0,65.61559130519572
54.0,58.838505287131284
54.0,38.485564040030965
66.0,68.45362476974748
66.0,16.67706799036813
44.0,44.18237359288531
44.0,48.4671336734761
66.0,67.93669234218805
66.0,51.73227061114892
67.0,73.85551988607642
67.0,73.40624232722166
18.0,12.931404991849774
18.0,74.17410810028605
28.0,22.153569828859077
28.0,73.66045818876916
48.0,47.48416606583652
48.0,59.01150854750858
41.0,34.191358166803354
41.0,81.14470217536217
62.0,63.48399563604886
62.0,81.52620984489425
63.0,70.52892304755676
63.0,45.831404375562784
41.0,46.906177061838605
41.0,62.91004850942403
71.0,75.9176110148889
71.0,56.18730498786147
29.0,38.02193722074327
29.0,69.69272815828799
77.0,83.66821816172381
77.0,21.83070106822771
33.0,21.6414725935997
33.0,44.99909608146652
69.0,75.02757723120828
69.0,73.65830949509046
63.0,67.21972172695843
63.0,64.26233093700455
46.0,47.80384030137628
46.0,61.49011060237228
70.0,75.33217703130646
70.0,78.94875174748017
72.0,79.90074183817245
72.0,44.403470032865926
31.0,35.509822453396964
31.0,81.53058377502714
69.0,70.65763989449704
69.0,92.83317070259864
52.0,57.15035020561652
52.0,72.37246085652077
72.0,79.13743535435952
72.0,42.17579242281357
11.0,6.9680918086071415
11.0,70.79046504902294
31.0,30.98300073193451
31.0,65.63409629321734
69.0,75.58540953568234
69.0,67.47757512535605
56.0,57.223885178675744
56.0,79.01675254006454
58.0,61.13308700010003
58.0,84.59774065927041
43.0,46.08680994624979
43.0,62.633975996668596
47.0,47.52212731749239
47.0,72.26628876245184
71.0,72.70785877610984
71.0,53.59522462648158
71.0,76.02512728725378
71.0,31.12060972832421
66.0,66.5902816923421
66.0,78.42964330372217
48.0,46.99429774339404
48.0,42.1427193596453
68.0,71.97854051761993
68.0,35.78306551633608
68.0,74.43976864244189
68.0,51.23162396705874
69.0,72.49568550010616
69.0,70.58580363774865
75.0,79.91228218937397
75.0,79.19409129255769
69.0,69.50529584495683
69.0,86.25753137703668
57.0,58.502603676151125
57.0,72.08948524805868
70.0,73.44043913354977
70.0,56.96256467615814
49.0,45.38555862686991
49.0,81.58735689440141
57.0,59.63565759670411
57.0,82.74686612708513
66.0,74.35740651763382
66.0,47.046001426715065
63.0,66.88133113648394
63.0,79.79236137217794
73.0,79.32074634160233
73.0,46.95068039180575
30.0,29.385648024513102
30.0,84.63343010293346
61.0,67.62249822530737
61.0,74.28875390573938
41.0,34.88880839887531
41.0,79.61435445128251
72.0,77.5148928100192
72.0,45.61597247324738
69.0,70.71533511967175
69.0,72.29482008948014
58.0,64.40577154077516
58.0,76.48688560506582
41.0,36.74806157211691
41.0,25.86697421469819
72.0,80.70490531692894
72.0,72.02208228056867
75.0,79.05736137720697
75.0,56.44637543330799
70.0,76.88560183347897
70.0,78.31594473749846
75.0,82.77624662808682
75.0,83.89076467483011
67.0,75.8123916800858
67.0,32.50245106390497
17.0,12.891426036360144
17.0,68.70852604644955
50.0,47.629090864556986
50.0,83.18573789652328
62.0,65.68954016210824
62.0,64.75305382951916
77.0,82.10484962152879
77.0,76.25400648855788
57.0,61.883296937409625
57.0,50.10577382007938
72.0,74.96334658986592
72.0,65.89381105462462
53.0,46.65568345956774
53.0,52.33420705514749
52.0,60.9138441315871
52.0,71.60462980764788
28.0,30.091505113506287
28.0,59.30066870818382
45.0,44.633983851663174
45.0,50.32570773881366
68.0,72.6059548802898
68.0,75.36130726837479
63.0,62.83702174408336
63.0,69.86437791214985
52.0,49.37759356120688
52.0,66.23314524535033
74.0,78.57739740639852
74.0,56.60665354768241
68.0,73.91552742644348
68.0,36.1628392574641
60.0,60.6809458012184
60.0,51.77375701190499
66.0,68.44174838974413
66.0,21.14325952326857
32.0,33.94102511620514
32.0,45.4781183531685
64.0,64.42645304002616
64.0,77.11441730959837
65.0,69.52949813487612
65.0,62.22786596806816
67.0,70.02564231342416
67.0,83.94354857319644
61.0,63.440404613315195
61.0,78.68251078333299
43.0,40.86946453798089
43.0,75.3163802972062
65.0,67.18244194814503
65.0,64.0968213363326
62.0,66.85696191078785
62.0,27.261683454874913
63.0,66.75910862205302
63.0,77.55974555548437
57.0,62.15179182008785
57.0,60.42369884165714
71.0,77.27091071585608
71.0,85.75443488251148
71.0,75.16155126785719
71.0,65.70804776585163
49.0,49.684499543083234
49.0,40.612089596576766
68.0,69.32208079919235
68.0,50.28740973708227
40.0,43.9904062874686
40.0,55.58468990284308
57.0,60.748452290861394
57.0,57.12180452254739
79.0,87.89561398319677
79.0,65.04155222998997
66.0,72.08317829021206
66.0,44.300406244307
54.0,53.12990710707743
54.0,76.9155866627932
45.0,44.80167793066914
45.0,86.62665172286574
44.0,45.131433316614505
44.0,58.701131567240054
70.0,73.35322529714091
70.0,51.806425894110646
75.0,82.38737642767535
75.0,76.87074912782674
52.0,51.54471171781955
52.0,40.988157037429005
29.0,30.467032476047677
29.0,63.57136689597303
69.0,76.75099272230824
69.0,74.79429923159569
66.0,68.7726265908679
66.0,70.80598885488706
78.0,85.13614548653135
78.0,4.8390119131177585
42.0,43.58735953998729
42.0,86.10498801711805
58.0,57.896580002193616
58.0,78.68829693137019
47.0,44.20396613331303
47.0,33.74248913308065
75.0,81.20117598382507
75.0,70.27034449136403
72.0,77.52462524515482
72.0,14.873404033237819
74.0,80.39734972886782
74.0,88.58455368360973
31.0,27.310322556776157
31.0,70.9346303324134
67.0,68.06654858534358
67.0,52.489445151167104
62.0,66.25890653415604
62.0,53.76301433143078
78.0,84.5087382814533
78.0,74.43253350609541
76.0,83.75777483234407
76.0,71.84237205592842
57.0,53.53629384732727
57.0,53.24991484286272
72.0,77.77360022310722
72.0,72.33873252209082
40.0,39.539458533882
40.0,65.30341803429462
70.0,79.44086547949706
70.0,22.08254626147476
60.0,60.64468168455147
60.0,47.071517696288936
67.0,68.3172504644736
67.0,81.42400820657497
55.0,56.07284025764068
55.0,49.67254211049419
65.0,66.7003773433517
65.0,73.67841089659538
78.0,85.27580047993519
78.0,58.54410454647882
56.0,54.71646821505743
56.0,29.78634627340392
76.0,83.2131127910518
76.0,79.82089260758175
78.0,82.513621317721
78.0,32.816815150468585
57.0,57.7901050163739
57.0,46.47587358638941
51.0,49.65466911157324
51.0,59.68689691593926
27.0,17.91691817198881
27.0,76.58396953126947
65.0,72.9135288208061
65.0,78.1457725583931
61.0,65.40355807286267
61.0,77.19613634896461
73.0,76.32767030257531
73.0,57.64072141611928
74.0,78.1417732223386
74.0,60.09767227354263
45.0,44.80752482948856
45.0,64.83737359324766
69.0,75.57942350941579
69.0,63.05885405437317
67.0,67.51317668963117
67.0,73.05641181721666
68.0,75.23680823682082
68.0,10.596380707623155
69.0,72.34207585260799
69.0,78.23845418969506
52.0,53.07343678919892
52.0,75.78877334489363
44.0,44.00651313137007
44.0,69.49185607150508
72.0,79.51764816856127
72.0,72.73330633950104
74.0,77.19032121139298
74.0,66.67314598040764
68.0,72.73227098023392
68.0,78.11646151159886
64.0,71.83450372101441
64.0,57.27447565515962
12.0,3.6381660749178764
12.0,77.97053046092583
75.0,82.38256993719307
75.0,72.94133709103284
67.0,67.61159653748786
67.0,71.22329855752434
78.0,88.55108154771614
78.0,67.89475808011605
39.0,42.797900232787015
39.0,76.08634639576155
58.0,58.29422625754836
58.0,60.49776942845608
68.0,71.92584335069523
68.0,27.213946281896312
72.0,77.06673110709454
72.0,79.02166641101525
17.0,11.391908975097977
17.0,29.41913129884358
30.0,35.21388227111731
30.0,48.37714115800338
64.0,66.99590950138457
64.0,77.52891345520129
42.0,38.654598602057945
42.0,77.34857033157095
79.0,84.73900560028562
79.0,52.912798200569966
73.0,78.31537801636637
73.0,62.52322358420986
38.0,39.64775138108553
38.0,56.57706800152147
29.0,31.16948628018605
29.0,58.677769384340195
45.0,48.25346083474079
45.0,78.81911074853832
75.0,81.77328185174599
75.0,74.55176587504968
40.0,41.43365387725606
40.0,14.448001223818494
49.0,45.209789951139555
49.0,45.50182564227424
67.0,74.73918128498275
67.0,75.08202822291548
51.0,50.031389400316755
51.0,70.0937205507393
34.0,34.222850624786986
34.0,34.72841614463567
54.0,53.78632889070093
54.0,43.00769202671057
67.0,73.42227753040953
67.0,54.09398926414542
53.0,61.26953145519008
53.0,71.24182583285943
66.0,73.02509308917587
66.0,81.05930381421211
78.0,85.83335412255485
78.0,67.90639821751518
62.0,67.18502250467782
62.0,78.11167430658122
67.0,72.58328430430674
67.0,76.15517208903174
65.0,68.03022689935915
65.0,75.04454882821926
56.0,52.3242650439193
56.0,61.4080992664031
55.0,61.76566907981601
55.0,74.85417743834
44.0,47.520957895485765
44.0,44.90086318356214
73.0,80.68443790869168
73.0,86.42083056062694
49.0,52.77625174220657
49.0,73.73589581498896
72.0,79.11601928026772
72.0,86.4869597518877
50.0,45.510696711040225
50.0,79.9929420630587
52.0,51.1325492764409
52.0,59.26061548945677
54.0,55.02728803794895
54.0,76.05007969479857
40.0,37.28206419663701
40.0,72.73749568301184
73.0,75.9778689635549
73.0,54.64772044267863
67.0,69.02718088475285
67.0,72.66874855104754
29.0,17.106150111218312
29.0,83.85143429007667
65.0,70.16859176484235
65.0,82.25686275602163
73.0,80.7365292122368
73.0,87.10631971038634
58.0,65.68101792500136
58.0,72.56726375659701
61.0,64.12427466007205
61.0,71.0533878451725
71.0,71.64381529640963
71.0,73.8750227856583
22.0,15.772318751934108
22.0,55.419575190839794
69.0,73.54990223223882
69.0,88.1312791437336
73.0,80.07002434941643
73.0,65.0856125246205
68.0,68.2694241741865
68.0,75.42854493518888
83.0,92.0062356711802
83.0,57.85860657455447
84.0,89.38085468368689
84.0,82.00612642884249
70.0,74.53212142658111
70.0,46.185039185350035
41.0,43.04246637875326
41.0,51.06390561152398
27.0,26.115967835376352
27.0,74.40815515237949
30.0,27.588387950529693
30.0,18.760998175331963
47.0,50.027615572294565
47.0,51.276468250900336
63.0,70.7146504430047
63.0,35.40838262888582
51.0,51.44222486323156
51.0,21.092364562712362
72.0,80.54722087245335
72.0,53.08909015622862
28.0,21.295892973543516
28.0,59.904821577060716
66.0,68.43659731281309
66.0,57.02479289876277
74.0,82.5433040499151
74.0,69.82654667544426
69.0,72.50565004555
69.0,78.38469463338902
76.0,82.31018802663635
76.0,77.37475839744536
72.0,77.72357770124711
72.0,34.603195402166534
80.0,87.57234749068562
80.0,60.69686744090666
69.0,73.51866932830472
69.0,61.50827437010469
73.0,80.10763844956108
73.0,37.08603552280141
46.0,44.056354334041146
46.0,50.185281340797985
58.0,63.45353724802493
58.0,82.63741772942615
68.0,74.08185221728115
68.0,76.20014324336194
34.0,31.167863339701398
34.0,63.24287660125657
69.0,74.6794427639972
69.0,57.975371184010044
78.0,85.11156543174116
78.0,80.21580969818234
69.0,77.63393338602725
69.0,77.68678307310148
46.0,50.58720824480412
46.0,31.759307329451985
36.0,35.96152446897946
36.0,36.01587340857509
75.0,82.16818406905128
75.0,54.298511484769506
25.0,23.18364577148708
25.0,71.53405237342218
68.0,68.34151140895142
68.0,28.111969114077567
73.0,77.5483907937683
73.0,73.66247867384016
69.0,71.45711442866195
69.0,25.705844771144314
47.0,38.99614040700686
47.0,40.06295919191689
60.0,65.3209641319296
60.0,47.279030818952435
72.0,78.51623167331712
72.0,57.14897533027215
41.0,40.25518760744325
41.0,70.48700482335647
60.0,66.26515725351527
60.0,46.63523766762836
72.0,79.41399891617749
72.0,83.52739945594664
81.0,90.15869097167496
81.0,43.80403515885371
68.0,71.90851539742243
68.0,49.25899707182816
52.0,52.82209671531041
52.0,68.33315895895606
63.0,65.53286693350839
63.0,69.30567660364375
74.0,80.8998039878162
74.0,78.3895846809217
79.0,86.40312823726003
79.0,40.75434475891166
78.0,85.6493191557193
78.0,49.68442177323885
52.0,54.073397870497615
52.0,58.62837068836524
68.0,76.48534248691021
68.0,43.279350432985325
52.0,55.27105378720779
52.0,82.57008220026387
83.0,89.40025940493587
83.0,65.06534603219228
61.0,64.70628632440543
61.0,96.72776676332694
70.0,76.28045745299391
70.0,45.835112616556955
68.0,70.94379842858876
68.0,26.115967835376352
74.0,80.53708770220572
74.0,56.92977424786545
44.0,38.99972190513114
44.0,47.006463140751805
72.0,77.46895516086738
72.0,78.67927323635263
21.0,18.443443247619314
21.0,58.38854198784827
69.0,73.42139240476843
69.0,31.04219332610063
80.0,87.2194008187422
80.0,29.807872504154375
64.0,68.8484287249625
64.0,78.78604139190605
69.0,74.21051921736648
69.0,22.465604166566607
61.0,58.46143252038348
61.0,73.07811199430057
63.0,64.60643577155639
63.0,85.61050709110498
37.0,27.686777464959448
37.0,43.41268750721957
49.0,45.92370286929446
49.0,74.73722476457766
51.0,47.625681906995624
51.0,73.68127858795168
60.0,63.35794479454444
60.0,63.826612433815626
45.0,49.75352316202611
45.0,58.96214607300067
69.0,75.13525662463917
69.0,63.938865265733966
36.0,40.597480300040274
36.0,54.32636783628902
70.0,75.4850090617208
70.0,57.396001767918506
61.0,59.38149074539626
61.0,55.48850988711763
70.0,72.33670945106172
70.0,65.83705265261375
65.0,64.45783837000079
65.0,55.37999027994175
63.0,64.87065653871917
63.0,46.05316009220064
67.0,74.11057269234152
67.0,38.287091288145234
70.0,78.21687385262663
70.0,72.84765993794593
50.0,50.45356820604786
50.0,75.56384513785423
45.0,45.217870514712615
45.0,65.24935693894002
68.0,74.36922963211987
68.0,77.62998260803488
68.0,70.89804270339539
68.0,43.37403093798821
46.0,42.10755320770704
46.0,23.27864275292518
74.0,83.83870971759774
74.0,64.64552855723133
66.0,71.53020123108269
66.0,67.43202479793007
57.0,59.44141666376885
57.0,33.112776064945535
49.0,48.524912105514886
49.0,68.98052887350923
50.0,54.45609908995368
50.0,66.22551785535893
29.0,26.115967835376352
29.0,79.06825755221939
65.0,70.13491545306556
65.0,73.31311949603645
75.0,80.30830109876132
75.0,56.748909726327895
70.0,74.5851390718608
70.0,81.9076449693851
70.0,72.21289794710964
70.0,49.75529641291121
71.0,75.50698055245357
71.0,18.31000074236846
66.0,69.20547704464667
66.0,27.73399862814182
62.0,65.73876949893457
62.0,70.350588696714
48.0,48.20883181646997
48.0,84.80553339890156
78.0,85.25726309191168
78.0,66.74969441010387
74.0,82.02178869314383
74.0,73.9348119353615
60.0,64.98927034418392
60.0,45.045393706438006
65.0,69.91033231108281
65.0,69.19024497727298
67.0,70.49856026592454
67.0,65.62540914094626
56.0,56.099327600331094
56.0,76.35604727173575
68.0,71.31805895514492
68.0,61.891131751853834
68.0,73.99449001904651
68.0,70.76827843990316
63.0,62.1681370242419
63.0,51.438127968957986
65.0,67.59845775025377
65.0,72.42115131034643
59.0,59.69284665104732
59.0,54.585580433919404
38.0,28.480114974242895
38.0,62.652254722860334
65.0,68.76889640214614
65.0,80.93435839589779
34.0,32.16804157936957
34.0,72.97931253274174
69.0,74.70542590636256
69.0,23.444970690393177
80.0,89.96482576506304
80.0,76.08570245178083
73.0,79.58711414091118
73.0,65.71935060200371
67.0,70.77188926284163
67.0,69.18814849318431
73.0,78.62796890278617
73.0,26.440307322865863
68.0,69.43685979367979
68.0,71.51222555061986
21.0,12.754217894814587
21.0,25.78716671353186
67.0,70.54695710437699
67.0,51.71635655477337
70.0,76.16318490112712
70.0,41.246998591273666
66.0,69.75377775135644
66.0,68.18186971373689
58.0,61.489458620839
58.0,77.5960287530288
42.0,42.660882804539256
42.0,61.33208903772987
69.0,72.40028490794714
69.0,49.72020781821152
69.0,72.83227053720958
69.0,-2.5293061235502137
71.0,75.09375668200522
71.0,78.41542237431514
50.0,53.21577269390815
50.0,68.03016901721065
77.0,81.53200626609504
77.0,78.35964017361334
69.0,74.69837171466918
69.0,64.1417273136874
34.0,30.861228434802513
34.0,72.20413371045993
43.0,44.87376258002712
43.0,80.34163998809464
61.0,64.80809259327259
61.0,32.229019286079165
66.0,68.41940672427376
66.0,69.94614677284534
59.0,61.9297065956801
59.0,44.96834612162996
64.0,70.84318941465125
64.0,59.03956148915802
77.0,83.51109711473174
77.0,78.0569480738173
60.0,64.21124338820027
60.0,45.726733203302445
59.0,62.21450691600404
59.0,71.74145220160557
44.0,44.721624065838455
44.0,38.911459192003406
61.0,63.036552586401626
61.0,72.29083940268055
75.0,81.36571878392817
75.0,69.9653475121741
55.0,57.32918857441638
55.0,76.33139832634578
63.0,64.99387062981396
63.0,33.10910535238378
72.0,79.10075451910421
72.0,85.16923523667623
76.0,82.28604744431226
76.0,77.05436497270631
67.0,69.28037337034488
67.0,76.79102106216283
63.0,63.51296152820214
63.0,69.78235151642468
37.0,30.15514834008269
37.0,81.39585209493123
44.0,38.91812380548896
44.0,52.55908159028985
63.0,65.60481172192522
63.0,88.72217323554668
76.0,82.33233477875825
76.0,68.61004814626489
72.0,76.6302624889621
72.0,90.50023385375783
65.0,69.9882566702737
65.0,69.88876071294493
67.0,73.4588125592415
67.0,68.72914031977047
68.0,72.10842267872482
68.0,62.187951221317974
47.0,50.32269228314016
47.0,65.82475015536357
71.0,77.6471344648354
71.0,49.10644587157435
70.0,78.15694939562428
70.0,72.90332368635467
78.0,81.26419408406878
78.0,51.97409153072175
58.0,60.58943725470368
58.0,32.303506712704234
44.0,38.87622244886768
44.0,58.62180552702523
54.0,55.82096404424669
54.0,14.876850347132972
59.0,56.78927273248473
59.0,75.57259973503466
58.0,58.57232750217247
58.0,59.81819475512441
32.0,30.989385573903064
32.0,73.33283085381333
66.0,68.45279358338888
66.0,64.40607998667883
74.0,81.36433376467062
74.0,82.26628676243297
20.0,14.781352008161662
20.0,12.931404991849774
68.0,70.52342409092677
68.0,48.37393559783874
56.0,53.47118823212793
56.0,57.2571509728088
70.0,74.89524677610058
70.0,74.32234408205858
60.0,67.70146086580695
60.0,72.1182988114943
60.0,62.709889080912774
60.0,69.89496160429775
59.0,63.35399977400931
59.0,40.72799493133914
78.0,86.85780167507653
78.0,75.56341229116543
69.0,74.27303923241146
69.0,26.201338870690222
62.0,67.0402167700193
62.0,70.8495097161088
76.0,82.39527024354157
76.0,81.44170433984232
75.0,79.89048737424184
75.0,86.05470020550251
76.0,80.88774933915653
76.0,57.45936531265687
84.0,91.11740544636297
84.0,53.590390889028015
68.0,72.38203159280255
68.0,47.59845194425253
54.0,59.76407550810518
54.0,74.49859880600872
60.0,62.04825644536061
60.0,44.8966601725744
73.0,80.74741978185767
73.0,81.82422335099915
60.0,61.07186909849355
60.0,76.95085651121121
51.0,50.483249834554044
51.0,64.00536615903519
76.0,82.33247776835691
76.0,80.17145658114458
68.0,70.49823888394769
68.0,42.29128696961544
66.0,69.21271744339913
66.0,64.86895907749067
38.0,41.42887602231656
38.0,31.55084420484775
70.0,75.14898081599222
70.0,70.29115606751634
61.0,65.85283656789892
61.0,59.87571326397841
75.0,82.29969383792888
75.0,52.05775646072789
41.0,41.36157168214612
41.0,39.32368416786784
76.0,83.32972782927351
76.0,64.3412191133371
54.0,52.38328881122885
54.0,27.7263963160334
64.0,71.24600021017562
64.0,71.78045719805453
42.0,38.730416057295656
42.0,79.5620839627195
64.0,71.18651510117735
64.0,72.5106453153935
39.0,36.13610313255526
39.0,80.54701117596943
71.0,76.57388606915305
71.0,52.99281299151295
37.0,29.628246460760693
37.0,30.850999935072593
60.0,58.466776104530766
60.0,66.5111325584258
28.0,14.280761211009747
28.0,76.80323424566166
57.0,60.09608475055444
57.0,75.26799667183246
42.0,44.61328439601738
42.0,69.32976154304333
53.0,58.992261055914014
53.0,32.99995928204419
65.0,68.13505412707275
65.0,49.617216714988956
41.0,32.99866672093282
41.0,53.089401766127025
27.0,19.62915387186996
27.0,52.048144182157614
73.0,79.09086235619145
73.0,46.412816064302206
69.0,77.23902918936483
69.0,71.10367269764464
70.0,72.5045613847189
70.0,73.98231431412319
53.0,51.47260310365863
53.0,73.09861305348579
66.0,71.9289323843152
66.0,87.02689483361752
42.0,44.22967451422801
42.0,71.7091332055818
72.0,79.49715735981198
72.0,80.16365146257385
48.0,49.40289328284695
48.0,46.78064222014228
47.0,46.871385245799786
47.0,74.2158772653305
46.0,43.77642686543862
46.0,63.688492934718
31.0,33.81741001549466
31.0,74.90741750260719
60.0,59.328726296767115
60.0,73.04625784470909
72.0,78.39121925903527
72.0,64.10676903093582
76.0,84.67166189406038
76.0,76.13581824696422
70.0,75.38538241485679
70.0,48.64077668268499
36.0,34.723024367508174
36.0,60.0915606891096
69.0,76.26224376563641
69.0,76.66704691909797
47.0,50.12075437447197
47.0,44.67692631562426
40.0,44.04996914238308
40.0,82.1147432523789
65.0,65.60785349662666
65.0,72.42706821258577
72.0,80.38291336057864
72.0,73.84794476165592
67.0,73.50843275569292
67.0,31.748961834858562
64.0,66.10044194130683
64.0,63.5917080325064
31.0,27.310322556776157
31.0,66.88490626935732
53.0,52.74985358333447
53.0,90.9723647418553
55.0,55.03328691951475
55.0,70.9577710802136
63.0,60.10120011573588
63.0,52.01088670030754
67.0,67.32214362257923
67.0,69.33453472946451
65.0,72.51523541713556
65.0,72.19497001759993
66.0,70.65289198984038
66.0,61.065379062096156
66.0,72.72220822112087
66.0,79.37977254732681
71.0,76.55440429979211
71.0,13.177700142049048
72.0,77.46486992669873
72.0,69.03408611791849
66.0,75.15639161574745
66.0,74.06178131903835
63.0,65.19185218505072
63.0,37.93207728633814
54.0,56.75906780272413
54.0,84.71015853085942
72.0,76.62166526668324
72.0,75.55105876703686
30.0,21.13398681519294
30.0,88.63311669506089
69.0,76.8137094447535
69.0,66.95766725383953
70.0,76.58361605862234
70.0,71.39699305364121
71.0,80.46909407481553
71.0,43.16171763610123
52.0,51.19867896679813
52.0,7.289595691699446
71.0,74.19401122720598
71.0,66.90227783653705
62.0,64.9267402298048
62.0,84.65931913781634
68.0,72.40317428287153
68.0,37.85665455371537
38.0,35.62389485692404
38.0,71.22786520286155
65.0,71.89370926306452
65.0,4.507175964741691
52.0,54.129277674758214
52.0,52.618268504242565
40.0,35.128867194548434
40.0,50.58925055060536
15.0,11.918406094494344
15.0,59.42595921823272
68.0,72.95878030364929
68.0,64.36838082261039
61.0,63.04559451176959
61.0,86.67182609885072
53.0,57.60539137289311
53.0,40.08407721693561
56.0,58.83129124304435
56.0,63.426734477265825
56.0,54.25219878958501
56.0,58.23245908234918
39.0,34.4000285603139
39.0,49.896383469870386
58.0,61.33158003750344
58.0,15.183028505582001
66.0,72.2110440058562
66.0,68.98482918690081
58.0,63.48569384024279
58.0,64.44135343175714
60.0,65.80762907497717
60.0,55.61010340406597
61.0,66.10337526936371
61.0,62.182150163810604
46.0,41.22701177264935
46.0,75.81500775904925
77.0,83.21230466268435
77.0,83.25048254012165
46.0,43.60111911504754
46.0,72.96797403516467
27.0,23.013414243185252
27.0,53.895941931350535
67.0,70.51608286721853
67.0,44.36617619006216
37.0,32.75712926498511
37.0,71.55649343115846
65.0,65.69098179683584
65.0,84.14490947433563
66.0,72.7847618590095
66.0,71.29235772189412
18.0,6.652811797336085
18.0,75.9269269427997
64.0,67.28408230945945
64.0,85.36405223375021
63.0,61.56935942289607
63.0,58.322090075182814
77.0,84.04091540465674
77.0,59.28958598995422
62.0,62.21798810464986
62.0,42.810136793418565
52.0,54.72655451867445
52.0,66.10554532936322
53.0,53.95759626436529
53.0,4.732263068607665
85.0,93.20488703216085
85.0,29.664687166473584
58.0,62.54287092795562
58.0,7.743487433766973
29.0,30.652871561040968
29.0,77.11353224329372
63.0,68.79683211116031
63.0,72.74075165276156
60.0,64.03154051357382
60.0,53.43820765261506
50.0,52.49481139737179
50.0,64.57764537558319
74.0,79.27169551859481
74.0,81.00878756259448
60.0,64.01922250386184
60.0,63.93058437155054
30.0,20.16046901658791
30.0,81.49696966419765
67.0,68.88798295170068
67.0,15.376707244422164
61.0,60.48376717333747
61.0,64.32921064411539
67.0,72.34065304096953
67.0,16.935863489649876
34.0,36.51800412284052
34.0,83.11205246499088
78.0,84.001557940022
78.0,73.19399534191433
47.0,42.43028189049693
47.0,83.53453726889245
62.0,67.56661396640521
62.0,53.06296560817134
74.0,80.78031629173518
74.0,76.0948443588614
69.0,74.14802822829978
69.0,36.26445304724422
66.0,71.06915675438233
66.0,27.467284964446435
67.0,71.74153197940001
67.0,78.87859741384773
68.0,72.71744618067692
68.0,51.81977375235192
76.0,80.21804526934619
76.0,47.56873482371225
58.0,63.915261112630674
58.0,85.27685039322097
40.0,37.56898814637799
40.0,74.33734721460604
71.0,80.34913706445735
71.0,74.09411841584989
37.0,34.9018273966696
37.0,46.36557132705343
69.0,75.27351244095291
69.0,65.14596764406105
67.0,74.6881297714408
67.0,30.12568016535471
27.0,26.925336404880227
27.0,75.51673082340943
58.0,64.53292462632425
58.0,72.6133212475624
76.0,82.68101428356681
76.0,49.2725697509818
69.0,71.39193390027452
69.0,67.49882164349174
64.0,66.75471078706323
64.0,73.32275202377468
85.0,94.76040434340524
85.0,73.97602035889787
28.0,26.423106662431906
28.0,56.34297522228286
31.0,25.347864456914806
31.0,80.31270083298682
66.0,69.67933692634398
66.0,68.07336782165982
63.0,67.0821511228674
63.0,72.12291588311695
67.0,74.5312362887667
67.0,73.35235967902588
53.0,58.671060285864655
53.0,54.78276415877383
22.0,6.446712308314602
22.0,59.67147578124707
62.0,62.55257224186283
62.0,27.27959044184206
64.0,66.2996517446478
64.0,70.15948617358617
78.0,82.81186042146436
78.0,47.31534993687819
59.0,59.189896730304156
59.0,56.929753939694365
61.0,66.01767798704623
61.0,41.30571737882383
61.0,61.55978096820536
61.0,62.83961363114224
62.0,62.63586664837379
62.0,72.86179309981816
72.0,77.64696983551238
72.0,81.64849743117912
70.0,73.12498947379368
70.0,51.92163243049441
68.0,76.4891419179645
68.0,74.06956417497548
72.0,76.72905058706749
72.0,73.83235153568091
23.0,20.91477525291964
23.0,70.74081409781371
80.0,86.46696845233612
80.0,87.28882086681574
71.0,75.74974419469754
71.0,14.208766775822028
52.0,49.420503919338614
52.0,80.98339270917614
72.0,77.6883442359005
72.0,26.78622635020656
56.0,57.592101583898
56.0,74.89477717542343
64.0,67.37758382263036
64.0,19.668253002974495
60.0,63.848510085997816
60.0,75.45341327555883
77.0,83.68117848385128
77.0,82.50916601471198
58.0,58.74508474984839
58.0,84.6987705064912
60.0,64.07548694788574
60.0,50.342928622860086
58.0,62.28542893748272
58.0,84.22790875888296
40.0,36.67342760271447
40.0,19.751567304289154
70.0,74.0314770147512
70.0,33.002302233629564
84.0,93.07443779736587
84.0,68.12349408064199
69.0,76.45132461278365
69.0,77.97288847506474
18.0,19.13963558035033
18.0,79.13787850821484
74.0,81.19174787298687
74.0,21.490471980947802
71.0,74.84553283330422
71.0,31.969098972327913
79.0,84.67958799036211
79.0,87.01025186933623
72.0,76.7899409927332
72.0,67.52875602192734
79.0,85.56864001125757
79.0,69.90481154602298
52.0,49.84148672357833
52.0,71.28529148944659
71.0,76.33706494142376
71.0,66.72707634546856
79.0,89.20414813997041
79.0,82.35330787142556
63.0,64.54567698752737
63.0,86.35083261307943
63.0,67.430129602926
63.0,69.06390768164101
70.0,73.24000087169657
70.0,62.5322775182089
71.0,75.94853082312949
71.0,67.74184166029738
74.0,80.23967965189229
74.0,68.80898648538226
67.0,76.50882462782948
67.0,51.96133512639557
59.0,62.989432122382425
59.0,25.939945738810707
62.0,66.82022472481407
62.0,59.042981925928586
50.0,50.140655067865
50.0,60.9138441315871
38.0,32.34626645885288
38.0,77.46686097566652
62.0,54.82947245344383
62.0,22.96964628245587
79.0,86.78235542644643
79.0,49.95192521759594
62.0,64.36468651735436
62.0,75.74100739288309
46.0,48.2890330687531
46.0,81.44385026198131
76.0,82.89408628223237
76.0,57.00911225380247
69.0,76.338683775785
69.0,50.946481763914505
34.0,33.58215284729772
34.0,66.36317989143498
63.0,66.48294491627905
63.0,41.8524212756592
62.0,63.216110298798185
62.0,85.86596795784322
80.0,86.34209532587386
80.0,77.54602087272923
73.0,78.07802827556657
73.0,74.24426563383133
59.0,64.48752018508543
59.0,70.91441206498251
45.0,46.931932604097256
45.0,82.43052473233934
67.0,71.22189921757428
67.0,78.83581313039718
39.0,34.8087540925643
39.0,34.92926873428473
73.0,78.52386219125128
73.0,74.28558944602304
44.0,38.43802097688547
44.0,72.53141586958407
66.0,64.04217846737441
66.0,63.37346529446029
26.0,30.121253368727537
26.0,52.34593771132995
84.0,91.18702361054682
84.0,36.225147602377945
71.0,74.38857027407278
71.0,36.52572639792089
54.0,56.838297808304276
54.0,67.67399853700942
23.0,25.610166328897094
23.0,73.39749265761583
61.0,63.478324159837825
61.0,49.32104861686088
70.0,73.73405570553996
70.0,80.89030449331221
58.0,60.09068252258834
58.0,86.32447103603886
71.0,77.606735048453
71.0,75.75085070688488
48.0,50.60897650567085
48.0,14.707347219162216
56.0,56.434889182285474
56.0,46.423639246469065
73.0,78.79315860847436
73.0,63.85763231728777
31.0,15.574111352792556
31.0,60.76742934036156
62.0,66.10806460422066
62.0,47.41745248901714
80.0,87.46954190216763
80.0,49.74550006314672
61.0,61.45548458268979
61.0,42.95421836026043
72.0,75.77359095547007
72.0,58.81963631528265
72.0,76.35320220072163
72.0,51.96694837928197
68.0,75.84876577464547
68.0,90.6141214143239
60.0,61.22213017460149
60.0,71.44327182864782
45.0,45.48724887996099
45.0,71.59912874654128
56.0,56.570119330169064
56.0,62.81502929471321
70.0,80.67969063941433
70.0,58.816474119599775
62.0,66.20632378300405
62.0,62.156896314733274
52.0,55.96589882570504
52.0,79.75964960676004
67.0,74.56054115344114
67.0,40.46248363837333
53.0,56.410475344301176
53.0,81.86008949394301
61.0,66.15243830233157
61.0,53.604508450228764
61.0,67.64046729938775
61.0,71.02771924861116
60.0,66.77280084613551
60.0,67.24039569340425
30.0,29.717878112796882
30.0,70.25637569477442
62.0,64.0531865197737
62.0,68.62417933026387
39.0,41.57777873302501
39.0,84.06150333517775
24.0,21.385556643594782
24.0,40.34115252885806
75.0,83.60665516035402
75.0,67.50788691526964
48.0,48.37056187011365
48.0,82.89752300740116
55.0,54.39641957793259
55.0,36.426069533834266
44.0,40.13667088474472
44.0,28.26331854501916
42.0,40.42679575554456
42.0,49.516388418110466
50.0,48.973695786901544
50.0,25.610166328897094
75.0,82.52197002394797
75.0,78.04653719101759
22.0,15.211744773257522
22.0,70.9341417409832
74.0,81.49882134939821
74.0,82.03656696298174
35.0,34.57425944057792
35.0,42.04893806971029
36.0,37.805474749008624
36.0,68.69272008049205
48.0,42.05758607593992
48.0,65.67660361109222
30.0,27.252176973498308
30.0,76.64616512224967
71.0,78.50259063734637
71.0,67.57304581469003
53.0,56.86561740228103
53.0,42.775642296706906
29.0,29.916092673846663
29.0,66.94189595096168
61.0,63.53349495540749
61.0,69.39856222108182
59.0,56.36877485595852
59.0,34.9018273966696
44.0,37.08416055486657
44.0,75.72185640403467
78.0,86.79506910284357
78.0,73.73721659350241
56.0,56.56165303242949
56.0,40.33987859719599
68.0,73.17743931807149
68.0,73.95033518304047
67.0,71.73141005167884
67.0,48.34777405832966
68.0,74.5780555370352
68.0,78.37296007800296
68.0,68.4992600652568
68.0,64.86212358464826
52.0,54.28299250794356
52.0,45.705038834293475
59.0,59.92818322975245
59.0,68.12217843475577
66.0,66.81325142207322
66.0,78.26251282064902
58.0,61.1506774829835
58.0,66.75000582888072
50.0,51.748833760596256
50.0,74.23971617589524
71.0,78.77145157672379
71.0,72.94579160529833
40.0,32.47460464884648
40.0,25.20846879828963
33.0,24.963520113924062
33.0,15.890312434380576
60.0,67.70435672266979
60.0,59.164023732725354
63.0,69.61684253510384
63.0,66.41464748685894
59.0,62.62255897911598
59.0,38.50805479452265
51.0,52.29642941139002
51.0,70.57896966387221
63.0,70.58157337916225
63.0,79.74913428679417
76.0,82.35361997215699
76.0,30.428154055350262
77.0,81.75339306360695
77.0,31.49422930407428
42.0,41.9245453018425
42.0,66.12482000881784
67.0,70.04100489016963
67.0,67.53337911408966
29.0,25.710581283206068
29.0,55.55238698653352
58.0,59.07591980997762
58.0,78.40105931581627
43.0,41.59583571765211
43.0,72.08354937309429
79.0,86.4636884783061
79.0,35.90522527631657
46.0,48.4671336734761
46.0,64.3071461191671
50.0,50.84592675721103
50.0,75.0137818118369
45.0,44.96885263987076
45.0,77.78717063163265
76.0,80.63598584391275
76.0,73.53897463920538
65.0,71.17478127141038
65.0,83.68952726120176
66.0,70.33208750425922
66.0,49.376191931852134
74.0,77.24365855482586
74.0,88.10690698354318
65.0,66.46874040905743
65.0,81.74793004639048
66.0,68.91016561453654
66.0,79.16039819901397
62.0,65.60046260790534
62.0,64.86895907749067
72.0,76.65171909079572
72.0,78.43381020059701
51.0,53.072832130548875
51.0,37.20644744147131
55.0,61.84167652004601
55.0,38.140866445394124
55.0,56.82567548689394
55.0,71.9558197359944
55.0,57.99583964814508
55.0,79.02325303819521
58.0,60.76895045520621
58.0,64.43635715947073
65.0,66.69854409229936
65.0,90.85075020927263
73.0,79.83031821398407
73.0,64.95118991187451
56.0,55.37258556133327
56.0,76.58136385332136
70.0,75.49508692424843
70.0,78.48309923502717
57.0,59.55108179918204
57.0,91.68033031654085
50.0,55.787076526471935
50.0,67.37880722651755
65.0,67.02569362833412
65.0,55.89961411545363
70.0,72.08601276845843
70.0,29.257080057773123
32.0,26.780648812870083
32.0,79.96556741808757
76.0,84.28926943429411
76.0,87.53823796253391
70.0,72.194507886081
70.0,30.09489095920884
66.0,69.7809324229525
66.0,72.92847523256614
62.0,63.55034279653779
62.0,70.06480780604153
59.0,62.75974219457737
59.0,31.14441507987857
74.0,81.94498776544208
74.0,64.85294189648965
69.0,70.597781668231
69.0,73.07102340132712
81.0,89.73964563759989
81.0,62.87408202326952
67.0,68.2321024141105
67.0,26.075901116010584
61.0,62.291389758405785
61.0,18.443443247619314
68.0,73.11564069118839
68.0,58.97279771212618
56.0,59.642794619687095
56.0,70.97944551727284
69.0,72.60093931602842
69.0,44.23661446464973
63.0,65.53653973969256
63.0,78.58974896852379
34.0,41.53811836371409
34.0,25.171930979301408
73.0,80.73869571353595
73.0,66.76531676059278
73.0,80.14575515806297
73.0,60.718319351393916
73.0,78.14816482215309
73.0,71.33150854455607
54.0,53.2546483287108
54.0,81.49215637715918
35.0,37.08555133760643
35.0,22.11978057258284
72.0,80.84170937192556
72.0,63.416331667976465
58.0,64.61743772435347
58.0,86.7139829652412
35.0,22.26696185924237
35.0,51.178465320052965
69.0,72.1950163618352
69.0,83.17984044078395
26.0,19.00527993002362
26.0,77.36990576979719
64.0,69.04831372690319
64.0,9.593797280508682
69.0,75.58721677580621
69.0,51.464003686202545
73.0,79.24650980781217
73.0,44.471787433189775
39.0,33.046094883973865
39.0,60.67504820928656
65.0,71.14852706259103
65.0,58.10992199852359
78.0,84.96183315213909
78.0,54.07278339329463
67.0,73.57338415756078
67.0,74.76487217343492
47.0,48.04094624401796
47.0,34.62411466287563
22.0,13.229151826187888
22.0,67.24119450689136
60.0,61.8256734764899
60.0,77.48568997811873
60.0,61.04854202372002
60.0,70.97301912121708
72.0,77.42480435624418
72.0,20.530589646024282
49.0,47.77508491118584
49.0,89.49757175670294
74.0,77.35154917883358
74.0,77.3037824426628
65.0,68.28909312896724
65.0,51.44165255672107
41.0,41.30672707800164
41.0,13.672196373373822
63.0,69.62145978534215
63.0,61.31524103001698
57.0,60.85389438474567
57.0,9.510170780665192
74.0,82.98001925804977
74.0,72.97231664826944
61.0,68.51945980448414
61.0,26.448830763358842
47.0,47.00900747164525
47.0,76.73164132299354
70.0,73.20284306101502
70.0,53.80004234490394
68.0,72.52862374071208
68.0,48.72486768056376
55.0,56.931222637000246
55.0,55.97795806007218
63.0,67.35904851270357
63.0,60.76860394497777
66.0,67.97529915873656
66.0,29.233666384564685
70.0,70.37214179341078
70.0,76.50193306179943
65.0,67.66027647702771
65.0,81.66794523680528
54.0,58.52158999530104
54.0,78.92606619967063
73.0,77.43127375888213
73.0,66.11365781107565
72.0,77.60388725664075
72.0,79.88829843698625
47.0,43.09041842996828
47.0,47.85831102968666
51.0,47.98800500200758
51.0,55.9690495549828
30.0,25.80166225983112
30.0,30.746639220320276
44.0,42.08768692268529
44.0,43.44198205768561
57.0,61.47079006258713
57.0,34.073557399515096
64.0,64.05281800188123
64.0,56.610835052041125
62.0,67.53760695416634
62.0,67.78382487232602
68.0,74.26530477459465
68.0,77.2022519025004
48.0,54.497434997767755
48.0,68.05728748994824
64.0,70.64797017695747
64.0,71.64348609791745
75.0,80.51863895828222
75.0,77.46384408578592
86.0,90.33635114082313
86.0,34.17787379397379
65.0,71.17585751293359
65.0,74.01638548446073
72.0,74.54683760142586
72.0,79.66814482436291
69.0,74.38949999897898
69.0,83.96606208190656
68.0,73.27658980240602
68.0,86.82174197642325
54.0,57.20094924151755
54.0,42.15122856296438
61.0,62.73220511872739
61.0,55.350757739670314
49.0,51.249005488540774
49.0,37.60706502983709
45.0,47.677380963642975
45.0,52.246681448613856
70.0,74.96091673178853
70.0,85.68153094254438
50.0,48.802800872092234
50.0,87.42989077668085
37.0,36.71854209395599
37.0,50.53477642124801
71.0,76.06558989099273
71.0,39.123206598734896
44.0,41.74594514062426
44.0,82.82773196487386
59.0,59.69618754610144
59.0,42.15999206032569
63.0,66.83327754539471
63.0,35.90079281484083
62.0,65.55957043278221
62.0,62.89829722254797
72.0,76.2602267795051
72.0,76.34611309259833
37.0,36.669169101728016
37.0,83.49273792962049
74.0,82.22705240598833
74.0,62.13869634383508
68.0,72.28570596232822
68.0,60.900176232232184
70.0,77.2832178497124
70.0,33.953247875786474
58.0,52.75581239491413
58.0,75.75293356221584
80.0,87.21707531682262
80.0,66.05177337235858
62.0,65.99133907001351
62.0,70.85492964772675
58.0,60.48611950038344
58.0,59.9466879438051
65.0,69.36028998172492
65.0,32.98452090386081
56.0,57.439014962009935
56.0,57.56815895790453
68.0,72.70497982919534
68.0,76.5952292835268
65.0,65.60926852956567
65.0,63.90796439351544
60.0,62.23045943118865
60.0,85.8940360642926
58.0,59.82577631419912
58.0,33.85772919774331
41.0,29.82173863145556
41.0,36.33936901363256
18.0,22.860861356811313
18.0,87.22925587251973
72.0,77.807049369825
72.0,53.16052558948218
54.0,61.19004293038358
54.0,86.17481151506564
52.0,57.280469271840275
52.0,43.738124260019106
58.0,61.87682023460229
58.0,68.07308992214297
80.0,88.13506665503286
80.0,69.27082029836822
43.0,49.40359050774413
43.0,79.92823679604703
53.0,56.10259086404204
53.0,57.07776092304289
74.0,80.30731679787868
74.0,76.57199083405794
70.0,73.49823159099446
70.0,77.41249832276446
68.0,71.90609775687699
68.0,63.92875081317908
62.0,65.90480988277125
62.0,63.12323694892467
34.0,30.53175011489151
34.0,9.276355748517346
62.0,62.6792090451832
62.0,77.23805308264417
60.0,61.831670373197994
60.0,55.25589072488435
55.0,56.28969441249603
55.0,49.68665851850841
65.0,68.04600536142169
65.0,64.94863259516842
73.0,78.32397533223354
73.0,77.28628677396046
63.0,70.60622999145431
63.0,33.954004026206235
60.0,61.28781662840993
60.0,77.19003424640727
46.0,45.60392408478481
46.0,88.53797143266013
43.0,45.48389012387241
43.0,44.42595447807071
72.0,77.4585951139519
72.0,73.76981094713119
32.0,32.39544555888159
32.0,31.39733408219638
55.0,51.364610544459936
55.0,27.52180324594724
70.0,76.99174610805574
70.0,33.49664315124545
65.0,66.00400535853998
65.0,13.417467123830193
57.0,58.63389874298423
57.0,41.4134048135204
55.0,56.196717547767776
55.0,57.845629229487486
71.0,77.25351357761934
71.0,22.357324355142282
53.0,59.71997774852974
53.0,78.29131919267752
46.0,42.4319383971839
46.0,70.51651435044323
31.0,26.783019227984425
31.0,56.93204509230691
64.0,69.23851543220036
64.0,36.41091014998676
81.0,88.76991709808499
81.0,48.10172389590758
72.0,74.85213899446507
72.0,72.97747368889554
63.0,63.635877996724105
63.0,83.90834644218882
5.0,0.39923992833325883
5.0,73.08109898773012
72.0,76.00463309761676
72.0,41.438931755382725
71.0,77.64855571857481
71.0,70.49318663769213
54.0,60.17707522361951
54.0,46.572345732117185
65.0,67.37699066054921
65.0,34.26038059298122
68.0,72.99528623595006
68.0,67.40737555432679
73.0,79.84610210638306
73.0,75.437251433705
21.0,30.221712914119735
21.0,30.59083451833982
57.0,62.18098131860427
57.0,84.84522764603923
65.0,70.256449919678
65.0,46.40821868667592
63.0,67.23306711023514
63.0,55.458732350714456
40.0,41.9590367699376
40.0,75.27171177173238
61.0,65.17245191423166
61.0,71.7694605620677
20.0,19.571260777237853
20.0,42.542207216067766
69.0,75.70025964486467
69.0,66.66723398405406
60.0,60.79901320067836
60.0,35.274738703527476
53.0,56.65342134965448
53.0,66.2551071791251
58.0,56.95412071485208
58.0,72.04312336816679
70.0,77.44905284301285
70.0,77.46325971165862
65.0,68.36982048244539
65.0,64.71419520205563
74.0,80.15256624316919
74.0,62.090591434199155
59.0,60.507549544954884
59.0,48.5994444284039
67.0,71.7302820408076
67.0,71.67952097400052
36.0,33.862174026290745
36.0,54.53236961731693
69.0,75.9840641482416
69.0,70.0927883015164
73.0,81.74322697126212
73.0,56.70202870042033
47.0,44.409747440216165
47.0,10.156709789094236
51.0,51.96201265230843
51.0,60.50732345963985
60.0,63.058996313680154
60.0,86.66064799141623
66.0,73.19350529223209
66.0,75.71344099882015
55.0,57.91271618405017
55.0,65.02710232011447
67.0,69.94979077309756
67.0,76.38939510652204
58.0,62.14112909860654
58.0,71.36918612197775
34.0,26.871450475877566
34.0,44.46212053312644
67.0,72.56381038237413
67.0,72.42901249648605
39.0,38.287091288145234
39.0,71.39398438036164
72.0,79.8254963883366
72.0,84.9365819250034
74.0,79.90096580074294
74.0,67.64404492467969
74.0,79.82630536937364
74.0,53.73118877141246
70.0,76.03884072014574
70.0,59.346849639731374
54.0,55.937965892778664
54.0,72.67654575812122
45.0,44.80167793066914
45.0,55.841370918833206
59.0,60.4040019825739
59.0,74.23187399807392
52.0,44.871200471794396
52.0,73.43227227748162
40.0,40.357842735258885
40.0,73.16861205207147
62.0,69.73365790496825
62.0,17.444789955489966
60.0,61.99382229578305
60.0,73.43885998325555
43.0,48.74848643883831
43.0,81.74206545751423
78.0,84.10391254940942
78.0,3.3185017663675467
66.0,72.71455343430603
66.0,83.20081545099663
63.0,63.25378287119429
63.0,50.72056632328315
64.0,66.62560426932782
64.0,60.305158896659464
67.0,71.81720975721822
67.0,79.56921122199208
57.0,59.60481883516138
57.0,64.15674097589516
69.0,73.92458089999565
69.0,66.58279125486723
72.0,77.16836399100356
72.0,67.97892227406732
68.0,73.27583254690347
68.0,81.07605602840414
76.0,81.47461494702674
76.0,66.49514566124543
61.0,64.8295685490101
61.0,73.22359315904868
53.0,49.82064547589346
53.0,79.14955396981964
73.0,79.61160604623848
73.0,70.30641782399869
62.0,66.47929307479586
62.0,71.84312513802325
74.0,80.69400140865008
74.0,60.18538765614926
36.0,38.70265144923604
36.0,12.962362458621044
69.0,73.92820790560711
69.0,75.31014887792298
67.0,71.12505148244543
67.0,44.41669815895756
81.0,91.6995035841909
81.0,22.94955937640708
64.0,70.98432601767126
64.0,74.65895115031219
70.0,75.2516895494453
70.0,83.04054477583173
58.0,60.68321159650884
58.0,74.35956293161297
72.0,77.61526912001
72.0,81.02279256587593
68.0,75.97292117241705
68.0,67.5405563069985
82.0,88.18879003789476
82.0,60.19025881715862
80.0,84.86267842300668
80.0,53.99908919246445
58.0,61.61806060381855
58.0,52.91558997815707
55.0,54.314053678000505
55.0,82.657509341511
59.0,61.09512325089145
59.0,72.22653213476877
53.0,54.830358565091615
53.0,27.443023335331247
31.0,32.67238962392247
31.0,70.75095291161057
60.0,67.53760521431985
60.0,71.62798420339902
65.0,70.50306114164471
65.0,68.5694918893081
68.0,72.28967261297788
68.0,23.05649197203394
76.0,85.33355474858541
76.0,57.05159044022207
70.0,74.72542923878939
70.0,84.80989712110096
56.0,59.05620873393559
56.0,82.47361097991302
45.0,44.16085718431049
45.0,72.68100642820531
47.0,51.61948506473726
47.0,69.35157064591203
72.0,76.65390575800649
72.0,32.07709411315193
82.0,88.52157133694806
82.0,85.19408907801989
58.0,57.5708365433436
58.0,56.65122021524729
62.0,68.09582040905929
62.0,64.86102101980634
61.0,57.666567748936984
61.0,72.12312195055404
65.0,68.03437993157854
65.0,58.06894333511485
66.0,72.04151823385627
66.0,55.17493330947008
78.0,86.15651383622526
78.0,88.19261839584107
71.0,74.75141508592833
71.0,84.31005105764626
71.0,78.6315202576236
71.0,76.63549383778121
66.0,70.00523536215962
66.0,59.38394190131788
67.0,71.43182099114648
67.0,61.48201652473864
57.0,59.04252546947538
57.0,72.56581589600671
58.0,60.18131105595245
58.0,60.71742926951998
52.0,50.94711226614902
52.0,78.12911558583431
62.0,68.03085185112167
62.0,81.54765965757906
30.0,31.14988025751512
30.0,89.80991290592391
46.0,44.56743319807492
46.0,38.208751215111704
47.0,45.301165607043686
47.0,61.50590043518906
79.0,85.51592789869096
79.0,49.9559476856943
43.0,40.884532581954204
43.0,82.94500090900675
60.0,61.38475397562138
60.0,60.58871377107175
67.0,74.97447568451531
67.0,45.35195891386189
68.0,72.44858924315935
68.0,54.71575734921487
45.0,48.97304789437686
45.0,40.4931164476514
64.0,65.41711215267907
64.0,35.90888662610678
37.0,30.79945694817826
37.0,55.12758497171592
36.0,37.14766354006048
36.0,15.370217713330987
46.0,39.44605888355858
46.0,27.737103089679408
53.0,55.86398509464402
53.0,42.350504817677404
66.0,67.69973337882271
66.0,61.745405611064996
54.0,56.94541198327556
54.0,81.50389490454319
57.0,61.020258912331315
57.0,79.47094365911079
51.0,52.123725132215895
51.0,70.25274258547552
61.0,64.54496390189689
61.0,48.96995874257004
26.0,16.22002393603418
26.0,24.513282430292293
66.0,71.60424555317366
66.0,75.00197284361235
73.0,82.15654883384752
73.0,76.80455104129322
60.0,66.89551041713105
60.0,77.14288361930096
52.0,49.503187606654535
52.0,42.34214590735735
67.0,73.3744864967523
67.0,63.03929258751339
76.0,83.5416120709126
76.0,66.78069685501998
57.0,62.94759958740809
57.0,78.39935526890986
59.0,59.55002268408202
59.0,68.48228886963119
82.0,88.80862085482369
82.0,69.2248442128818
33.0,31.20084462591609
33.0,75.36995871244568
66.0,70.71893285642676
66.0,70.35593112290599
70.0,77.96907508941905
70.0,72.49435450052329
39.0,31.353415779438023
39.0,73.58623511442437
74.0,79.99243715106121
74.0,58.029173039217994
73.0,77.5445401915066
73.0,73.8317009131008
58.0,57.70635365052851
58.0,39.94123827300905
43.0,49.1601923827223
43.0,59.82972836010032
74.0,76.64475028873744
74.0,31.546389741367932
30.0,29.385648024513102
30.0,34.43623335214005
59.0,61.195710626392554
59.0,76.99893580520603
68.0,72.4628969059628
68.0,68.32331895223172
69.0,75.77004206611133
69.0,56.963808913194725
82.0,90.71704805094674
82.0,85.31355593130058
42.0,39.74311914283567
42.0,78.2641439965924
46.0,50.706893485769626
46.0,59.46104104642194
55.0,55.41197754763692
55.0,75.73392066244213
69.0,78.41668938506001
69.0,84.4228123152119
46.0,45.34042125317541
46.0,81.26986056624503
67.0,72.45441509072128
67.0,50.38280787278984
66.0,70.14727418249038
66.0,18.975527769458267
73.0,77.24569968749086
73.0,79.18936325361108
61.0,69.7118172481899
61.0,76.555608767418
72.0,79.359070134962
72.0,67.49370946123327
63.0,72.66862779535211
63.0,59.70282728554986
65.0,70.64156399815795
65.0,14.0030878930487
66.0,69.69833108127989
66.0,60.417387122415164
22.0,22.793783401500605
22.0,44.824411278788716
61.0,69.33817811976377
61.0,77.65889252206762
7.0,7.743487433766973
7.0,25.621150338615394
60.0,67.02471862332328
60.0,74.00693291204306
39.0,38.05863786176445
39.0,73.44145861476369
76.0,84.50526765780313
76.0,81.5922809593452
71.0,78.45787930207399
71.0,84.75416927785432
55.0,54.88942369434318
55.0,80.90842124619763
28.0,27.224727131270924
28.0,82.06675889322622
70.0,75.43856609351212
70.0,46.54229072567978
58.0,56.64781444724241
58.0,84.26647281367684
70.0,75.46060309799088
70.0,66.87836910300109
30.0,20.20936832927424
30.0,50.85250845826647
65.0,66.64276736715073
65.0,73.92077764632586
62.0,63.60601910708857
62.0,16.37898037222766
84.0,93.25242264733436
84.0,62.00875076073157
81.0,89.07748103315777
81.0,73.49717619385922
48.0,54.974968045045955
48.0,82.06419190763495
63.0,67.80477394223777
63.0,56.67837278641042
50.0,51.898755980006285
50.0,84.76479684627532
62.0,64.44477661378846
62.0,50.61574096821988
65.0,70.40832649319833
65.0,35.541572214632765
32.0,33.23152023684395
32.0,28.70537082560054
67.0,73.82658396360466
67.0,38.911459192003406
66.0,67.71627365411632
66.0,82.10241361286182
42.0,39.61663007026874
42.0,73.09968192293888
31.0,29.41006599997337
31.0,41.09919666446086
61.0,62.18447205005077
61.0,82.4280567621899
65.0,64.6489030031214
65.0,68.98693527518225
47.0,42.51888092583977
47.0,86.41792064640077
63.0,68.64668310590389
63.0,88.5597335059129
67.0,68.38121698075588
67.0,30.21684090112791
66.0,67.90060735172733
66.0,76.23423605763196
32.0,26.781003771422434
32.0,68.57319052589531
72.0,75.77959969706097
72.0,74.64205181702295
25.0,24.33759802615492
25.0,68.11926268691974
80.0,85.6632046351396
80.0,74.25263222454305
58.0,63.19408179099173
58.0,69.84015712494192
53.0,55.1487813272272
53.0,79.28176428193245
76.0,80.96355681659765
76.0,60.68106299274967
26.0,22.720566175266015
26.0,34.37785615877368
68.0,79.05093942908013
68.0,60.095808210102746
50.0,47.84792381058895
50.0,54.03980791671455
38.0,33.098495137114185
38.0,20.423023072499177
68.0,72.39981736185177
68.0,75.6033272671333
70.0,74.52477462307792
70.0,75.59112118138205
40.0,43.40900520478732
40.0,75.61498514254748
71.0,78.04576863849718
71.0,75.61174697009398
34.0,32.10953617972507
34.0,46.92076294315831
80.0,86.99439262964398
80.0,20.804535238305448
63.0,65.2642924939259
63.0,38.08985905292292
49.0,52.872918782516706
49.0,73.66509763879355
63.0,68.45294491687469
63.0,80.2726059085769
78.0,85.40815090108146
78.0,62.34998940742872
32.0,28.96505110179919
32.0,64.0489192363708
67.0,70.2198471815629
67.0,82.78186501768386
60.0,64.880156776739
60.0,28.999251320348094
39.0,35.689228251412715
39.0,77.46113120737868
50.0,46.488211705990125
50.0,61.23892623808052
75.0,79.63441380331778
75.0,49.974375927246285
64.0,63.88220386075534
64.0,57.28081375711719
52.0,50.66641961628585
52.0,46.31416220872836
52.0,49.447471174148745
52.0,29.385648024513102
22.0,10.781795023828295
22.0,24.755137338201678
64.0,68.64171261998325
64.0,55.23351334285417
60.0,62.46510402697555
60.0,56.99480482752011
61.0,64.73084530794011
61.0,75.5587661122646
65.0,70.27722405830173
65.0,72.51656536315545
47.0,41.738270671296675
47.0,36.462893219024465
43.0,37.73473368873198
43.0,90.35064806355666
56.0,55.27004143511607
56.0,73.26492577425392
80.0,89.19928868537886
80.0,54.218018410824016
57.0,59.60380424467337
57.0,69.02221746894793
67.0,72.09425031247378
67.0,37.26298202528534
51.0,50.859087798519056
51.0,36.773700205729426
70.0,75.15078964745271
70.0,68.32433365784811
66.0,68.20872157733766
66.0,78.50746458538356
24.0,19.438740682453158
24.0,25.058381965056697
28.0,24.42564118904113
28.0,65.24376558319477
18.0,13.782449044377472
18.0,85.95822563125711
64.0,68.18492105423672
64.0,78.94956495748949
55.0,51.72713239637159
55.0,69.08135444184933
74.0,81.18295164307
74.0,33.836276035335686
59.0,60.0197266879519
59.0,66.21694952421888
78.0,86.86696494177903
78.0,79.52682939917639
60.0,62.22820894195894
60.0,46.24340944450205
63.0,69.09183254235734
63.0,33.22606078170486
76.0,85.31977645378316
76.0,80.76289419785843
39.0,31.14441507987857
39.0,84.63632340901103
21.0,15.298031471935474
21.0,69.91652779433753
22.0,11.770106369156395
22.0,36.489449446564095
66.0,68.56408807754855
66.0,83.41521635875745
74.0,81.67828686489975
74.0,70.54719012755055
64.0,70.03528367614615
64.0,36.15584676412021
67.0,67.96388124865945
67.0,56.00985079448759
66.0,67.60095139977932
66.0,40.3776452012537
37.0,26.90772831727452
37.0,66.45773554977899
35.0,34.39922871284989
35.0,89.10003033620285
69.0,75.388296318485
69.0,57.202690596877176
68.0,72.46188207544668
68.0,38.05791526080725
68.0,68.58191483652075
68.0,75.05143995508791
72.0,81.12930451105802
72.0,74.18411995447536
66.0,68.94375469426745
66.0,88.83157517969033
69.0,73.57061867029711
69.0,76.51833684933479
63.0,62.402840299096795
63.0,66.87933035528283
48.0,49.94182388260714
48.0,42.57679470992275
68.0,75.02948834887394
68.0,71.50018734819764
25.0,17.444789955489966
25.0,88.21239850145275
75.0,79.69266407773426
75.0,53.94871409229512
57.0,64.85480198746848
57.0,62.78983110513656
40.0,44.02616205761291
40.0,36.72385894399309
70.0,76.91307991165854
70.0,68.97829955997912
38.0,26.551186717000405
38.0,69.18045151085164
70.0,75.0795427624339
70.0,60.84860865653434
46.0,41.478642322359406
46.0,68.78413179628348
64.0,70.0949024709625
64.0,3.8379155426557645
25.0,8.099264370920082
25.0,56.34479121017887
66.0,72.28331053846091
66.0,81.30473060147222
42.0,47.23426315718967
42.0,86.49622044476752
66.0,73.215928311386
66.0,66.95878939156108
58.0,60.99425294329876
58.0,67.40963749077594
65.0,67.08572617244607
65.0,55.85540383080934
67.0,71.01556391867643
67.0,72.3459765175607
62.0,65.5733626767593
62.0,59.5739132445957
71.0,74.53206168196203
71.0,24.037438202789815
76.0,78.89798097328571
76.0,74.62446574662425
65.0,74.65987340617619
65.0,89.30717934642485
65.0,69.20278405682603
65.0,60.997910413943714
73.0,77.0661551098201
73.0,88.7470600152734
69.0,75.70045574562602
69.0,55.255242726788595
76.0,81.43819292153489
76.0,85.26985501413435
71.0,76.59557837988427
71.0,64.77966933284887
58.0,62.402980997787324
58.0,10.637381028183768
57.0,53.330623804642926
57.0,52.79697359871392
74.0,77.70264552541641
74.0,52.94400147272103
76.0,80.63859269827594
76.0,33.39079374909625
42.0,39.102265179804135
42.0,28.492534563839058
71.0,78.16706202942316
71.0,45.97533486037298
74.0,79.17444180084806
74.0,73.14915596780429
45.0,45.273724342837454
45.0,76.64495528029778
62.0,65.03603989728748
62.0,76.61056749102619
59.0,57.79300889697765
59.0,75.54245999269193
20.0,24.626897854256754
20.0,22.76991458104004
59.0,61.1863904297158
59.0,85.71438521023339
75.0,79.67680506111537
75.0,58.497627203752984
30.0,25.252705573631374
30.0,47.36744879640662
75.0,80.99382525078175
75.0,81.35258521502215
70.0,73.64171747465701
70.0,69.15316650206421
65.0,66.97289870759238
65.0,76.75024459385452
47.0,46.189175543494116
47.0,51.27356044411573
54.0,60.00029549371362
54.0,32.531056946907256
22.0,7.121929172418561
22.0,18.08609892503887
66.0,69.85318954852926
66.0,86.31782160696281
78.0,82.8706708987109
78.0,73.29618892764091
20.0,18.67465127411947
20.0,68.27509666624297
21.0,14.208766775822028
21.0,85.6234431813429
32.0,33.67848560120041
32.0,86.15575798737461
69.0,74.08853520519443
69.0,18.486718336749163
38.0,39.981247011180244
38.0,38.81135268876642
63.0,66.48449665750388
63.0,58.63127442762021
68.0,75.02986351642244
68.0,76.30283562982834
45.0,46.647015225291
45.0,58.728799574874245
52.0,52.43129246022238
52.0,74.4084516624144
74.0,79.86315520038897
74.0,79.54326508018187
69.0,73.00640602533451
69.0,31.233354532465626
66.0,68.87363049337034
66.0,83.91981561504957
74.0,79.97760274998092
74.0,57.78557367530681
68.0,73.90305609079019
68.0,31.32663979152005
66.0,74.1598368648431
66.0,65.95208764809144
44.0,48.17030625974559
44.0,51.93157027927026
66.0,67.86744413934963
66.0,75.45076221131802
42.0,36.47637823301966
42.0,40.66745711290724
64.0,64.04633026150367
64.0,86.25236216334173
78.0,85.41171542850208
78.0,20.226148635167647
38.0,36.79382009738174
38.0,53.2053355779687
58.0,61.1506774829835
58.0,62.770877555103255
67.0,74.69718374221725
67.0,55.05438058908521
53.0,57.06907393202482
53.0,72.12012106927881
62.0,68.58922509896121
62.0,41.076970354620926
66.0,65.5921123714362
66.0,41.19766397968499
71.0,79.54372302658624
71.0,60.874397751721176
82.0,90.67373637605203
82.0,75.68946803855613
66.0,67.17245881632965
66.0,46.33284612478951
68.0,69.16613678865957
68.0,72.88743543797762
67.0,66.62949699236543
67.0,69.66521001280779
64.0,69.03474184622405
64.0,81.26576768692439
40.0,42.82703965948548
40.0,46.70226756029092
59.0,64.99867988804368
59.0,59.5354129146981
46.0,51.64672138899459
46.0,72.26821341750883
67.0,68.21896067825378
67.0,75.70019672843858
68.0,70.54306795955972
68.0,49.32234511418119
47.0,47.32779394936523
47.0,31.674793523792744
41.0,43.16954050606512
41.0,68.94373995435024
47.0,46.590584958366605
47.0,69.61449310094406
68.0,70.65644892737043
68.0,82.12659107572978
62.0,65.7608323237219
62.0,75.56783531543982
60.0,64.62861077386702
60.0,34.132275165878355
57.0,59.63084071011599
57.0,80.2557640983519
32.0,33.244041279504245
32.0,53.28751693627362
72.0,78.64286716512254
72.0,72.25850959640087
66.0,67.94242908125437
66.0,53.10805828655356
77.0,83.47101549976264
77.0,69.3462055399005
48.0,44.05829835727178
48.0,51.344141026550915
74.0,78.35243502542608
74.0,19.77404557010982
75.0,80.55854240285566
75.0,76.1217428834845
66.0,70.30349494910575
66.0,77.83342501891343
57.0,59.14446539267033
57.0,83.77270114882026
78.0,85.99638807836277
78.0,46.49374085770171
81.0,88.44122980935168
81.0,56.74038416171089
28.0,20.849488863524527
28.0,67.53981744168448
66.0,70.48555965116532
66.0,66.2551071791251
46.0,43.19747952957789
46.0,38.39692104853543
77.0,81.74348852325295
77.0,79.08734500543119
45.0,47.65393839555156
45.0,79.16579604524196
75.0,81.43719957168071
75.0,62.58547537404968
65.0,66.65992782018259
65.0,37.57284686700518
59.0,61.503457852111296
59.0,68.94221913440384
69.0,76.3523243332059
69.0,78.70031027738082
36.0,33.954004026206235
36.0,76.86106261331884
45.0,42.45341886153659
45.0,67.89251378238919
48.0,48.61781113837225
48.0,70.06410503914833
38.0,35.62241221967855
38.0,67.28596299444848
57.0,58.631646349704
57.0,79.94503973605418
39.0,41.721050225049225
39.0,66.21711298590179
70.0,72.57724093968591
70.0,-1.333191625057168
62.0,67.67268291274888
62.0,68.92953773874558
74.0,80.51796825314506
74.0,69.73552657693199
60.0,60.508114617682395
60.0,62.33296967105565
50.0,53.972027342247884
50.0,12.068699712794569
55.0,55.07980470061392
55.0,67.82203089068565
67.0,74.60726466859393
67.0,31.169954565005128
64.0,67.54307375578298
64.0,15.069264847279953
79.0,85.9050632931096
79.0,84.10602888432783
69.0,71.82484276000184
69.0,73.64556952283806
52.0,54.343811163138525
52.0,32.219105661684125
30.0,30.70474553256554
30.0,82.83348345269337
39.0,34.22425240117843
39.0,77.01842103933052
70.0,74.54303960796221
70.0,33.434763240754364
57.0,56.43152890316668
57.0,51.789469027254654
62.0,68.81845893017135
62.0,77.79833679230404
72.0,78.04538893915384
72.0,51.935661670315085
51.0,57.628985938096775
51.0,44.018576357371614
39.0,39.99024442298855
39.0,81.76280493252517
22.0,11.708573697867848
22.0,71.24571949052176
51.0,52.27436112582524
51.0,27.631012301078783
66.0,65.91471487451952
66.0,96.06923113475523
53.0,49.12476187082336
53.0,75.21412023644325
78.0,82.87125835507334
78.0,51.80226523543308
78.0,84.38676100421128
78.0,86.91769349300853
64.0,72.0543225722526
64.0,82.13982414769788
69.0,76.00020215239601
69.0,66.28495112970677
66.0,73.91629454061672
66.0,86.18417865478358
57.0,59.59986983242402
57.0,72.83014600863373
39.0,39.199537982099
39.0,79.99430351411746
21.0,18.866340007423446
21.0,50.12895813613642
69.0,73.4119751411842
69.0,75.32478675522691
54.0,58.763603050240874
54.0,80.06859847922794
76.0,81.97250094251547
76.0,74.03593773564427
57.0,63.248884005512195
57.0,35.16869154709974
59.0,64.5248821845613
59.0,39.871481607067494
57.0,61.31225948559813
57.0,75.0663172904878
53.0,55.86543053217031
53.0,74.76178962163425
69.0,71.24405577818595
69.0,85.7777479201605
34.0,34.46752980733129
34.0,2.8053895949664707
63.0,66.43636542030106
63.0,87.64889193155716
52.0,53.60809086341146
52.0,81.22424802863122
47.0,54.228303047238114
47.0,75.7128467041901
46.0,47.63701291243103
46.0,86.72565472264063
30.0,26.260796401151595
30.0,90.11279543166938
67.0,71.55476157310198
67.0,62.889918188880756
48.0,51.820898483365966
48.0,69.16765126421046
52.0,52.84540418847257
52.0,61.93217625434403
76.0,82.20828315986995
76.0,89.86268697271964
50.0,49.308922932772816
50.0,64.39827109447691
67.0,71.47658726133153
67.0,73.06394004064617
68.0,75.37762903965574
68.0,69.3707859974466
35.0,33.6577483481621
35.0,48.720045752611384
57.0,63.94434713098036
57.0,79.92358870408202
67.0,70.37460055321117
67.0,75.6345442844422
27.0,22.050430478006263
27.0,72.24546031247337
62.0,65.76671484750227
62.0,32.71671438463005
64.0,69.86835351676126
64.0,82.69437268361031
40.0,39.113737554276724
40.0,42.29128696961544
69.0,73.52256135043785
69.0,46.61051184609312
75.0,80.09436987195522
75.0,80.65799082954663
29.0,18.107745201717933
29.0,28.208445888631843
78.0,84.2828362458281
78.0,50.392680299800816
50.0,49.91016068486556
50.0,58.29275408341891
75.0,80.88910084927073
75.0,68.10178571617655
48.0,47.385773553448644
48.0,57.88928788776258
40.0,32.44032188280141
40.0,73.27818503242594
72.0,78.72091298097064
72.0,83.84414074042866
54.0,55.419575190839794
54.0,85.93502192447693
53.0,55.36764558553455
53.0,78.78055321945135
54.0,57.53647040332129
54.0,70.69270731190511
71.0,78.81025366955527
71.0,82.66392153055574
48.0,47.79932213511745
48.0,77.89738760894699
66.0,74.80648502207498
66.0,46.55644604331462
67.0,70.88338692123574
67.0,79.34920001216994
64.0,64.88283227755767
64.0,11.615919532418047
73.0,79.01372860488766
73.0,74.17998972380576
59.0,62.65324557849635
59.0,70.16761594371872
56.0,61.60373268420744
56.0,74.02042241749308
61.0,60.42831766010369
61.0,46.25241753799628
70.0,74.02314462409112
70.0,52.7349172461997
67.0,73.36439872718961
67.0,60.1969693633431
56.0,58.91289578147996
56.0,82.68488189521997
71.0,77.04598367265794
71.0,59.703501162554744
58.0,57.13743890359024
58.0,81.24147427901073
62.0,66.17953710871768
62.0,41.38706320928094
68.0,72.87759301735491
68.0,67.25132526086583
77.0,83.86372574949644
77.0,70.23741259758532
71.0,75.70552246510516
71.0,81.47372879130097
55.0,55.07605928177861
55.0,55.6781445912988
81.0,88.01434175249705
81.0,44.96568616908178
57.0,60.36958553959499
57.0,13.815640533572662
64.0,71.02944784169762
64.0,40.088451841638914
71.0,76.39847979549666
71.0,68.87428689826766
46.0,48.04666411611419
46.0,84.46943339063779
58.0,61.02457286687087
58.0,40.94574069699564
64.0,72.38634323531431
64.0,82.88489214864012
22.0,20.2592624729985
22.0,29.0599139407567
56.0,60.68515427608253
56.0,63.695115382729966
31.0,25.347864456914806
31.0,57.58368916713408
78.0,84.94783055060293
78.0,61.66233095075762
71.0,75.21407834474786
71.0,57.08039716867796
77.0,86.19049797842735
77.0,80.50335029163125
47.0,47.38760906866224
47.0,70.5814496060782
63.0,68.5909777489668
63.0,84.3970316590989
53.0,57.37426350792538
53.0,52.7416002089156
44.0,44.25826756113935
44.0,60.38342949526543
45.0,41.06119225775103
45.0,44.28653409360004
28.0,29.39050732152873
28.0,60.27674793411052
70.0,71.49851385377826
70.0,69.44704744192796
66.0,72.35198344732783
66.0,70.2226814409371
76.0,82.6318197808385
76.0,18.08609892503887
72.0,77.1545316099805
72.0,77.27352697476698
71.0,78.50176577357087
71.0,79.68517252535378
72.0,76.776803120247
72.0,66.79206729593227
50.0,47.525070317005884
50.0,39.34393067405165
72.0,73.38232494294493
72.0,90.72929541610387
40.0,32.948690201180966
40.0,47.497714055841186
58.0,61.37698717303522
58.0,75.30216804787023
56.0,57.96230559683676
56.0,77.27901621845899
63.0,67.31567506282931
63.0,76.8013380356864
79.0,84.10051533584914
79.0,68.612129506467
68.0,72.04735258530224
68.0,72.65363166845532
70.0,77.04526742053093
70.0,35.868335530665206
67.0,70.45445998650132
67.0,27.350650485293386
65.0,65.28308617125617
65.0,41.61378684096883
61.0,64.4903811987619
61.0,73.10720247977457
46.0,44.20769478555269
46.0,74.6041085274914
75.0,79.73181778591135
75.0,39.55529219457895
74.0,76.77687972879397
74.0,73.23549548700151
57.0,55.35586333409418
57.0,87.78273828162366
39.0,37.216849755955195
39.0,73.37130969374113
50.0,53.07314436679178
50.0,52.84389937119607
72.0,78.2309177454652
72.0,47.11321069783378
72.0,81.78304291719161
72.0,55.06195932929381
67.0,70.75033044536923
67.0,36.39746710641265
21.0,9.76546282672814
21.0,65.86954312357415
52.0,57.5339016455431
52.0,29.826083744661503
62.0,66.45806263362692
62.0,96.1987453551888
62.0,63.63091936141086
62.0,43.81372214742993
58.0,57.30739489706235
58.0,74.87047501106565
40.0,37.65251969151086
40.0,50.25394166914498
71.0,78.38882643262446
71.0,82.45895067154902
38.0,35.749157724609574
38.0,77.44319666667252
42.0,34.92926873428473
42.0,73.06386184195514
64.0,71.44882666271894
64.0,58.01475832316203
46.0,49.500552852634144
46.0,57.54972531276337
70.0,77.56384058339512
70.0,78.4864997605635
68.0,72.63285130209795
68.0,83.16611833457631
72.0,80.77796892062895
72.0,45.587320339528446
18.0,6.728711118672095
18.0,54.71818577061293
30.0,19.23556465670555
30.0,56.247209209920015
71.0,76.0243406187708
71.0,39.845008454578874
73.0,78.61170772994592
73.0,58.644613247312634
74.0,80.88294579737749
74.0,74.3499663431848
51.0,49.87350069251562
51.0,57.553405515630914
75.0,82.41958933242552
75.0,60.17898295689827
33.0,26.871450475877566
33.0,53.50843321218002
53.0,54.126149524749735
53.0,64.63073629624245
65.0,66.27457232658026
65.0,79.62081464183984
62.0,65.47422500838081
62.0,41.689620368702265
72.0,73.37936058084534
72.0,64.3153868344279
63.0,69.36370614044705
63.0,83.51626995964716
43.0,48.60783275305579
43.0,56.40430598092314
63.0,63.39372898605404
63.0,55.56551765082776
64.0,67.4694830517883
64.0,13.635623168472762
76.0,83.22716259711211
76.0,74.5325938295527
74.0,79.97589131025836
74.0,78.55984460573234
45.0,43.570408945528925
45.0,82.21719721842334
64.0,71.04483809563851
64.0,64.69650570361688
79.0,85.353386961387
79.0,89.02558087761105
76.0,81.27382434770936
76.0,69.54776421512975
64.0,69.72213361110187
64.0,48.05271294322358
74.0,79.15590365911379
74.0,59.0344574168966
65.0,67.44929202745112
65.0,79.3306005141481
36.0,35.26640238108598
36.0,60.681183131276555
65.0,67.24883290945536
65.0,57.16284585490831
42.0,48.875270967711856
42.0,34.40661050146832
52.0,49.32172430045739
52.0,65.28163318217543
61.0,63.720503668770505
61.0,31.252794071915105
24.0,22.53158255377059
24.0,68.20182714119534
39.0,37.365150706470274
39.0,75.15531540815664
75.0,78.75575697326587
75.0,73.13406961442291
48.0,46.61797338341353
48.0,75.59493776185462
49.0,50.32720811721566
49.0,78.31733306862418
70.0,76.72723125127897
70.0,70.57298607581197
68.0,73.44096863346459
68.0,72.43265216519308
48.0,45.43829225378113
48.0,77.50774566854244
54.0,52.028756689899865
54.0,68.68395934702062
70.0,74.58457493089725
70.0,88.21117346732984
65.0,70.19143625152338
65.0,35.23726482110425
63.0,65.74837154949029
63.0,74.25334556004265
63.0,64.75019060023772
63.0,73.70346401209838
61.0,65.21773588250471
61.0,61.30419540314648
69.0,70.73619091189835
69.0,63.96458260838756
44.0,45.53847404377319
44.0,42.977813230089964
68.0,71.3288012910129
68.0,53.62045871174223
68.0,76.00165865176729
68.0,57.97804739903256
35.0,30.209603572983667
35.0,78.66878605521828
65.0,65.8290631319274
65.0,52.14516649672993
25.0,31.283562961614166
25.0,68.96036764065468
71.0,80.16030560359968
71.0,48.65242470446623
60.0,60.4619853506793
60.0,80.3314587496302
42.0,46.441543658717706
42.0,70.46345474140122
61.0,60.839667969726065
61.0,74.1837009873625
63.0,63.31385794084076
63.0,55.762381104263
63.0,64.9473640487061
63.0,72.48279813456065
48.0,50.134271361898755
48.0,47.48133613117619
70.0,74.76295227200069
70.0,54.9896224391415
23.0,25.574609807798765
23.0,58.64991213311248
72.0,78.88861564091866
72.0,79.25149155707322
18.0,20.04761303171108
18.0,5.0311620151013585
68.0,76.62404503507616
68.0,43.21774568829841
34.0,22.866212797170135
34.0,84.97787364113117
69.0,74.58209604700448
69.0,49.853042593416774
40.0,39.765527693175954
40.0,81.56800427317063
52.0,56.448696853747265
52.0,77.7880237406967
32.0,23.559607962568748
32.0,60.08730809801472
34.0,28.99368565390273
34.0,76.07437267750151
48.0,45.22928841240133
48.0,55.73348556940647
64.0,67.20418289226751
64.0,68.63966777741501
75.0,81.54092890618517
75.0,21.77518668502171
56.0,57.115280287344035
56.0,24.027861716103132
23.0,24.077403141337186
23.0,66.21356149209925
69.0,74.25782236315075
69.0,69.04052033566899
61.0,63.493334048955944
61.0,61.59115954369554
62.0,62.062744539213384
62.0,60.60365847762682
57.0,55.771570453787604
57.0,63.772992866107074
44.0,42.49686297989831
44.0,91.8351312451702
62.0,68.31150204132547
62.0,70.25523835713096
58.0,62.093063490195505
58.0,71.677475475638
70.0,78.08251248186394
70.0,65.5595001609791
22.0,23.83367778935326
22.0,86.94006900512153
77.0,84.40298622810252
77.0,71.57348848727031
70.0,73.68047405298165
70.0,36.30703139863306
35.0,35.04937040708609
35.0,75.74131254715621
79.0,85.11267638840269
79.0,80.40067859953899
62.0,69.36693613901554
62.0,45.4886879039193
61.0,66.85742130164056
61.0,81.28716870326946
69.0,72.65565888219123
69.0,67.7489151119043
43.0,40.91860598534811
43.0,71.32124990673367
73.0,78.22777101608546
73.0,68.56014630561117
70.0,77.65995978693547
70.0,66.96144366599839
65.0,66.8446219388174
65.0,34.2076108204854
70.0,75.18838838649566
70.0,62.41234849193381
16.0,14.934579079476975
16.0,26.57936050907017
86.0,94.28813883850933
86.0,71.39245401744932
66.0,66.49337630917665
66.0,59.943205714795
33.0,23.292113337055184
33.0,45.39697273566202
60.0,63.676196001201504
60.0,75.22695049681596
64.0,65.73617022690138
64.0,35.797743811754515
74.0,81.28343809809456
74.0,89.20765357076328
74.0,80.7744027759523
74.0,69.01562419204794
64.0,70.51300304337508
64.0,31.58299445279431
44.0,41.108323432089946
44.0,69.80177171255752
70.0,74.54544549934991
70.0,66.67823674322233
32.0,32.360509395456404
32.0,65.54400709178151
45.0,53.09312157030553
45.0,51.24220553202525
45.0,43.494169320952665
45.0,55.50210328657619
73.0,80.75945986984459
73.0,69.61306092455828
38.0,36.47164215579215
38.0,78.76102327849765
24.0,28.15012654663377
24.0,84.66258324839049
53.0,56.293589128873975
53.0,66.41648349718258
41.0,44.94880864192146
41.0,63.97341688763049
57.0,58.80340182796459
57.0,14.430463370171822
70.0,75.15078964745271
70.0,82.23772526592387
59.0,60.510101904615226
59.0,60.593429869052045
48.0,52.64557610286994
48.0,55.33557513096531
53.0,51.91289771385186
53.0,54.64145495884139
58.0,56.05755145987615
58.0,77.70199568209307
47.0,44.65832863738905
47.0,21.36528872600593
70.0,77.55140265861888
70.0,85.82249373538087
58.0,58.96149678342783
58.0,11.89731421566671
63.0,63.01601206062048
63.0,70.87842829694046
71.0,73.2757408845925
71.0,48.72138803625768
64.0,71.41765025773105
64.0,59.1659477633454
47.0,44.35109134710427
47.0,77.00026052747052
41.0,44.681958931320025
41.0,69.32396108897461
31.0,29.670839754998553
31.0,56.437273523893225
67.0,72.4275448315604
67.0,49.86956583799554
49.0,47.577612281827896
49.0,74.436085264599
34.0,30.17451587418924
34.0,79.17070410210238
50.0,51.92244230593087
50.0,58.043725911175045
66.0,72.91852475143395
66.0,73.91146181089522
46.0,45.92684675407787
46.0,70.11896580613518
78.0,86.76319232735995
78.0,75.71219143720748
59.0,65.15691136747739
59.0,68.48228886963119
53.0,49.02404423569561
53.0,33.53275957140306
75.0,82.81751793236776
75.0,62.40658110400392
45.0,44.92201264625248
45.0,48.54156244828948
70.0,77.67232123497115
70.0,39.5962086630409
47.0,47.340113191317755
47.0,48.87964274842017
44.0,43.90456304173949
44.0,43.78856101099808
69.0,69.7242251647333
69.0,51.77991288269544
46.0,45.325724899423676
46.0,92.6344543082862
67.0,74.37689341714815
67.0,33.388176715315865
73.0,76.92094896313438
73.0,77.75949795656311
46.0,45.20905906497762
46.0,76.3289502699634
71.0,77.11715509125389
71.0,39.45942246609292
66.0,65.51513451763918
66.0,45.46967933324777
27.0,29.779067733777367
27.0,78.14287114533067
55.0,60.19012278865961
55.0,77.36988653717566
64.0,65.93033449293188
64.0,25.160147764324563
64.0,68.32588382734866
64.0,23.068115146063462
66.0,68.013016926987
66.0,57.92752754880473
52.0,57.8499160985304
52.0,78.58076269057801
63.0,66.41927532889844
63.0,63.88057483741596
36.0,31.391412708151904
36.0,42.5486695148785
70.0,77.43579928761613
70.0,14.883917178904824
67.0,71.55460469374145
67.0,40.67614723811403
64.0,65.1238974197372
64.0,71.60123907764478
70.0,75.92116614876966
70.0,68.17672177936896
70.0,78.4891573642517
70.0,75.36802864756282
45.0,34.46007060399381
45.0,15.590435996176723
40.0,37.940638397499185
40.0,69.77540279748075
66.0,69.99465148513383
66.0,61.13765326490642
62.0,65.24834334935599
62.0,41.37092872879083
76.0,83.18674734342744
76.0,55.01815748667565
25.0,25.68768198918582
25.0,55.61144922101283
50.0,54.37390138139318
50.0,46.49158768265977
60.0,65.08424308138859
60.0,75.64384109731031
76.0,80.57477538788856
76.0,58.496674137829245
62.0,68.83610990786224
62.0,70.84801086034292
49.0,45.45537811250426
49.0,81.05389324780867
67.0,71.62993827559359
67.0,71.78468719246933
50.0,48.71794064268619
50.0,72.78338578441259
60.0,59.55313439750273
60.0,39.33571308038887
70.0,76.90665916139346
70.0,19.491325876179815
66.0,72.51312971535657
66.0,63.59006228278099
70.0,75.56384513785423
70.0,54.28543282297096
74.0,78.81095624425387
74.0,74.61660608839537
48.0,40.26214274613079
48.0,84.7724100807107
76.0,80.018001522426
76.0,75.7825847852227
72.0,76.0859418163904
72.0,66.14806478383548
80.0,87.05347975773702
80.0,67.02628390971324
37.0,41.38218617260702
37.0,33.61641738141253
67.0,75.33341392266169
67.0,79.53959442618697
74.0,81.40927966378285
74.0,60.28906201451065
21.0,17.822485079561034
21.0,77.48243277589097
56.0,57.38910511843375
56.0,54.6815635675207
57.0,60.08296883677144
57.0,68.27635210717779
57.0,61.091925814052274
57.0,42.04136917637146
83.0,87.58333784761703
83.0,8.443785744534864
62.0,63.59253478967679
62.0,84.7422944183046
62.0,63.81305184826516
62.0,63.06225250390344
69.0,73.08794785369031
69.0,67.86945816206628
32.0,24.083989472149653
32.0,66.76003201046285
73.0,78.0668852066471
73.0,74.04091927816205
51.0,57.96387685966039
51.0,30.401840273043604
47.0,46.68723679248501
47.0,52.72556944486951
46.0,46.572345732117185
46.0,62.311760089854886
55.0,62.38734198656351
55.0,79.40219962752519
69.0,71.84519926946899
69.0,13.292347688484995
73.0,80.53999851441921
73.0,57.20895262723366
66.0,72.39390998271875
66.0,30.467032476047677
67.0,69.15773802055509
67.0,66.71425881578392
73.0,82.14369767697929
73.0,67.70467111441616
61.0,66.94675099261019
61.0,63.289541756289964
31.0,32.84292127143141
31.0,12.453776866986516
20.0,19.571260777237853
20.0,41.37600060729642
57.0,58.333081931694835
57.0,62.77153607189365
67.0,70.53649558426429
67.0,66.8383988798671
50.0,52.60559017259186
50.0,21.69038935889506
73.0,80.13468299313917
73.0,68.43738669128783
56.0,62.19004814036509
56.0,79.90320056022284
71.0,74.24683476102501
71.0,47.82458961481893
7.0,7.289595691699446
7.0,74.09698108955996
55.0,61.38494249407984
55.0,72.85907537434912
67.0,71.60874716058191
67.0,79.88040830913076
63.0,67.09471160407634
63.0,72.6141089662089
72.0,80.8716794079366
72.0,64.5025169081174
78.0,83.9777666337178
78.0,67.48397394478184
76.0,83.99469615937579
76.0,80.17099600417583
74.0,81.29385611997526
74.0,70.93781567906905
66.0,68.53211376593316
66.0,76.63017381479938
78.0,85.15272068331706
78.0,48.67997488357071
68.0,73.73401608052598
68.0,74.56848056173504
61.0,62.41204596611732
61.0,82.86268212802895
65.0,68.19475555419103
65.0,68.04007227367373
51.0,51.09819742744281
51.0,66.54974247437684
49.0,51.565267452716284
49.0,65.35970747343282
76.0,79.95175980330544
76.0,67.36629019048257
74.0,80.13934083656068
74.0,85.78762443911808
69.0,72.56044591695951
69.0,68.8069698773993
67.0,70.20677513460566
67.0,81.06062962479092
67.0,72.67192727091106
67.0,72.67350420514981
61.0,60.419148158464225
61.0,42.523014009900066
56.0,58.076203545724184
56.0,85.98058426050449
62.0,66.8714794373937
62.0,67.1709880783431
72.0,79.68706047280597
72.0,17.95823395862726
68.0,69.75291392697937
68.0,82.30472203074754
68.0,72.9747468808896
68.0,75.4548318744221
64.0,67.8132463122115
64.0,21.956541573258278
66.0,68.84771040068398
66.0,21.323708254021767
58.0,53.32957618084362
58.0,85.25996102721115
33.0,34.34201618787711
33.0,79.22974128320146
43.0,42.23117616610347
43.0,57.4739094427631
37.0,34.120938574101785
37.0,76.75541971567588
68.0,73.41299889352518
68.0,8.596344584250176
60.0,64.74927643480754
60.0,73.72818893820858
49.0,45.57050740327071
49.0,71.03967485606529
32.0,28.085156457164715
32.0,33.69510419083275
62.0,64.88376307808761
62.0,64.50537019579565
75.0,82.18735427314385
75.0,56.17127053697669
66.0,73.6634776098881
66.0,49.73779215101473
57.0,62.076611173645915
57.0,75.65630960815292
71.0,76.48920563334678
71.0,64.33456887308694
21.0,18.819752212051924
21.0,70.07745072125113
44.0,38.04655165214058
44.0,71.59202146558005
41.0,35.88824818823559
41.0,69.56170831380729
74.0,82.16120743258205
74.0,0.9902671911700054
73.0,76.6615664218968
73.0,61.156427190019485
58.0,58.94158471355729
58.0,69.51903506849823
73.0,79.01675446893785
73.0,63.598287933692575
61.0,64.19492796014288
61.0,79.93868232392839
64.0,64.52061166850524
64.0,77.78363099102467
78.0,85.13899203940008
78.0,74.0956931406281
61.0,64.09233993672501
61.0,82.52859591719374
66.0,70.43657852221071
66.0,36.5800789755379
50.0,49.80281668082421
50.0,53.377617746560645
74.0,81.70732864784497
74.0,29.628246460760693
69.0,74.19935305015287
69.0,67.8334716070205
33.0,29.93542495639491
33.0,79.81375615117383
73.0,79.38071108979045
73.0,73.74310893524358
28.0,18.00914141416382
28.0,58.73608717231781
38.0,37.138623207884905
38.0,83.12366780870423
55.0,56.36776627271831
55.0,26.602673445772894
72.0,77.78523926373612
72.0,75.3860341956489
13.0,14.37956499083731
13.0,48.191374055941196
49.0,52.73035907284486
49.0,13.98607349292206
75.0,82.81279506048355
75.0,29.238373684356304
27.0,21.185447430555882
27.0,74.19368338308175
69.0,70.63364889009318
69.0,41.32054842038468
76.0,82.1898952192251
76.0,80.83267257964121
76.0,79.99618844895593
76.0,70.66954878161363
71.0,76.45925760580758
71.0,66.50336066966935
63.0,68.08437681132875
63.0,68.42206775209053
61.0,60.35517303978395
61.0,70.13204095585354
60.0,62.552001914167136
60.0,85.48359879138167
72.0,78.89514046792652
72.0,69.07786044860575
69.0,74.64099395311689
69.0,84.04455334132177
63.0,61.61167234736013
63.0,47.170762266322924
73.0,79.8664315459257
73.0,71.76504278696314
77.0,85.81372526415242
77.0,88.4925710205498
77.0,82.52874315724051
77.0,81.66869191488132
75.0,79.27970652369129
75.0,72.79708455633329
21.0,16.463703503576426
21.0,36.25816735367897
43.0,39.74930758409414
43.0,18.533271088823653
76.0,84.05663986434126
76.0,80.98581814122656
75.0,80.54529403059905
75.0,71.86793340356098
49.0,53.74085294284214
49.0,75.9212892132719
74.0,80.47329271418454
74.0,83.236247270648
70.0,75.61472364068129
70.0,54.453104100900646
54.0,54.43811703714135
54.0,77.40009065313637
71.0,76.7309195702145
71.0,29.842971772232318
37.0,33.331019964055656
37.0,77.28884682226033
31.0,25.196213216206843
31.0,76.6203337531187
51.0,51.941127748065185
51.0,78.71359937414564
46.0,44.07728298559459
46.0,60.19640840768665
69.0,76.27274882333552
69.0,29.779067733777367
26.0,9.148714322581327
26.0,78.86566152787003
42.0,37.15984981088121
42.0,75.49488317477642
59.0,64.65835356763023
59.0,66.78608024130682
51.0,46.9996462339322
51.0,53.96221780215302
71.0,76.36215806136664
71.0,58.059646313292774
71.0,74.37223133705845
71.0,70.55190890217784
66.0,73.77463408659224
66.0,74.6702210426173
69.0,74.73042857877516
69.0,81.3688036752385
66.0,68.80646467024957
66.0,23.141771255578078
68.0,70.02277061663915
68.0,77.91726148352097
65.0,70.46773730704314
65.0,73.61211574043409
70.0,75.14552796642607
70.0,73.28119148093162
64.0,69.33099079674935
64.0,70.69771602616589
51.0,53.7507637545541
51.0,66.23685898663894
71.0,75.90509678440787
71.0,51.1325492764409
80.0,86.94082212694582
80.0,60.6809458012184
74.0,82.61491842260972
74.0,34.44297113726793
68.0,69.36766493591443
68.0,75.77622686972921
16.0,1.0803995809081357
16.0,48.51959778555994
28.0,29.067720292327294
28.0,61.08653389997545
29.0,20.16046901658791
29.0,80.15416810405958
67.0,75.54565819421941
67.0,67.430129602926
61.0,67.96593409761493
61.0,77.35492524045003
72.0,77.18176250783756
72.0,42.98591949322065
69.0,74.08792849815694
69.0,69.64865596259716
70.0,76.17088037310407
70.0,63.57036829994081
58.0,56.45149779746282
58.0,79.64284796880713
58.0,61.98827711712994
58.0,69.54822886684366
69.0,72.4586964227816
69.0,61.41729198519562
75.0,79.39720448669658
75.0,74.05942677975077
51.0,57.319034143746364
51.0,83.93307371841854
71.0,75.78611546712398
71.0,52.69959059414998
49.0,52.57557191054423
49.0,60.75420375905395
65.0,69.73693176322132
65.0,69.44420849341441
60.0,65.39010074121597
60.0,69.46425624626585
46.0,39.61215291145487
46.0,62.38787851457681
65.0,71.80208874707222
65.0,69.70702638303408
64.0,66.88517698892412
64.0,68.51104476753687
69.0,73.61466697685518
69.0,79.79638953122816
33.0,30.247057145733947
33.0,55.347926144305404
77.0,84.45778806868458
77.0,69.09686999931523
46.0,49.81935786022865
46.0,65.02008107797371
67.0,70.54293935074702
67.0,59.55014696970602
67.0,75.00496225444766
67.0,67.13275480360414
56.0,55.11745238690639
56.0,78.95513408912632
72.0,73.52062509598977
72.0,61.30810897906571
60.0,61.573554289035144
60.0,67.15200329706772
64.0,63.60261258618681
64.0,47.28883211108945
50.0,52.51510958121008
50.0,86.8192724897973
76.0,80.73632149222311
76.0,49.30622373160179
47.0,47.37480006177208
47.0,80.63043047442358
54.0,58.86682260954507
54.0,70.4914837084433
69.0,77.40418336932038
69.0,50.836024959908286
27.0,13.831293966954945
27.0,63.6108808532253
69.0,76.90612082043032
69.0,57.77798191272859
12.0,13.423724877474456
12.0,79.70202667578525
20.0,11.391908975097977
20.0,79.03481386709677
78.0,87.32333743887125
78.0,42.57582109715764
35.0,44.59313700112921
35.0,76.42211729993227
31.0,29.30201204606749
31.0,60.02390750156138
64.0,64.04693123260614
64.0,25.932921832899126
24.0,19.25688693100824
24.0,78.05993670655226
72.0,73.60844176266164
72.0,71.94975393285665
67.0,73.91142857545509
67.0,51.761015873385304
52.0,52.585866951253706
52.0,71.13774682503521
71.0,74.20011402271348
71.0,74.41325692379809
48.0,47.77120492517645
48.0,57.91507919890768
59.0,63.38407623774992
59.0,26.23316696832137
41.0,43.16954050606512
41.0,78.22745424124776
57.0,62.87734252658464
57.0,67.4915424469682
73.0,77.50984394521953
73.0,80.14001757084486
44.0,43.66602724221201
44.0,61.62466112909328
60.0,63.6569321704344
60.0,67.80367403052225
33.0,30.458261716398454
33.0,71.44199865786311
46.0,47.952844332153006
46.0,50.13040956917064
74.0,79.60296452210656
74.0,78.42097126575146
57.0,62.65844097090343
57.0,72.25427680593464
58.0,60.580011407432266
58.0,66.51113399058983
61.0,65.99541708552005
61.0,65.86954312357415
73.0,77.56972847197136
73.0,79.97340984508674
69.0,72.42155103825297
69.0,76.75556827018903
74.0,81.9910405886697
74.0,24.73846854509719
55.0,48.27224644773287
55.0,49.44763127784876
77.0,82.43324070075624
77.0,54.59787171687998
74.0,81.57526595991692
74.0,44.45402395825556
54.0,53.13744149610278
54.0,47.3959886719432
57.0,56.71494479589364
57.0,63.6583840508323
70.0,74.99700810074398
70.0,72.23133757791561
45.0,48.19771184672601
45.0,85.40817100200064
70.0,71.91341116818774
70.0,54.44239014479575
60.0,61.95190423232549
60.0,80.28466649983704
75.0,82.98386248350869
75.0,73.55444355424936
68.0,70.97272342123745
68.0,70.34426735730932
66.0,71.38211674516288
66.0,49.10070408084073
62.0,62.94279934593345
62.0,64.01389045357047
69.0,74.24240264070153
69.0,74.72765140320723
62.0,63.16988615436378
62.0,55.73902319127734
62.0,66.85026461675176
62.0,42.18315540435378
46.0,47.43456692645759
46.0,26.297456808348215
74.0,78.95150274663985
74.0,72.28948033190397
62.0,63.840403140629235
62.0,82.75486784339517
79.0,86.02074957533148
79.0,54.22734614745167
67.0,75.26102753095927
67.0,77.93365782186004
67.0,73.85680012519299
67.0,65.86129637336222
57.0,56.78791156362564
57.0,77.93256166966484
37.0,35.532385555718804
37.0,71.83769922886819
70.0,74.83639894102492
70.0,72.78912337856906
26.0,19.13623901955782
26.0,48.87903379094848
66.0,67.69447178899406
66.0,79.96174690140816
68.0,69.38344437865476
68.0,75.63394945667426
63.0,63.90450388237883
63.0,69.3282788661354
69.0,74.9066194989166
69.0,46.10894392404282
53.0,55.73259475206447
53.0,90.86533450893182
62.0,65.57904437195634
62.0,74.54509402028071
19.0,14.208766775822028
19.0,10.65641185405957
55.0,58.65738617736639
55.0,62.886716071595686
60.0,66.91374800087192
60.0,71.67165712696738
74.0,81.14617424270551
74.0,53.192901166952026
72.0,76.97646033189596
72.0,80.22917853840642
68.0,69.27370105498795
68.0,18.881732345058253
76.0,77.51607635255135
76.0,61.64827934135445
65.0,69.96175379618603
65.0,18.965973445638554
77.0,81.49821009081467
77.0,49.36232553790444
74.0,79.31593407646926
74.0,57.43596430104884
64.0,70.25489798518169
64.0,61.28785387296318
76.0,83.12751591394385
76.0,15.867583818331298
64.0,71.32805136255394
64.0,18.650667211563814
49.0,52.930684696179014
49.0,54.6528063019141
71.0,73.49590439021813
71.0,75.441127031122
45.0,43.96215786091483
45.0,65.2091926602481
58.0,64.89708931898241
58.0,22.536853787496568
26.0,19.238961710315664
26.0,75.1020207766955
17.0,12.898598075194286
17.0,35.333282435786884
52.0,49.72058793034125
52.0,8.523044069601042
80.0,85.18639274129083
80.0,63.41218067702471
68.0,77.55976343254554
68.0,71.88720447151877
63.0,69.43099015024018
63.0,66.1703903061541
79.0,83.31738000540844
79.0,80.96471843397438
66.0,74.61178341101612
66.0,32.16837834525944
74.0,76.81165335589549
74.0,85.19628807012879
39.0,40.46706533681328
39.0,69.73365790496825
57.0,59.783810657493234
57.0,70.42265580716594
58.0,59.03080243598879
58.0,59.558288286497145
67.0,69.73343842484155
67.0,53.19403808226889
64.0,70.58904107669571
64.0,52.00251651352528
64.0,66.38024881477043
64.0,72.55092021193292
71.0,79.69088001402116
71.0,84.08794686513306
75.0,81.27049734554646
75.0,32.31260083267745
67.0,70.18146659626115
67.0,42.57583583919876
73.0,79.21231351890697
73.0,61.23393744815178
44.0,43.81372214742993
44.0,83.7507778207044
83.0,90.43159751269218
83.0,80.28959688284687
68.0,72.5480390096514
68.0,44.129208869517925
65.0,71.03535926917272
65.0,46.47587358638941
71.0,75.83634431186823
71.0,75.29514744601636
56.0,55.22035069090316
56.0,81.56184520700253
33.0,28.8622655809599
33.0,24.230928548000293
65.0,72.5854162850535
65.0,73.11619744224328
52.0,52.433930601523286
52.0,55.649853401989446
22.0,21.47240403132264
22.0,16.37898037222766
76.0,84.3620167394858
76.0,69.56217835599136
71.0,79.0395355516676
71.0,27.252176973498308
71.0,76.1196680751766
71.0,86.35942170605063
24.0,22.45868399369448
24.0,65.62692096457494
56.0,58.229190769398485
56.0,22.445270543017386
51.0,54.72655451867445
51.0,41.37092872879083
52.0,51.765544129378725
52.0,66.13744982518153
29.0,31.59074268060334
29.0,57.5307284496032
57.0,61.47220050857425
57.0,57.61120358265248
34.0,30.89105495472444
34.0,78.77228131212348
61.0,64.98790630544607
61.0,64.76819092146974
75.0,81.48489787093649
75.0,78.31410922292974
9.0,-1.333191625057168
9.0,73.03012877354115
37.0,36.4471489294873
37.0,74.53460258122647
55.0,58.06336983231773
55.0,57.39972860047271
71.0,76.53110209268158
71.0,22.372538449085994
76.0,80.57009913493613
76.0,79.68806894118
47.0,43.829968042625865
47.0,66.05045502030401
59.0,65.15483334838643
59.0,72.91096302816584
63.0,64.61304091091722
63.0,67.18947148347632
56.0,61.728233544578245
56.0,64.79016671376957
75.0,79.64340191032932
75.0,73.71083768087527
39.0,31.092095812639002
39.0,59.33030663068757
66.0,73.97303615502341
66.0,77.48003773202981
64.0,65.19545460981311
64.0,78.4234745540025
54.0,60.1144898627324
54.0,52.437849492429734
73.0,79.6260339582779
73.0,64.54373067113465
66.0,70.26785732263647
66.0,79.77649031134831
67.0,70.53994814202997
67.0,68.73386624010101
61.0,65.65465255273051
61.0,65.33158590989285
72.0,77.2419143019581
72.0,57.441199206080796
73.0,78.74406621668925
73.0,36.15005471023193
30.0,16.37898037222766
30.0,42.26840753900893
51.0,44.944574614846545
51.0,46.26691666769125
60.0,62.021483317682566
60.0,75.62448973326542
69.0,76.18710679817883
69.0,76.93473956694339
65.0,72.32645828570918
65.0,57.61330112060955
51.0,44.45594430232154
51.0,48.72306168469919
52.0,53.194945757235246
52.0,31.61437103444382
68.0,74.30059353464247
68.0,78.3684793110595
7.0,8.596344584250176
7.0,3.9691313627311615
68.0,76.17696639562763
68.0,80.72996136730615
54.0,58.95727005406599
54.0,69.45549559892743
45.0,49.45172853367529
45.0,72.7185719065061
62.0,64.70018095588222
62.0,58.449981737470296
64.0,68.19102804545156
64.0,52.231274029140025
43.0,46.797033807945354
43.0,61.26308605321407
77.0,84.31506147350063
77.0,58.17113440593829
46.0,42.775642296706906
46.0,17.360250868651747
68.0,74.29099312174395
68.0,41.83800839143254
71.0,74.69027920872958
71.0,44.83238241537441
66.0,69.78821984417152
66.0,61.09150957342035
68.0,76.61483161613972
68.0,70.91543850911359
14.0,18.804818661283605
14.0,54.29013046613176
50.0,51.61302894380725
50.0,27.74479202546388
76.0,81.69415531850382
76.0,84.19904219603228
71.0,77.21071857067301
71.0,41.28142130823392
76.0,82.3601893123855
76.0,33.63239140799607
68.0,73.73601736383199
68.0,64.33636356811945
68.0,69.59675642975549
68.0,14.676494627201066
80.0,86.14243930650122
80.0,68.59225130553818
57.0,59.90026958929809
57.0,58.66261591748366
76.0,84.21038155617356
76.0,18.486415699275256
13.0,11.029799285342506
13.0,48.75030556442448
63.0,66.70782805924972
63.0,84.93955476669862
54.0,58.99188706930562
54.0,32.3359073630117
39.0,38.84545194891626
39.0,77.34207495536862
73.0,75.11365355399312
73.0,49.85972792983506
51.0,47.215218206806924
51.0,81.37004440487118
53.0,52.93298423428877
53.0,74.13724582263387
59.0,60.59494949504318
59.0,46.79844050850397
73.0,75.14565910328884
73.0,69.50244006688564
74.0,81.78282088688968
74.0,31.252260709204506
81.0,88.81415121457286
81.0,73.08113382293072
81.0,88.49885932332921
81.0,21.846348933719582
69.0,74.04386515081518
69.0,69.17791589471017
68.0,72.14982387957753
68.0,53.07012264325641
25.0,29.511281724564867
25.0,85.40494805065805
68.0,72.33217500127824
68.0,29.644970286982527
74.0,77.59365137432712
74.0,84.26014255554122
45.0,43.89294511628913
45.0,74.38276758541122
54.0,53.72187239735814
54.0,68.55270371118257
73.0,76.36274492085357
73.0,53.53491540510987
39.0,29.8374039008217
39.0,78.95268292378819
68.0,70.40908781931375
68.0,72.95967907454042
65.0,67.98360188008246
65.0,34.38887670286141
30.0,36.18708873653179
30.0,49.851707632285525
53.0,57.373593234075486
53.0,13.417467123830193
37.0,39.419462393894946
37.0,68.98869051219066
64.0,70.88811978934967
64.0,25.411158387257387
76.0,82.57771573874385
76.0,7.743487433766973
57.0,56.96213723760309
57.0,69.66492693440836
65.0,68.74277199940803
65.0,76.06722111851803
61.0,60.836047085591474
61.0,84.89646525596282
67.0,67.39031300874552
67.0,81.76028457165336
69.0,75.01748716230321
69.0,55.63897954390745
61.0,61.325620324747206
61.0,74.55087716224733
58.0,64.19059888618722
58.0,58.35870026985259
62.0,67.34430488891508
62.0,58.74863768258888
65.0,73.90870253750171
65.0,35.29307173741489
38.0,30.382982077825943
38.0,76.68227249482999
80.0,86.82637657629562
80.0,66.26891129711112
52.0,53.522469561001685
52.0,50.301513641001236
68.0,73.68767091565127
68.0,84.25100342598955
68.0,72.23206304223112
68.0,17.567177007910516
33.0,34.29589298257821
33.0,74.89633318968009
64.0,68.02858669513529
64.0,47.411599472080525
66.0,69.51386340670598
66.0,62.41494086977934
77.0,83.02946714113062
77.0,72.89366338874453
60.0,63.24269663236851
60.0,61.81810337340556
56.0,57.31634309280912
56.0,41.71450297509398
60.0,67.0062895625648
60.0,70.83701814594099
73.0,77.73753030298809
73.0,71.62170031980236
34.0,27.828863226230737
34.0,56.74065259083227
75.0,82.96120075848472
75.0,70.39191903913314
63.0,65.66569767749695
63.0,77.36791646848087
35.0,41.23607064127924
35.0,82.90642825324062
73.0,80.37765709129292
73.0,15.4341190968604
42.0,35.00678651734563
42.0,50.221537514707734
76.0,80.9578437224003
76.0,89.67348442466732
78.0,87.21737254909624
78.0,48.51959778555994
81.0,88.80669594949183
81.0,52.55908159028985
72.0,76.34802552689177
72.0,51.45564292783877
75.0,81.05659347925189
75.0,32.77196657047716
46.0,40.19658568158468
46.0,35.55995979748724
79.0,88.007460120708
79.0,53.85108193269906
79.0,85.15284771747184
79.0,67.05921493385921
38.0,37.130438837089116
38.0,86.89736376891722
58.0,61.77616569458439
58.0,61.53445763992994
65.0,62.74732120247381
65.0,75.36380507776681
62.0,66.5751723733207
62.0,41.76110753409682
68.0,70.12935832806511
68.0,49.53321060489219
54.0,56.453396028020165
54.0,26.217507456672877
56.0,61.416670892049126
56.0,75.85447935017947
79.0,87.34618741901471
79.0,70.39931790396372
73.0,76.93103415981619
73.0,71.04911031254318
50.0,52.134938099366366
50.0,66.58996520904708
72.0,78.43465046898342
72.0,59.86030674116
76.0,80.68946395732354
76.0,83.86038561223364
58.0,67.20967059690656
58.0,83.23259791184347
41.0,39.032541897852525
41.0,80.53579475474606
21.0,21.02514309074394
21.0,47.83368111206795
68.0,70.92906975975853
68.0,70.18061133081807
57.0,60.875352432235786
57.0,92.79302878200178
39.0,33.046094883973865
39.0,68.51239550217127
77.0,83.41922159310394
77.0,39.62410255354399
62.0,63.67061555811682
62.0,76.48736558376538
67.0,73.90373998798549
67.0,64.56996558547462
57.0,64.00933906188288
57.0,68.17833245285817
38.0,40.777755789450225
38.0,86.28791591641169
59.0,64.6749348992414
59.0,80.34533258275536
63.0,65.55940099050235
63.0,89.57817191206016
74.0,79.91813113033493
74.0,83.24259426482314
76.0,84.73807993275449
76.0,72.6380045919816
62.0,62.33695588657031
62.0,65.28898979954397
60.0,63.730266862276494
60.0,71.77040278869339
56.0,57.929691395619784
56.0,20.6883369604829
51.0,49.53321060489219
51.0,70.09303776574546
62.0,67.05607205720406
62.0,75.74222691345523
54.0,58.05103268032167
54.0,68.22833923628843
58.0,64.86530115815503
58.0,76.20294241473238
41.0,36.95704748906297
41.0,78.04513477532845
56.0,59.48913509331976
56.0,70.29234073648706
71.0,76.36404683991856
71.0,91.45792356348181
69.0,77.07582502898975
69.0,51.99031493293688
39.0,35.63006380444057
39.0,79.61353734902843
30.0,22.53818327466206
30.0,53.81649842774658
67.0,75.37230727692446
67.0,54.27674579885377
58.0,55.94950350257977
58.0,41.14497596326834
19.0,9.423215869976218
19.0,83.47144277416083
71.0,75.51602582408748
71.0,44.43926626360792
68.0,75.9653257703813
68.0,47.09723061240203
56.0,61.46170923820097
56.0,73.11730485671967
70.0,74.72514016763517
70.0,18.85337419213886
61.0,62.07017440967189
61.0,63.95339022790694
61.0,63.350022943030694
61.0,40.87581920753598
73.0,77.06342876422133
73.0,34.886814564216195
68.0,72.66637266418809
68.0,32.12866741994304
77.0,83.38936698958196
77.0,41.54584986569898
59.0,65.75892293475079
59.0,87.91145429950251
48.0,47.695688169677226
48.0,79.79971547429938
53.0,55.804101122784175
53.0,33.38561848022226
49.0,50.34363333033292
49.0,51.126235352974504
58.0,64.40144170768963
58.0,71.77840831794202
88.0,95.7269564830807
88.0,44.31526058234192
70.0,74.72533879175256
70.0,68.65769210249624
72.0,80.0255522163385
72.0,13.309160588529949
8.0,9.277417891729499
8.0,74.94037617424124
75.0,79.97432310024715
75.0,74.93775018874419
44.0,39.67015034588428
44.0,80.59354322018112
72.0,78.37929021091333
72.0,26.63941917676692
63.0,66.8280373593226
63.0,28.573305882684565
66.0,69.86603822412695
66.0,76.55073517067649
56.0,56.80094858293552
56.0,71.76585407819914
64.0,65.25087715990026
64.0,82.28340500581294
72.0,75.76567398446434
72.0,81.57011437683428
54.0,53.900352973404495
54.0,40.86467543290206
60.0,63.364060628261825
60.0,83.55838980271926
60.0,61.3701276953513
60.0,53.30978704520584
55.0,59.75548445433043
55.0,77.54417112013056
54.0,56.14127547780663
54.0,76.06285118182188
42.0,31.865370121317255
42.0,62.24863810472709
74.0,83.12860209752154
74.0,74.3437324869916
60.0,65.33556145818159
60.0,54.04911700752439
42.0,39.382159028265505
42.0,63.44125830688563
64.0,64.71868491393815
64.0,76.79146951180667
42.0,41.17348453933363
42.0,45.31921529357135
70.0,70.9247195632928
70.0,71.75466753210935
71.0,76.16933945721166
71.0,51.34959312213658
70.0,73.82642440154325
70.0,63.43694365669893
44.0,45.112518597614724
44.0,54.87650685122719
33.0,32.161705778891246
33.0,83.02113370541002
74.0,78.65189492996956
74.0,80.23955157817824
56.0,53.82598994691159
56.0,82.20650250682053
72.0,77.87517074501045
72.0,72.39452153026718
62.0,64.12489085536896
62.0,80.13490286060744
49.0,54.03177009525149
49.0,74.90518701494534
76.0,80.52340157890569
76.0,74.39391500927275
65.0,65.84199044411065
65.0,81.42061302721714
52.0,53.6362971005874
52.0,72.82291584305705
63.0,63.31117420948095
63.0,63.836784423561085
73.0,82.19649612714181
73.0,79.86348884391384
36.0,34.65575304234068
36.0,21.346651766140212
63.0,64.96931947119555
63.0,74.17572992895447
46.0,40.96839507967684
46.0,78.69481333938069
48.0,47.166920857689206
48.0,60.18771642246338
21.0,8.427107573745957
21.0,69.67189678205051
62.0,64.71332055239355
62.0,77.38764393812198
75.0,80.81390384422133
75.0,60.61985997452501
57.0,60.80190514910339
57.0,82.52500258378518
69.0,76.3348826749546
69.0,83.98146004703875
54.0,53.388675937250866
54.0,66.82280441792443
60.0,63.76286121141419
60.0,52.60998493145189
66.0,71.3877990488129
66.0,65.78510311115934
66.0,74.9288942113414
66.0,64.14846094886974
43.0,41.772799001030194
43.0,50.406884427924865
69.0,74.1015475557486
69.0,64.8331406144793
67.0,71.51726840602038
67.0,60.94724466038707
51.0,51.20241386355838
51.0,67.09658931918761
63.0,66.17645186238383
63.0,14.661744437520383
31.0,28.04527848563572
31.0,62.83446675671178
65.0,67.7412344937199
65.0,44.183174422577395
71.0,75.72624601292586
71.0,73.955456927108
55.0,56.35617727204374
55.0,33.953247875786474
64.0,69.06816367773371
64.0,0.6637573574053022
38.0,42.99572580958369
38.0,78.93460790110862
57.0,63.119547732435024
57.0,74.57545558669136
5.0,2.0139813547912127
5.0,48.39979695614085
72.0,74.94623865533816
72.0,83.71349840274684
37.0,31.479407295071496
37.0,54.54376382734449
35.0,24.276999078193057
35.0,39.80394194652018
59.0,62.41513534244268
59.0,82.1422230463213
53.0,56.04829780774838
53.0,48.789246953340296
63.0,69.39132190906918
63.0,83.11886272181681
67.0,67.88685320273885
67.0,83.46796384061781
62.0,70.27314471763583
62.0,74.49212696661061
21.0,19.706799426824205
21.0,60.84098087743678
62.0,64.15265403033112
62.0,91.95045842223522
70.0,78.26006464582633
70.0,69.62093954609747
72.0,79.60326730144095
72.0,55.46390665334479
19.0,9.423215869976218
19.0,34.77850593592882
45.0,46.189139686319265
45.0,57.21432673153771
50.0,53.17085215524537
50.0,19.03856664352719
53.0,55.92602874490137
53.0,32.16804157936957
38.0,45.29376525548702
38.0,46.511920451636286
31.0,31.973291557238838
31.0,50.00107680560717
69.0,74.77753498311785
69.0,57.39596443325178
64.0,67.28830987107443
64.0,79.31773968556763
56.0,53.98364697073265
56.0,48.990622606270506
75.0,82.71359764749059
75.0,77.28245798803607
57.0,54.6617589025426
57.0,83.88493496190193
73.0,77.31606850328814
73.0,60.92413698214773
50.0,53.14467553037082
50.0,42.94753411614931
47.0,47.34490700965233
47.0,65.57641106789066
28.0,20.849488863524527
28.0,79.2504113594315
66.0,64.80130370730234
66.0,51.1439737711749
53.0,60.5871680965335
53.0,50.13375486266534
66.0,73.3106813725056
66.0,23.82830854287971
29.0,19.02347233362076
29.0,23.32693075915114
51.0,53.71701481437594
51.0,78.83409805365199
72.0,76.32833999662762
72.0,69.75996767632466
62.0,62.96904108539678
62.0,40.29552792280788
73.0,78.58349681026277
73.0,81.41557111848817
34.0,31.804854584596512
34.0,69.02880610998386
60.0,61.689968676057845
60.0,62.450196988052426
68.0,74.6112990002751
68.0,73.64683063523347
46.0,44.29932414037313
46.0,69.08579143317576
55.0,59.79818332713785
55.0,71.09379337931392
58.0,62.03245456732526
58.0,41.93405546597046
78.0,84.66752589176559
78.0,61.39390417877985
64.0,73.18479910114013
64.0,71.59680525198456
49.0,46.90784344553356
49.0,74.90024812013525
63.0,70.48598130579649
63.0,76.68454169358478
77.0,82.12776740681085
77.0,42.3338095407791
76.0,83.5767980967259
76.0,41.29333580473889
78.0,83.45677296216854
78.0,65.56298256552566
62.0,62.15225269949485
62.0,73.47363544282678
78.0,85.6220745335226
78.0,69.53286998679442
40.0,40.44709375315364
40.0,78.60723753766462
66.0,69.48121280509895
66.0,85.40956136785599
57.0,61.15030630730456
57.0,65.23839833851287
63.0,67.05125165171711
63.0,68.10107997026
71.0,77.04796824376075
71.0,75.0795427624339
78.0,84.82866084572805
78.0,51.561643678560074
74.0,80.62560966550478
74.0,-3.7327688186961723
59.0,57.905011692924916
59.0,80.1539347225011
66.0,71.05788802110436
66.0,61.32513955749545
75.0,81.21824428153428
75.0,89.74826613515427
68.0,74.19288344148134
68.0,32.81994022719721
65.0,70.18957952785547
65.0,52.00159575558132
58.0,58.43636456181417
58.0,55.99194101471272
64.0,67.6173622966079
64.0,59.340038568601585
59.0,62.95364888858995
59.0,76.55611851953972
60.0,66.36196622891111
60.0,74.21371833561193
62.0,62.94142405465982
62.0,76.20958992633325
57.0,62.33845874377852
57.0,76.31330781576753
55.0,57.68821342984023
55.0,77.12786092307493
51.0,47.79123841735236
51.0,64.30384484898332
68.0,71.31919348879029
68.0,73.42177645339598
64.0,69.39987817919598
64.0,36.39437792687443
74.0,81.58432085583115
74.0,49.57595338896766
60.0,59.979081760969564
60.0,76.70251093931819
57.0,55.84904397286641
57.0,53.31426519912668
58.0,63.256259812786595
58.0,71.02887836765677
72.0,77.45956000542299
72.0,12.203962075329514
44.0,44.620224159414306
44.0,80.07541137508156
32.0,26.369065574821036
32.0,58.32590912155075
73.0,78.65484566493484
73.0,39.765527693175954
64.0,65.04267974827962
64.0,82.50637603240085
71.0,77.67282778843798
71.0,71.76771087700928
65.0,69.18996089715904
65.0,58.66545204802344
78.0,85.34458496654992
78.0,71.51493942635943
74.0,79.62510154006702
74.0,64.75886105222895
73.0,80.39768053480526
73.0,74.22035747615837
78.0,85.42485427270418
78.0,48.29146150429898
79.0,83.42420347907523
79.0,40.77293874624024
59.0,59.746967802945846
59.0,80.77897214902174
33.0,25.733992927113718
33.0,72.64739473610655
67.0,73.4487111642598
67.0,59.61400401170141
69.0,71.46047925118722
69.0,57.75537805663129
65.0,72.02435033471636
65.0,86.7628690881628
68.0,72.99029796322486
68.0,58.24906222484606
66.0,70.8593649748421
66.0,80.23793688583555
60.0,64.02480172030897
60.0,74.54125303039996
39.0,34.94061798248924
39.0,77.92802334236325
61.0,63.959081526279306
61.0,62.3538871353627
74.0,79.00344759616405
74.0,71.74441591858573
75.0,76.51586378909747
75.0,67.01169955618758
33.0,26.30540710724017
33.0,23.32693075915114
67.0,72.88983364975712
67.0,36.3587821253667
60.0,66.54004709519563
60.0,81.75121701948916
55.0,59.179538739810425
55.0,10.827424241724088
62.0,67.71641987702776
62.0,78.23630012299043
70.0,75.60786373187568
70.0,79.04791146758652
80.0,88.4723606969144
80.0,50.36651494240954
70.0,75.09251529266766
70.0,57.65438829513653
63.0,66.56243532207185
63.0,42.942571856680104
50.0,51.336353991224314
50.0,67.74580291364543
54.0,58.13362010816883
54.0,22.404516852482004
67.0,72.74797395462576
67.0,83.70732836386753
56.0,62.27035283648712
56.0,32.47135598893493
58.0,60.53448789183136
58.0,72.59552415628025
40.0,43.906339743521244
40.0,69.88171343968338
52.0,54.55904315985964
52.0,71.13483095279406
49.0,49.112713387437054
49.0,83.7198783472191
71.0,74.95829836973752
71.0,51.45724417780042
38.0,37.44050862119576
38.0,64.6274875476941
86.0,94.27009741146662
86.0,86.68865837118472
69.0,76.90983155140697
69.0,59.997193925320516
84.0,92.15557904796924
84.0,57.561985624060526
72.0,78.32541420395683
72.0,64.96339673431225
56.0,61.62705244275685
56.0,58.54397659524341
59.0,64.49542053343475
59.0,61.688442246314764
64.0,68.32086739251355
64.0,71.72764289252757
32.0,25.570947728815952
32.0,30.017957263289702
71.0,75.48113925068753
71.0,69.01152500526138
60.0,64.14151612399712
60.0,54.31611368874911
54.0,55.73348556940647
54.0,42.00666259708595
44.0,40.33403352162003
44.0,15.736755200368236
58.0,60.19030130567762
58.0,76.73911499723982
57.0,58.183235422359644
57.0,21.092364562712362
70.0,76.72369995051423
70.0,79.51706479788714
61.0,65.85444170149935
61.0,60.91599046610696
37.0,36.93666735787019
37.0,56.50248142742714
60.0,65.58120365825476
60.0,53.75241145171765
58.0,60.420676706236065
58.0,73.77739313002661
54.0,55.74225758051341
54.0,32.22780412499526
55.0,56.12685759880384
55.0,64.78705195964795
72.0,76.32933057696516
72.0,85.91071621862318
48.0,52.63868200758992
48.0,31.91909725290185
63.0,70.12281213976229
63.0,65.78133404062544
68.0,74.00911925315916
68.0,72.69877318969702
64.0,66.0259879695493
64.0,70.83474330718332
73.0,78.54146676024948
73.0,16.138671779374363
31.0,23.32693075915114
31.0,76.2741024213675
62.0,64.68100046453395
62.0,42.88176670323611
58.0,61.162386191300925
58.0,64.92604190171
70.0,72.10515268173941
70.0,70.10825122452394
74.0,80.22669307769979
74.0,75.72459114131442
74.0,80.80655097800957
74.0,84.69094080777535
68.0,73.82911059710875
68.0,71.84081317195023
60.0,66.15796992109205
60.0,81.22533957562695
29.0,24.312885857272533
29.0,82.23340742216857
73.0,75.49315039154601
73.0,94.30191806963296
78.0,83.72744648960816
78.0,62.4736224133556
69.0,75.54147582704724
69.0,41.241110681124326
72.0,74.79239624135766
72.0,64.6758142905611
56.0,57.547832429592404
56.0,47.02184821111905
66.0,74.20277651555091
66.0,70.25001533874104
56.0,62.20578842725797
56.0,50.68115883119032
52.0,53.68045028150385
52.0,69.11339317971931
66.0,69.47538167570389
66.0,24.44282713141149
73.0,79.72002610787138
73.0,72.9313750616966
62.0,67.24377809414517
62.0,58.449981737470296
53.0,56.8717044299392
53.0,77.53253038165525
30.0,25.700671827743122
30.0,69.1122928289247
43.0,46.85423012881034
43.0,70.59191208574418
75.0,81.52210447061827
75.0,32.6477224720702
69.0,77.99810677796705
69.0,85.51706380248879
45.0,43.84644456450758
45.0,81.33822991932442
72.0,77.55925369845829
72.0,44.0606087648311
64.0,65.16810479674427
64.0,66.06417669910803
45.0,48.350823817374874
45.0,69.98273553452867
37.0,37.62786377320583
37.0,73.82207807143749
71.0,75.71613894525876
71.0,32.073901785608825
69.0,72.51075339948272
69.0,84.32273002611572
47.0,56.038232438609896
47.0,74.68350154219706
65.0,69.14564241007645
65.0,52.12018873494327
65.0,71.19036758284108
65.0,81.44133053168707
61.0,67.23738500810214
61.0,64.29758435295298
33.0,23.568395158160286
33.0,73.0578095902186
64.0,67.4193739789194
64.0,31.465762627337654
66.0,71.87348037372698
66.0,64.55452122110273
51.0,50.522681155772375
51.0,44.67034149093911
74.0,79.35777289570649
74.0,59.25607948432753
68.0,72.32375742135639
68.0,47.29479500617856
31.0,28.967128592028303
31.0,70.31166921351479
68.0,70.52599625691721
68.0,71.71627840510757
37.0,32.43477761955626
37.0,63.735768488002236
59.0,64.81677983931257
59.0,68.18131467863174
66.0,69.00293757876489
66.0,26.938328794344727
64.0,65.99148816510535
64.0,35.04937040708609
73.0,79.19011897839943
73.0,58.69474927190862
77.0,82.44260588018369
77.0,83.03094804303106
67.0,72.22637902627878
67.0,55.66433209880489
67.0,70.55458243601356
67.0,74.88124927405005
35.0,32.07709411315193
35.0,56.46859370622229
24.0,31.13521511189498
24.0,80.94268175466868
44.0,41.4959169002837
44.0,78.44975633658368
69.0,72.49381589575586
69.0,72.69164655582165
70.0,72.37121732352631
70.0,72.82717255933488
26.0,22.837287257626826
26.0,33.58618082966109
58.0,60.38613020721806
58.0,1.7450965987963514
67.0,71.61691199615132
67.0,9.616479916246305
62.0,70.21453975601628
62.0,75.61472874012014
45.0,49.76659897323151
45.0,75.58391572360495
57.0,57.384940955613956
57.0,81.67605669251947
63.0,63.14854472126211
63.0,21.181708856129717
67.0,72.51093522218633
67.0,78.58272882174339
32.0,34.380391351491085
32.0,20.636970638820458
68.0,73.3281290974569
68.0,86.91921958560374
50.0,50.38657891250375
50.0,67.16735445235355
53.0,58.28260971532069
53.0,36.27020520425185
67.0,71.30344477269261
67.0,81.52847821985347
68.0,73.51198651827656
68.0,75.19350555701334
74.0,82.48419337377607
74.0,48.14985208907984
66.0,71.58761872544147
66.0,55.37999027994175
60.0,59.654115557892055
60.0,71.47182085293758
61.0,65.28479364264297
61.0,67.8635523464635
60.0,63.566217668402544
60.0,43.77675030826367
50.0,53.778806763035675
50.0,66.69162379494884
65.0,70.12659839098808
65.0,78.82485639860624
47.0,49.9137135416708
47.0,88.86945182192665
61.0,66.54872455707027
61.0,57.598703927563406
46.0,43.76814591155494
46.0,68.5211518451494
47.0,43.93683482521055
47.0,36.3587821253667
68.0,73.47307866526143
68.0,53.2479037853783
34.0,35.797743811754515
34.0,61.47515651448117
52.0,54.18843343901699
52.0,75.79893451531251
41.0,44.84433823270763
41.0,72.77337705292837
67.0,70.03944166828603
67.0,75.6784949765522
35.0,35.27517350590267
35.0,90.35175304204893
74.0,79.18881934587773
74.0,8.443785722896848
72.0,74.43464411589343
72.0,67.32333983367693
65.0,67.22929557384884
65.0,57.14326734342433
18.0,4.180418832842577
18.0,80.94854980540975
72.0,77.83441198402113
72.0,61.326820883853145
73.0,77.78073021295205
73.0,74.72352099505144
55.0,53.3182342349981
55.0,73.32354352766237
66.0,72.9588199282822
66.0,36.5167726710996
59.0,57.33969727322909
59.0,85.29829537516878
72.0,77.78886308204761
72.0,66.85064440124546
41.0,43.04246637875326
41.0,77.88483281592198
83.0,90.29515126819524
83.0,73.91705602950839
50.0,48.72679700471076
50.0,72.73517191744372
55.0,58.32760396666106
55.0,68.52268702444542
62.0,66.09418840621345
62.0,60.476188828571196
61.0,65.09920054759726
61.0,77.04091229796353
64.0,69.52476671494469
64.0,46.0284907633727
61.0,62.960513011042906
61.0,81.47126882336568
43.0,40.47622011939836
43.0,32.30336120042654
48.0,51.21377580019367
48.0,59.79787699459837
64.0,68.7254802638605
64.0,58.52158999530104
54.0,54.88437538524232
54.0,37.5658037184437
35.0,33.816593417165336
35.0,73.40405510852327
72.0,78.23532546956795
72.0,34.295759319166564
78.0,83.85166380873181
78.0,39.539458533882
69.0,76.21916122910972
69.0,83.9219435934537
39.0,31.74439622798394
39.0,82.13682254130094
79.0,84.8913669825273
79.0,80.22415748956809
71.0,76.68973825234264
71.0,68.00550041405222
60.0,64.4812202437048
60.0,54.32791234412855
71.0,76.23876082347647
71.0,45.55169574544118
63.0,68.22868001935956
63.0,78.22099143210045
43.0,38.615466633390156
43.0,52.5765295134309
65.0,70.31072328894481
65.0,63.0078058521118
56.0,54.478243331018064
56.0,94.07879172167878
69.0,74.73221236554457
69.0,53.848425558076826
32.0,24.60702716030005
32.0,27.30382933260188
40.0,42.872563788741786
40.0,79.90317709212638
46.0,42.531572331165194
46.0,74.96191101334551
52.0,55.55166721921262
52.0,76.48830731028585
64.0,72.5610792512436
64.0,43.421858561437205
45.0,51.92346991336245
45.0,72.87871925568624
27.0,17.91691817198881
27.0,81.86537069341767
67.0,69.52271940685688
67.0,71.18817888642428
74.0,79.19766672400539
74.0,72.85441648838508
60.0,67.96383077025325
60.0,77.72211599775477
55.0,56.300392426738995
55.0,80.94924815291671
76.0,82.21655864406546
76.0,92.29277877519212
60.0,58.967820224116736
60.0,72.20743051878435
58.0,60.8001732635222
58.0,71.61713023101464
30.0,22.64935210325291
30.0,42.67391049087439
69.0,70.90226484586003
69.0,60.086160682152865
37.0,41.438086476334945
37.0,75.16825761235827
73.0,76.47762355650417
73.0,74.42690650075969
63.0,65.07704132628186
63.0,53.53244776356007
70.0,74.08773420105643
70.0,40.68168501834219
63.0,68.51255286212381
63.0,35.792112589570024
47.0,48.69668420844005
47.0,65.27687505882471
63.0,62.95675873073486
63.0,49.182678941218796
60.0,62.20663085177415
60.0,70.23196434841878
55.0,58.915204564067665
55.0,73.59959264941165
71.0,76.96255880535523
71.0,66.7803967242092
23.0,18.27362692363579
23.0,79.22747292675308
23.0,5.228196213897434
23.0,73.01737210072059
65.0,68.12741392020308
65.0,61.50359386700359
62.0,64.3914697664058
62.0,60.80166180042687
43.0,45.351409722470976
43.0,72.6059548802898
78.0,84.6294666226525
78.0,45.231854379408844
64.0,68.52473090512103
64.0,67.47589699475952
65.0,67.82796535963524
65.0,69.48113604192736
48.0,45.49664552111767
48.0,52.65107878514408
39.0,30.424716004298602
39.0,62.74759273752329
63.0,70.53830691938839
63.0,81.86835714923023
71.0,74.97028549410697
71.0,84.45209250382106
26.0,21.83070106822771
26.0,51.06474180151412
63.0,67.57304581469003
63.0,73.88851785490891
75.0,81.58033285452103
75.0,55.1144087985636
72.0,80.63173018995491
72.0,75.77357226581876
78.0,85.22662324715088
78.0,37.33709140079259
49.0,54.88912993700245
49.0,73.32805722103762
74.0,76.07350047573635
74.0,59.93956053331101
67.0,71.50880702525512
67.0,63.451705745817435
49.0,44.33513613120044
49.0,69.55685692242616
54.0,55.03608163246986
54.0,58.85662720328054
56.0,58.69030724297659
56.0,65.80046258881566
63.0,65.71837114502256
63.0,80.88175462783511
36.0,32.43076289253213
36.0,47.74859069663995
75.0,81.29336721973988
75.0,28.257452412419582
61.0,64.41044893547775
61.0,70.10125707758863
57.0,60.82587061819635
57.0,64.04517546946585
59.0,63.735151618189775
59.0,50.0656859353366
70.0,75.58439140676438
70.0,70.34346163655573
76.0,83.07847229456297
76.0,28.65784912474186
79.0,86.43463523195697
79.0,73.24538609575973
43.0,41.99391606689534
43.0,47.995919599392664
67.0,68.52098776071159
67.0,25.710581283206068
44.0,41.201956109797095
44.0,89.08296661320219
55.0,57.44782754213543
55.0,77.9690778186868
65.0,66.29347679757069
65.0,69.45128831418589
70.0,75.03585001446942
70.0,67.27503264438263
54.0,53.47007876169329
54.0,48.98734303782027
73.0,80.6645390079945
73.0,69.36681031086556
64.0,62.791045399801476
64.0,48.7697998163336
69.0,74.84006232569874
69.0,58.09733581398217
77.0,81.6258160813237
77.0,24.73846854509719
72.0,76.83676555089943
72.0,71.79177997584975
28.0,22.895500988670392
28.0,55.65487859945159
70.0,76.40149263918926
70.0,66.21732595902017
33.0,27.593699994017356
33.0,78.0711577830711
69.0,73.8095221442943
69.0,83.49656597659151
62.0,65.74131960569224
62.0,79.2893131808712
58.0,62.59486839083593
58.0,37.22571250372653
12.0,5.170239472998617
12.0,59.33545691290652
66.0,73.09865697060764
66.0,80.77272928830007
51.0,45.275027283565294
51.0,39.160118928018505
57.0,59.78518467077561
57.0,91.70738592395742
65.0,69.01839252929454
65.0,76.73172049171671
76.0,82.69468612879427
76.0,78.33298164150762
37.0,28.36758721168127
37.0,74.4212576562291
55.0,59.89675004679111
55.0,87.29328950173112
34.0,39.80335070989611
34.0,14.883917178904824
51.0,54.19676800255388
51.0,74.00893145474953
71.0,73.95414720323066
71.0,65.59038341178115
67.0,73.2601022079823
67.0,71.26787629025443
51.0,43.09069166434125
51.0,59.60898290670946
69.0,72.61049847375119
69.0,61.260666424334204
49.0,43.77859418660546
49.0,53.99196740765893
47.0,42.749231878651585
47.0,80.24632305883421
66.0,65.28724176113576
66.0,72.38482928010023
71.0,77.49463240715772
71.0,11.901840916940955
68.0,67.07635236367383
68.0,46.488007613940454
62.0,70.6912869874102
62.0,4.6040957092371855
66.0,71.56599838955435
66.0,28.040466393180225
79.0,86.75988394138727
79.0,71.31407645478754
64.0,67.1064581679355
64.0,72.38662623812002
82.0,89.4645468092055
82.0,69.25475197860914
61.0,63.871888193553616
61.0,22.6581822601932
65.0,69.2924695823935
65.0,54.11216009583404
64.0,68.91788113134766
64.0,28.89097237507923
18.0,12.760088546333805
18.0,62.40465694577864
69.0,75.1260773807627
69.0,21.663699924469256
70.0,78.39754717284507
70.0,76.77978471312713
62.0,65.5022450363374
62.0,88.64213445188477
67.0,70.14670445316301
67.0,69.38162192321687
36.0,39.06142421489062
36.0,57.06426682899831
24.0,22.45868399369448
24.0,72.2884722410052
77.0,81.89443191303246
77.0,65.23710694027363
72.0,78.88509207615186
72.0,75.15164532263407
75.0,80.02281633646822
75.0,64.96464133294876
60.0,59.87524596243395
60.0,71.73675336024775
40.0,31.257492736449933
40.0,63.008929734683136
61.0,60.25404585000024
61.0,66.1631770026749
64.0,70.63971925397118
64.0,66.914708835699
53.0,57.56820534116525
53.0,34.28594300014066
64.0,66.33484780796306
64.0,61.30252983360913
60.0,64.03714228133401
60.0,76.25893839763506
61.0,68.81814487557062
61.0,57.66737614971885
59.0,58.455891648446084
59.0,80.46053826741007
62.0,62.706968097155425
62.0,74.19976518878377
60.0,67.24183825768068
60.0,65.85880503875296
50.0,55.06788484982775
50.0,20.625094603966772
38.0,37.83440333105301
38.0,25.36209932398225
39.0,32.569211103651526
39.0,101.01998397975774
27.0,13.831293966954945
27.0,67.52465826421576
52.0,51.44222486323156
52.0,62.89325018362064
66.0,67.75215237019978
66.0,83.29212752767927
64.0,69.0032236529272
64.0,74.36799616440459
67.0,69.9710948477196
67.0,46.959333691275674
60.0,65.11551195183176
60.0,46.93304614059599
67.0,72.3876725259999
67.0,69.75004801046475
40.0,42.40528844765953
40.0,49.13072615491103
63.0,66.34237445236744
63.0,37.23565882532682
70.0,76.02342456280599
70.0,63.858874424897806
27.0,26.101862895116597
27.0,55.269460809454415
78.0,83.51478627448353
78.0,73.78264412729061
54.0,50.250397289371676
54.0,74.30141869113197
34.0,34.43141987433785
34.0,58.17582246309718
51.0,49.63065894890872
51.0,86.93426787474584
43.0,43.802136186894074
43.0,73.85346335833452
58.0,58.29196804275648
58.0,67.91419694857416
70.0,71.13646415975938
70.0,43.52621150466956
47.0,48.59354956413057
47.0,43.69524201548171
67.0,70.24926469075854
67.0,70.17819608053662
59.0,63.98414614831938
59.0,78.12668047549766
74.0,80.2491175306842
74.0,48.65502067916293
69.0,72.41009379410696
69.0,64.92271120991762
26.0,16.844636791619905
26.0,66.34146512697617
62.0,64.13297457768897
62.0,68.3996096450586
65.0,68.46580058436882
65.0,78.0477062140722
26.0,18.275680453744258
26.0,28.433839890640854
64.0,66.39915152274608
64.0,32.816815150468585
72.0,81.31336077013327
72.0,56.891462068883925
59.0,60.181267029867286
59.0,78.29271217489293
71.0,76.32711741076344
71.0,85.20888976832413
63.0,66.99037415782357
63.0,60.093182178912684
70.0,72.78709339325815
70.0,47.72704438204585
73.0,79.4330871850699
73.0,73.35306221773675
66.0,70.20355029402452
66.0,78.64306891987212
46.0,42.56199606364817
46.0,27.37910889978275
43.0,39.23208604265329
43.0,71.67445570996767
30.0,22.6581822601932
30.0,81.97388733579015
63.0,65.86954312357415
63.0,56.83666611324401
60.0,67.90298254840303
60.0,63.23664200076803
64.0,65.58862262700683
64.0,76.66759851790357
69.0,70.73325235223473
69.0,7.664173429501602
42.0,43.05631342389023
42.0,82.29299780627935
36.0,41.95863501371224
36.0,53.78552683706539
59.0,60.398192419348106
59.0,75.88572338042496
56.0,61.62133486583406
56.0,80.7583806971212
79.0,83.89030555940803
79.0,61.854922856004634
68.0,70.63817478067051
68.0,69.45202997020147
64.0,71.41613633119454
64.0,69.50650420836138
65.0,68.05014761047158
65.0,49.10189567321555
63.0,64.24893636342392
63.0,40.64521548322057
62.0,68.2793743852813
62.0,74.61770348984095
41.0,38.81135268876642
41.0,52.289219708540486
72.0,80.50245055762059
72.0,25.689754857816638
53.0,57.16536780570141
53.0,18.760998175331963
64.0,67.48829118059933
64.0,52.12013374916347
63.0,65.66075876027077
63.0,54.51689600391154
74.0,78.41380909614145
74.0,60.617021601490876
48.0,46.60651300056969
48.0,75.27725228151479
73.0,77.57488679072287
73.0,73.07599691556692
63.0,65.04657077697226
63.0,56.49665986855541
48.0,53.326693361711875
48.0,51.58330393776225
67.0,69.53160925758061
67.0,59.61179735708373
74.0,79.24043221212077
74.0,69.32006407688874
37.0,40.513218940906825
37.0,83.89265879604699
59.0,59.909505538551116
59.0,65.54393517925718
54.0,56.165485637626205
54.0,57.422134311935906
63.0,59.01043349367376
63.0,29.68017275718131
71.0,76.3420439948573
71.0,69.13315448368508
43.0,45.351409722470976
43.0,66.93467377837715
52.0,50.81058347902467
52.0,79.94807246332107
25.0,21.420889129668183
25.0,17.025692805058043
50.0,53.59958243201959
50.0,63.99741698356428
79.0,85.45189454054963
79.0,24.42564118904113
66.0,69.2959338055013
66.0,78.28124255698799
58.0,57.989001241758615
58.0,43.6347441263751
68.0,73.92338264688084
68.0,63.393333073381655
71.0,80.81939738882022
71.0,65.3150219897999
77.0,82.88435739840202
77.0,88.06193540015886
69.0,74.95722630352884
69.0,79.66262992192054
33.0,31.973291557238838
33.0,51.380098501466534
64.0,67.3225287492445
64.0,80.37330530957803
79.0,86.20674264122289
79.0,64.83715935506291
80.0,86.53693812437723
80.0,34.01613843595203
58.0,59.03010591039265
58.0,69.8300972481502
58.0,64.57949825098217
58.0,29.152589438741757
69.0,75.9566559282369
69.0,65.306092307717
68.0,72.91745570504588
68.0,70.10952046648794
68.0,74.16995747503836
68.0,79.93278646760069
63.0,71.45245414962511
63.0,46.093125603402996
73.0,78.32416612606937
73.0,75.7625527618377
59.0,64.24737610575312
59.0,35.237882496412226
70.0,70.87094673625882
70.0,77.76634924471733
60.0,61.30299872330755
60.0,53.4052096185809
75.0,79.67184107456131
75.0,70.77223691565763
58.0,63.128149272787425
58.0,25.106091012649813
78.0,82.50648959666592
78.0,69.13989207861033
65.0,68.60408903939208
65.0,8.523044069601042
25.0,22.091991481175512
25.0,66.89792397703667
46.0,43.44467688318588
46.0,42.04445378129304
74.0,80.78220619608152
74.0,54.84567536517267
67.0,73.21123545742182
67.0,35.77137732654569
65.0,69.30177069293921
65.0,60.908320777443976
52.0,53.48894395096306
52.0,71.3301505302664
38.0,38.485564040030965
38.0,77.27897761034563
55.0,57.87479934648434
55.0,71.08225599976288
54.0,60.08526183673456
54.0,83.4682866423878
64.0,68.10818709368397
64.0,42.219355335330306
40.0,40.647097579415856
40.0,57.97199518660233
67.0,74.08262748860187
67.0,64.90656624853432
73.0,75.34647451946432
73.0,65.92214867348702
62.0,66.73890491881082
62.0,72.91207346892554
48.0,52.30925744417948
48.0,38.49401177059025
62.0,69.8848559231435
62.0,74.63481945137556
55.0,55.696033538395966
55.0,61.18767088301604
69.0,72.71426371106776
69.0,59.87010542802403
20.0,13.283099319382757
20.0,76.8637627208098
41.0,46.890661730484396
41.0,63.452634874799344
76.0,83.06621703837118
76.0,74.32547600712246
65.0,67.2032648010512
65.0,82.9475103973113
67.0,69.28069392708824
67.0,49.95880219091856
63.0,68.58134643013886
63.0,53.82505158210989
77.0,83.21424730203495
77.0,68.8084402384302
18.0,13.76937768118188
18.0,67.35999615604129
55.0,56.55649569400782
55.0,71.09340966534893
56.0,58.27268856805267
56.0,56.76011970712716
46.0,49.45909995129881
46.0,56.36407287788279
53.0,53.604508450228764
53.0,74.66483487802196
55.0,53.92590273878528
55.0,76.76766628882615
66.0,68.26419523573713
66.0,70.48628783791071
65.0,69.2628794722641
65.0,76.57787333546457
59.0,58.559704759355384
59.0,83.81860711759009
78.0,87.80753143596013
78.0,62.386523296016435
62.0,63.45120486145896
62.0,65.2091926602481
47.0,44.79420637901558
47.0,81.04796596744131
56.0,51.936921862705105
56.0,47.93786011942575
64.0,68.19875934671023
64.0,42.00049045050224
74.0,81.71901250615076
74.0,75.83794953405248
32.0,27.851116008991312
32.0,39.29918535984871
53.0,58.77240482086688
53.0,29.489202160769537
73.0,80.55059955536495
73.0,59.03924603431352
62.0,65.29801906174771
62.0,68.00086507237398
39.0,35.5833305617665
39.0,43.08622819162895
71.0,77.58437411576864
71.0,69.08622907104814
72.0,75.48356613179538
72.0,72.95437734122902
68.0,77.44477910154092
68.0,59.037495565341715
56.0,58.373866188315674
56.0,31.38546305673208
49.0,52.04557947658407
49.0,75.06362164198305
70.0,75.14561598151471
70.0,54.643717692714745
54.0,59.62229275648798
54.0,76.3164203607102
86.0,94.10779923746492
86.0,66.3599690057498
79.0,87.76256294785765
79.0,43.10735410653302
68.0,73.14042937554063
68.0,74.02499473439184
70.0,76.70339888358245
70.0,72.21681964485879
58.0,58.71451938414515
58.0,24.135899009347042
76.0,81.56371599037078
76.0,73.21550186186323
33.0,30.07884211742754
33.0,65.75263059539003
67.0,66.717501884574
67.0,71.79468712564642
72.0,78.6432580096108
72.0,72.51368818018665
38.0,40.88522260998951
38.0,50.38425057100642
52.0,50.36044336362613
52.0,64.95468427163308
66.0,71.38480489476552
66.0,75.26577058584513
37.0,32.42631256210848
37.0,51.31221063707255
69.0,70.98998413996515
69.0,52.11028635261039
72.0,80.37226210233518
72.0,81.14325628459073
56.0,53.43409522044402
56.0,70.11591254459125
74.0,81.04370252925048
74.0,52.994048090609795
73.0,76.15121829766582
73.0,61.58516928185833
43.0,41.13625868612263
43.0,65.91711069984433
56.0,61.086793987267924
56.0,59.10924931271518
65.0,71.49295825908541
65.0,73.59526980974533
73.0,80.73992502824234
73.0,67.2696364735906
65.0,68.41659856191382
65.0,63.53196836338316
75.0,80.06553065979153
75.0,62.334193849927374
56.0,54.77634855487827
56.0,55.37999027994175
77.0,83.9319021895767
77.0,28.543618244743584
67.0,70.56171662436566
67.0,74.19923296252466
46.0,51.44005533011182
46.0,86.53128362260958
76.0,82.70479022488513
76.0,71.36813295640155
81.0,90.48536967625341
81.0,67.26225168337345
72.0,79.07695688677393
72.0,67.92189980505833
69.0,74.01688312179675
69.0,66.98422092662469
76.0,83.35170301592211
76.0,49.105167215724805
64.0,65.40828402430986
64.0,43.778334308935996
69.0,74.46348818642053
69.0,0.6631707736812018
70.0,75.04438830587935
70.0,29.856540208843114
52.0,60.949162473399326
52.0,69.72318042030093
76.0,80.97493114830877
76.0,85.24156049635315
63.0,67.57963926393717
63.0,76.13582895705775
46.0,46.23451311025997
46.0,74.58777330961152
66.0,67.43868865032374
66.0,77.2475588027018
68.0,73.380451823974
68.0,72.76723090470364
49.0,47.829704369037586
49.0,35.47294107909596
34.0,27.07133418854312
34.0,39.5962086630409
58.0,63.61308687693321
58.0,52.135341913396246
51.0,53.18188935363372
51.0,81.05546270272822
50.0,54.55086530470129
50.0,74.79069230664095
77.0,81.84158130716975
77.0,74.27530127994294
56.0,62.526513427992654
56.0,54.572408461127
69.0,76.38478817542858
69.0,68.91571074499456
54.0,53.645107709870786
54.0,44.016662908641365
67.0,69.29301253764845
67.0,22.259158655308795
64.0,68.82805471009459
64.0,48.166393482941885
65.0,68.06134025989161
65.0,31.400232566091915
71.0,76.37097024418188
71.0,67.98579757119103
65.0,71.88382517018272
65.0,78.17565672683133
36.0,32.71671438463005
36.0,41.855027265726335
49.0,50.34192707936916
49.0,83.67146126194928
52.0,52.290074775900564
52.0,36.265016814805506
39.0,37.01221221502993
39.0,52.43415788330833
60.0,62.18227854988288
60.0,71.66686027140412
84.0,91.81887072871467
84.0,80.20906152824335
49.0,52.216866228987556
49.0,73.18450535278481
65.0,70.14037128878772
65.0,70.84140202940489
70.0,76.77706355308067
70.0,80.37273923829844
37.0,32.47135598893493
37.0,74.46688102372252
47.0,40.49084681729528
47.0,36.889859044028356
58.0,58.225647158919685
58.0,71.92710697360701
80.0,87.84019714102652
80.0,51.620804764892284
61.0,64.98619107022006
61.0,66.63280970160224
54.0,57.93646742019962
54.0,75.26470786101783
64.0,66.74767843547619
64.0,71.30868897287115
18.0,12.931404991849774
18.0,23.250182023129412
53.0,54.71549861749986
53.0,41.49912134767982
74.0,76.83759257075911
74.0,28.53467212765065
53.0,51.15629438085347
53.0,68.10875077567403
57.0,61.17197203601381
57.0,62.212272935410965
75.0,78.51095466054551
75.0,53.2817229044374
67.0,69.41487177370294
67.0,70.82007392627156
74.0,80.36501413860731
74.0,65.92262500075788
22.0,26.074534268125376
22.0,63.41099235955113
34.0,35.37674824141669
34.0,69.45150600706131
63.0,63.565501094816454
63.0,70.56742222337363
23.0,11.64911680613585
23.0,76.14150755562065
44.0,33.438356666202935
44.0,77.18111189382034
65.0,67.57251657090353
65.0,69.41176283366235
64.0,70.62801023889142
64.0,76.85941278902476
56.0,58.33701110493428
56.0,87.25988615127113
78.0,84.50781155641641
78.0,82.43455430411672
72.0,75.54527670923312
72.0,77.65363162069224
53.0,50.183273893840294
53.0,80.1419315268314
75.0,80.18654980652252
75.0,45.334640973514865
57.0,63.67025684279264
57.0,50.481408259098146
75.0,82.74926536992541
75.0,63.83381437327097
30.0,14.591563255699839
30.0,57.92431989654807
40.0,32.6477224720702
40.0,14.160969117898162
74.0,83.48398586300806
74.0,64.0011245950771
54.0,55.70218974273956
54.0,60.18766579206289
60.0,63.37228160317454
60.0,36.665330077037595
30.0,26.63885618666069
30.0,55.951601550663156
72.0,79.21744301474223
72.0,77.15607675828244
67.0,70.63669322302474
67.0,59.90480708080065
53.0,58.84184472416365
53.0,65.7231272417144
41.0,40.97450376643661
41.0,76.92573128243595
70.0,76.28228965945675
70.0,61.34518821276629
62.0,68.98493855329878
62.0,74.36411173783597
67.0,72.33766682853548
67.0,54.9930543843621
72.0,79.62025839386894
72.0,88.38328992355497
58.0,62.76037083099072
58.0,57.45164832200669
54.0,51.161428452486746
54.0,35.88587932313925
70.0,74.97253612645517
70.0,55.195165688467455
63.0,68.04976085446577
63.0,55.82376827780172
57.0,65.76029860142597
57.0,15.728935227713464
63.0,66.4034234888195
63.0,61.69776072343177
77.0,82.09742272873166
77.0,54.1417202798674
39.0,35.868335530665206
39.0,69.64727993964704
58.0,62.87781553496984
58.0,40.01328909813964
64.0,68.7959494896192
64.0,62.03978460174682
66.0,72.44919941665182
66.0,29.25401126795788
41.0,42.02192721671872
41.0,68.88787499302481
47.0,54.605257995607076
47.0,40.77293874624024
68.0,70.37256693923189
68.0,27.141392462423028
66.0,68.87914234032695
66.0,59.82973398063706
72.0,77.3297321059506
72.0,54.694635674135895
65.0,70.95747548171602
65.0,60.855662389244685
14.0,10.251212690923694
14.0,62.541951686085326
37.0,33.666221210153594
37.0,72.1654329826668
59.0,57.13713943239583
59.0,26.78682410226844
72.0,81.17573946183131
72.0,71.17002146115698
78.0,83.87216172442572
78.0,64.7315946640453
70.0,73.87693310816451
70.0,69.01745698385957
65.0,70.87398509647119
65.0,37.99177673838187
75.0,80.376655144719
75.0,86.21488122369385
62.0,62.586787820622874
62.0,71.71043155919932
64.0,67.73798322115368
64.0,57.89860740030281
65.0,72.46524819094196
65.0,45.989899547126356
31.0,27.365542659552716
31.0,71.88109084800453
71.0,73.05189973220024
71.0,47.109835850906165
43.0,40.258068672835634
43.0,42.76812840418552
65.0,68.5344769176769
65.0,75.78020223064232
61.0,62.161922639824695
61.0,62.41370585722905
73.0,77.05452146976182
73.0,51.85713130533776
69.0,77.5626196043197
69.0,60.685984960092355
57.0,55.71573961929755
57.0,37.75418577087214
25.0,21.026073632063117
25.0,42.43400490155756
63.0,65.32685545727145
63.0,35.46220711253636
69.0,76.86714306539369
69.0,50.906055335726194
71.0,80.42957198810291
71.0,32.34621877421898
41.0,38.526684670661666
41.0,27.113521507000883
70.0,74.58475444763883
70.0,52.42020528718632
71.0,78.87064918611657
71.0,84.33692740222432
66.0,69.9172594721282
66.0,75.03072047919983
66.0,70.1566228753619
66.0,62.21528944105961
82.0,90.473672599753
82.0,77.51454195801796
74.0,81.30849808980287
74.0,74.39607323718587
57.0,53.24050494983021
57.0,12.460264729762457
32.0,28.22755578306146
32.0,84.6312211879856
68.0,75.72116189314164
68.0,75.54787150954735
33.0,31.876762832664838
33.0,62.20296047880828
68.0,69.77652392837138
68.0,66.90727722931916
52.0,55.35712993786194
52.0,40.66745711290724
57.0,58.54452613630383
57.0,61.4452200748849
48.0,51.68224923831326
48.0,84.40270157714843
56.0,60.03296487541195
56.0,81.86978914253234
67.0,71.2450944740558
67.0,53.50553724004959
71.0,78.27443922683051
71.0,40.598000044365335
59.0,63.356638849237925
59.0,41.921865014476225
62.0,63.26125958965122
62.0,55.52211868928532
48.0,52.62757714853552
48.0,76.18755243260154
39.0,40.18280746856988
39.0,72.5908555395169
68.0,77.99389268047724
68.0,58.47659980629675
61.0,64.01272268050349
61.0,76.2877315852619
59.0,62.43764914299118
59.0,72.35888852223297
66.0,70.11596067516308
66.0,67.43609570613984
58.0,62.84781180125174
58.0,40.52893507225599
67.0,72.6845374080753
67.0,70.31814022501806
75.0,82.5055670696176
75.0,60.342491842769334
53.0,57.1770706041612
53.0,72.05828195706954
69.0,73.70879088853178
69.0,74.4421146398733
55.0,56.781061152348286
55.0,56.05545121890157
48.0,54.16201305353172
48.0,51.71129455000471
50.0,48.36822839708873
50.0,79.73069554732211
73.0,79.68738122898054
73.0,14.848690393458241
5.0,2.0139813547912127
5.0,47.87974797245079
72.0,79.68838653598755
72.0,45.539010325984236
56.0,56.54465562414555
56.0,70.53619145499812
68.0,71.08954213390513
68.0,75.75268077771113
67.0,69.10262016898872
67.0,45.97232032523169
16.0,13.894384723130031
16.0,36.98321003601194
69.0,73.26601030544089
69.0,49.84047754588937
75.0,81.49768124078031
75.0,66.93687011882758
63.0,71.62110267256026
63.0,66.77067578737774
38.0,42.06883395046009
38.0,59.48613520197023
77.0,82.8182602162695
77.0,59.222584211430046
53.0,50.13025216328748
53.0,62.09037248136599
65.0,68.90319463488032
65.0,61.41117750835065
59.0,59.99093468427702
59.0,75.71183539196988
64.0,67.51460076762464
64.0,36.20860750461878
57.0,56.760697216153005
57.0,75.72522966007716
59.0,63.38407623774992
59.0,40.283167658907075
35.0,28.919372122286063
35.0,89.40649999719102
61.0,64.97142267596229
61.0,74.88433141279052
14.0,12.459582874909984
14.0,72.48039402499529
65.0,67.39398643523577
65.0,34.40396258964239
44.0,43.59307683296538
44.0,78.19016249437408
63.0,68.97218480237461
63.0,72.82085358597413
72.0,76.95892147519521
72.0,73.44187084626816
71.0,77.66027244224927
71.0,77.74703811109532
65.0,68.03437993157854
65.0,72.44849273963018
42.0,33.27342140323037
42.0,78.5447341983434
39.0,37.85851923428396
39.0,82.769816196193
54.0,47.07565037182877
54.0,52.670038996774224
73.0,76.6584482044841
73.0,83.97223246651942
72.0,75.3160199027111
72.0,71.60123300640225
72.0,78.63511081824083
72.0,58.111046563351294
24.0,17.069090088084863
24.0,65.06566221622427
68.0,70.39676755489933
68.0,55.64139562253342
75.0,81.95820169426003
75.0,64.0534056334406
41.0,43.667234391099385
41.0,86.68335761413658
73.0,79.59151016390331
73.0,16.561482356286206
36.0,25.356473214606922
36.0,77.76105634112997
65.0,72.29032394490446
65.0,68.06369916629711
82.0,88.1620345587067
82.0,67.70247316127256
72.0,75.53470745012118
72.0,34.726787852954885
22.0,26.787911291179626
22.0,61.05217803624845
70.0,72.53746951203834
70.0,72.77797185950391
66.0,71.46357417851021
66.0,21.2983673842665
45.0,46.19966746239595
45.0,24.030689550546924
36.0,29.49453971329723
36.0,69.27099034966574
46.0,43.477528615785445
46.0,72.35888852223297
59.0,59.23176618276091
59.0,77.58049187464104
43.0,35.42872375913919
43.0,66.55035079491995
61.0,66.63513292973352
61.0,64.11166161145877
71.0,79.82236020079307
71.0,60.794357069247326
53.0,53.192901166952026
53.0,63.897938354186635
73.0,79.9081251363022
73.0,30.784053202559562
72.0,79.2102297149226
72.0,77.3667403104576
78.0,85.38923477811869
78.0,68.67689144270355
71.0,78.42913943578134
71.0,8.953365175326326
32.0,26.1741794401662
32.0,72.78449626584637
79.0,85.36199473004086
79.0,76.39933200182963
62.0,68.86172652004001
62.0,61.40902028499511
53.0,55.63595387304997
53.0,5.557041840715499
42.0,45.526307294756066
42.0,62.472002171895326
55.0,57.366045382268
55.0,63.108433403160575
62.0,63.771178537583864
62.0,28.57431120606293
69.0,77.60333161219961
69.0,17.515684677743764
50.0,55.97587799645055
50.0,17.633440679539262
63.0,67.38917084650222
63.0,80.28619993693178
30.0,31.128964360669045
30.0,73.43016326414573
79.0,86.2641666457842
79.0,42.49686297989831
62.0,63.584586268279566
62.0,7.0065440337231735
57.0,55.365830304515896
57.0,45.7899050137745
71.0,80.3117045853948
71.0,73.18567555191288
60.0,64.57033851354379
60.0,75.89685042908155
18.0,16.318995489194265
18.0,40.08852744751289
70.0,74.12303844652286
70.0,22.837287257626826
77.0,84.27529294200184
77.0,40.99663529898777
73.0,79.09183012191835
73.0,37.35097066557154
74.0,80.87224381922908
74.0,62.39309882857651
40.0,38.585540523746886
40.0,87.94376556168902
56.0,60.261770970693874
56.0,48.30251275655439
68.0,70.88736608247996
68.0,71.20710077926452
44.0,47.013317156134576
44.0,76.2305262582089
64.0,67.52536620821922
64.0,52.84457980822475
12.0,11.901840916940955
12.0,70.01726481384293
73.0,78.56818480291525
73.0,58.32580799482798
73.0,78.75040623636522
73.0,71.29578957717769
78.0,84.54814179995134
78.0,63.087238577109474
68.0,70.82559700370336
68.0,72.89609949844788
58.0,58.414869617803845
58.0,43.80120852418469
67.0,73.18054479626227
67.0,26.93166787536586
50.0,52.07449697074014
50.0,43.67946670438681
57.0,60.684981235897794
57.0,68.85479087773189
71.0,75.33438023653747
71.0,56.43185220514994
70.0,74.5136710978544
70.0,78.34622212801565
56.0,57.66412956091466
56.0,69.35548435424738
79.0,84.70788458749524
79.0,77.78799623978847
58.0,63.186772792132444
58.0,87.23759996921831
77.0,81.23111941110687
77.0,71.2197116262742
42.0,40.97799845206532
42.0,61.8759415391861
51.0,54.29652249354035
51.0,84.2082971933969
72.0,76.33199168970646
72.0,82.03976449753145
67.0,72.00925225625508
67.0,85.15004651962755
55.0,59.812980543247875
55.0,73.62408714405342
66.0,67.20359204436966
66.0,46.386951265216055
59.0,66.40506929286829
59.0,71.02210806467349
60.0,59.76495219034581
60.0,65.25159066778042
72.0,78.75158211459927
72.0,51.082535861222766
74.0,81.59235118995588
74.0,82.56585788169025
56.0,54.188523570856375
56.0,19.378623111291574
69.0,73.65123207591392
69.0,77.21728214448308
57.0,60.60412516268275
57.0,66.28922384674001
46.0,46.73260488430634
46.0,82.02872525014646
65.0,67.28081030480502
65.0,85.42515987171595
79.0,87.52121172137731
79.0,70.40808496341054
72.0,78.6524107081961
72.0,55.562200487965924
60.0,60.17748090176116
60.0,74.42831310001242
68.0,71.28332689852346
68.0,74.33933300157383
25.0,21.323708254021767
25.0,73.06930173185276
44.0,43.044144777849
44.0,43.68720777020815
67.0,71.95839419233408
67.0,67.19677590005602
81.0,87.69018849125524
81.0,29.489294890003407
70.0,76.34964595322873
70.0,23.450224274667278
72.0,79.53134517176352
72.0,63.55997385611386
66.0,70.73962914786591
66.0,79.86057636368588
70.0,75.0736052956758
70.0,80.21058432811026
42.0,38.43412563851962
42.0,56.88085617651683
35.0,34.07335142740004
35.0,54.545617194723945
35.0,33.6927969201987
35.0,75.06448908688816
40.0,35.016137841798866
40.0,46.05487626395848
73.0,82.04539865956343
73.0,58.507496983014676
63.0,63.53459447100818
63.0,39.706567568765706
62.0,63.77769411072137
62.0,64.57757875621814
69.0,75.20954984400265
69.0,35.797743811754515
54.0,57.05078022954723
54.0,36.26445304724422
30.0,24.647033318560318
30.0,73.4331070352888
47.0,43.203622278297246
47.0,71.19711811868098
62.0,62.649149851634604
62.0,74.31424680476925
77.0,84.78450221879189
77.0,78.99054791059211
62.0,65.83976876823243
62.0,55.99194101471272
62.0,66.54705391541086
62.0,63.25607517789524
53.0,58.317114067864225
53.0,36.57500440460086
52.0,55.240380641982256
52.0,49.19248499913874
83.0,87.98155959518851
83.0,38.268937030988525
68.0,70.91069106163025
68.0,79.94508185676045
70.0,77.21777323101816
70.0,78.31115277369508
44.0,42.744167203656616
44.0,67.05647540130167
78.0,84.04091540465674
78.0,51.113785903698385
54.0,56.51988589772537
54.0,61.774622743239206
73.0,81.04721352108135
73.0,79.9392963367892
13.0,3.1566766161722626
13.0,69.58563470949673
66.0,70.2057189226407
66.0,60.185376142660175
66.0,73.4685391338823
66.0,68.93719959882992
66.0,73.85103266053335
66.0,17.95823395862726
59.0,60.817878154066705
59.0,73.92006887943512
62.0,65.59491535459432
62.0,61.60856818440692
54.0,57.487718893519286
54.0,31.479407295071496
49.0,53.19248440127592
49.0,56.03016757124624
57.0,56.79038500324265
57.0,46.75140590372945
78.0,84.07269427420181
78.0,45.58957345301337
67.0,71.12907849449329
67.0,40.3776452012537
43.0,37.79230804837272
43.0,43.05383911649858
68.0,69.78471785666113
68.0,59.15257027203745
60.0,63.503379453776176
60.0,78.36030981600817
52.0,55.4452198911531
52.0,41.550332430359504
76.0,82.03561243677115
76.0,67.48715821134414
54.0,57.87461674377465
54.0,32.07599746753266
29.0,26.022240684181952
29.0,55.463090303143304
68.0,73.31277548800591
68.0,81.15446013643623
42.0,43.299304851482816
42.0,26.297456808348215
58.0,58.032010290996595
58.0,65.66965805967732
78.0,86.43090168358566
78.0,77.8530936680387
17.0,14.391131225253673
17.0,70.44481722854061
60.0,66.14175349918116
60.0,73.78554887743331
61.0,60.42741299695297
61.0,80.10917186365901
35.0,34.073557399515096
35.0,60.188034269577486
64.0,68.97251694586919
64.0,32.37251919220779
77.0,84.05710778191951
77.0,73.92718467775012
55.0,55.02357738447347
55.0,36.42668540396801
70.0,78.71741524896919
70.0,12.971044349039289
71.0,76.05418351122961
71.0,69.9671003323432
63.0,65.33477904245797
63.0,45.4781183531685
66.0,69.86796450388596
66.0,62.327971089010475
78.0,83.29522188047872
78.0,68.14269059786005
55.0,60.00427243968886
55.0,76.72861452480424
58.0,62.42834329377041
58.0,46.631102053357836
62.0,65.70804776585163
62.0,35.35001929603959
50.0,52.91558997815707
50.0,55.73829219223978
43.0,28.40239582763644
43.0,71.6833701270524
55.0,53.08994142379282
55.0,46.795875706530296
62.0,69.55080384723527
62.0,58.49204281169938
50.0,48.591001951291446
50.0,78.17239905308503
49.0,46.73708986001935
49.0,79.49374904371251
47.0,50.73110550081185
47.0,60.17762275189682
60.0,60.30432985050487
60.0,57.69487337577891
63.0,68.51428856250175
63.0,32.16822779013137
38.0,38.998318610204876
38.0,57.73943288333123
48.0,40.38444782489927
48.0,53.08110324050517
73.0,79.50841807494032
73.0,80.1487762410913
41.0,36.0036106007114
41.0,64.4871327037788
34.0,30.701713263443423
34.0,69.70537514530878
13.0,12.383863293489242
13.0,59.73768421263992
60.0,66.19047664983185
60.0,52.162930710717205
70.0,75.58541847241219
70.0,58.33336919763019
56.0,59.30665182867989
56.0,65.42500621786542
61.0,65.38530592477213
61.0,28.22755578306146
74.0,83.09819023510386
74.0,64.84230209009405
54.0,54.97689889210528
54.0,79.4661107207736
79.0,85.46834656967798
79.0,32.551677709560465
43.0,42.15745620844791
43.0,34.556455611864294
64.0,66.9840097516526
64.0,27.03919781966664
39.0,31.28452908212529
39.0,60.87582268512921
62.0,66.98047177406397
62.0,34.3994447005968
41.0,35.76099225096192
41.0,73.75166285503457
54.0,53.14693933732423
54.0,80.20062491259472
80.0,88.09393652252948
80.0,68.94528041599045
70.0,72.96543739202525
70.0,57.50941945100777
24.0,20.03882336595501
24.0,57.98264998736414
51.0,55.71323258197771
51.0,64.32058592734433
55.0,58.52791822513046
55.0,33.1795649221167
45.0,40.652943184164485
45.0,73.7202659405387
72.0,79.08095348797445
72.0,72.59781772660023
64.0,66.15572479894001
64.0,71.23285541677757
30.0,25.314776290857765
30.0,54.617650672436696
31.0,27.581060245216122
31.0,54.528130879509604
71.0,78.89118709814414
71.0,69.46033224580759
62.0,65.59294344338707
62.0,67.73682895837754
69.0,69.62572460100426
69.0,23.40292346992078
57.0,63.28475499333132
57.0,39.10858323169418
69.0,76.07089028971546
69.0,68.53895589153382
42.0,38.90283739467412
42.0,51.454174699844884
51.0,52.997842176707934
51.0,68.8744942027426
74.0,80.70611255280346
74.0,25.295872661861722
47.0,43.203622278297246
47.0,41.2675205188126
60.0,62.552001914167136
60.0,19.39515432206389
65.0,72.02362685624325
65.0,81.75536938868419
64.0,70.84945198947855
64.0,84.72704059664176
61.0,64.67814055320542
61.0,67.24645176520636
17.0,10.156709789094236
17.0,69.29064554329182
72.0,76.95703399754598
72.0,26.884852507033486
75.0,79.57585516178369
75.0,23.742404211077314
58.0,63.91262642122251
58.0,75.14621806071472
45.0,51.731484143509306
45.0,60.00409896366557
60.0,63.47420280366964
60.0,50.730993329229875
41.0,28.77514893482197
41.0,76.79720080400125
64.0,69.82076921656119
64.0,62.90209425183076
71.0,74.28762532764483
71.0,67.22255819379615
70.0,74.80138536849279
70.0,65.8994445916577
66.0,70.98791564944173
66.0,66.9136986189481
69.0,75.89788358798779
69.0,79.89307602161574
77.0,80.62502862527032
77.0,65.87286652832563
72.0,74.63483866267188
72.0,74.50902000691138
72.0,76.24742907060573
72.0,56.753860230632824
60.0,67.15368631161499
60.0,77.19132941537339
52.0,54.57463839547614
52.0,13.620905469834497
56.0,55.25785687144071
56.0,10.100968011960845
54.0,53.900352973404495
54.0,76.77547255127365
43.0,40.55134209216112
43.0,58.733921538784955
57.0,56.00563715612077
57.0,49.72113041058441
63.0,63.96357836235444
63.0,60.72766269252202
67.0,73.53554808789778
67.0,81.08861315526741
64.0,64.55051025108213
64.0,27.494048788555517
51.0,47.79883438951509
51.0,82.75707460753688
47.0,47.35658248026209
47.0,67.46958954261339
64.0,72.12584342782037
64.0,56.14524248111837
59.0,59.66040481669023
59.0,71.58181355654324
30.0,29.717878112796882
30.0,84.65454364814838
53.0,48.687885377304724
53.0,75.58000484964919
69.0,75.73665902342856
69.0,75.26572136975238
64.0,68.66076316640124
64.0,60.7761082806843
43.0,40.38551075806754
43.0,56.43596073031773
61.0,68.34046921506086
61.0,79.515433873049
76.0,83.95772367671128
76.0,27.941249284836715
60.0,63.60959923956182
60.0,71.62721492611928
60.0,67.61193295267287
60.0,60.675956010854804
42.0,36.863526797582495
42.0,53.024645642864186
47.0,46.871385245799786
47.0,51.30184990310414
77.0,84.21312271420868
77.0,57.74654910303849
75.0,82.31416027961507
75.0,79.41103610954838
78.0,85.21238296214466
78.0,68.24476299511906
74.0,79.9676830497038
74.0,32.760731431773024
70.0,72.44429966378073
70.0,89.25654311002603
75.0,77.29506270321912
75.0,72.28667552393671
60.0,66.24569088356526
60.0,50.6114592326075
22.0,12.310098071152197
22.0,37.69751404121922
76.0,80.55135597101162
76.0,27.851116008991312
63.0,67.65078959319834
63.0,82.20237883592091
38.0,30.14027219034739
38.0,65.842224249781
73.0,80.4613899148058
73.0,67.22267278372192
65.0,70.20375810691917
65.0,77.69695340120961
41.0,35.537014356238274
41.0,72.16049366605932
66.0,70.26894913785407
66.0,53.98316000844528
59.0,58.758977444848995
59.0,64.44907288244116
70.0,75.48461844091617
70.0,23.78242360339476
57.0,61.2966511190798
57.0,56.98930578256852
37.0,30.746639220320276
37.0,72.27840418099828
62.0,65.6418320522888
62.0,66.48822254086542
36.0,36.77716244813337
36.0,81.34876234459853
76.0,80.83913781505322
76.0,29.726872166991996
49.0,51.52359412720688
49.0,70.73256006737358
75.0,82.57101852975666
75.0,67.62461278403754
71.0,77.32778909709475
71.0,67.50634795909468
66.0,67.76717231101071
66.0,82.33875846085647
38.0,34.91267213686723
38.0,64.07502199053079
66.0,70.91280514371942
66.0,68.43047346665031
72.0,81.79554728068996
72.0,55.901358895296596
56.0,60.59908312266896
56.0,66.42322794873598
58.0,63.42831007683242
58.0,26.62052585440847
63.0,66.72959528781911
63.0,63.99665293370492
65.0,70.87267613613892
65.0,61.212549136927066
60.0,63.1538349315897
60.0,50.21897569965165
71.0,74.7790014781923
71.0,82.93703095439821
74.0,75.92774292816807
74.0,20.480303015842082
66.0,70.74397618744621
66.0,76.69255511454247
43.0,40.62238359767133
43.0,55.8885435637755
64.0,65.87388756878437
64.0,79.23118538362212
67.0,73.66024022248894
67.0,76.00625085104463
52.0,51.38742320992736
52.0,54.6653856140839
67.0,76.83583419688892
67.0,76.9752407254366
70.0,76.66672564828292
70.0,36.81191048482589
32.0,26.329605038142745
32.0,75.74468673031379
57.0,58.0540260069933
57.0,80.51989512007401
70.0,78.80299622066411
70.0,25.59460387779717
47.0,48.73364053322615
47.0,15.734270353204238
72.0,81.49089144779276
72.0,84.36254202258039
52.0,52.094814413294614
52.0,80.22393989742966
65.0,69.29608243470398
65.0,43.68524187483047
52.0,50.78536211204738
52.0,65.4197535608123
64.0,67.08323260008956
64.0,33.2464614266612
64.0,70.98466897743913
64.0,68.86623583962995
78.0,86.94478471311982
78.0,49.85260468000348
61.0,66.34833760104988
61.0,36.77716244813337
74.0,81.28758672338046
74.0,65.60315098627586
73.0,79.81251570512126
73.0,54.37158980684205
70.0,70.64465548121962
70.0,41.28459200981331
68.0,67.2018190551492
68.0,60.55355930605924
51.0,51.99031493293688
51.0,64.65334248433908
73.0,79.1376507156844
73.0,60.19285928424409
79.0,85.09023261562089
79.0,75.17208372757881
73.0,81.40794241483081
73.0,78.22147138636853
71.0,75.64015939107406
71.0,74.52781877506919
67.0,71.30868897287115
67.0,56.31671528200917
16.0,-0.7019046488408094
16.0,70.83683920244073
61.0,67.27499980370095
61.0,15.633182328298801
55.0,56.91746092666932
55.0,70.71109058810276
74.0,84.08982890274916
74.0,86.29905273817758
77.0,82.80346508310589
77.0,37.521524815077555
68.0,76.41342114163615
68.0,70.9053874163971
65.0,68.9868728428425
65.0,59.687602715732396
50.0,48.23054348346693
50.0,56.69784480994622
73.0,79.00888319053485
73.0,74.56568752226349
68.0,70.29418323046121
68.0,59.19122438322461
39.0,42.66980685506638
39.0,67.34863745268956
27.0,18.485907442354858
27.0,67.45909609511693
28.0,25.78917715889372
28.0,73.62943096443689
65.0,65.64306875759411
65.0,54.688854697790646
75.0,79.71019013853567
75.0,77.99612757475984
46.0,39.072478917641035
46.0,53.114289956078835
64.0,70.01589388658255
64.0,45.32664659711571
64.0,72.01644575722804
64.0,83.49143429546336
74.0,81.61585396050913
74.0,39.293795808826985
46.0,44.96914258524862
46.0,72.96447564323904
43.0,37.952775114786505
43.0,73.49769088833852
63.0,70.06944960147666
63.0,52.53225454807068
57.0,63.000783823503184
57.0,68.64564270937882
69.0,72.14152788814687
69.0,55.50830256291124
57.0,60.33833110609419
57.0,58.09513090495864
74.0,82.2796559803578
74.0,8.452256762549155
72.0,76.4135669696334
72.0,61.0922350180486
64.0,69.10608946418262
64.0,5.1143074570899785
61.0,63.74533325771779
61.0,64.81859943664068
30.0,22.94151884127507
30.0,54.923013029590834
63.0,66.8891680918669
63.0,15.941311944932409
36.0,34.413933428257394
36.0,69.32075547784154
66.0,70.8568881144098
66.0,47.31328220179881
47.0,43.09041842996828
47.0,46.54464843350786
72.0,75.29040052761559
72.0,64.15851821894682
63.0,66.57436563934954
63.0,65.45710970397676
68.0,69.71394807521193
68.0,49.902502780284976
73.0,78.4228247727466
73.0,63.02026940569294
60.0,67.1183099093202
60.0,75.15700161231126
33.0,33.58820179228081
33.0,66.00100757838936
46.0,41.72268264525195
46.0,58.06611982365354
74.0,83.60330636924539
74.0,56.43607094198899
72.0,77.89283044596937
72.0,62.59875589231558
56.0,57.325197159710285
56.0,61.704525614577676
53.0,52.79522542661351
53.0,52.820768424445816
73.0,77.68461736705422
73.0,73.30136223530786
65.0,69.23905538810016
65.0,65.92927352589714
60.0,59.75058510208362
60.0,56.19184508521437
70.0,72.8700594291654
70.0,46.75802853516882
69.0,73.90133112543344
69.0,26.024988215229484
65.0,69.72001785151434
65.0,12.965214947683307
68.0,68.56057919550409
68.0,66.80377663466368
47.0,48.15102209450794
47.0,82.7515826289266
56.0,59.75322437900371
56.0,12.603738668187475
76.0,82.10736967305536
76.0,73.33937136117447
46.0,43.660832135864496
46.0,39.29677405951577
41.0,36.26445304724422
41.0,84.64127919114429
71.0,75.62666044589065
71.0,64.95068724214082
67.0,72.907882918692
67.0,55.793588094050506
68.0,71.72040357079277
68.0,39.093674412200016
70.0,73.00126171537897
70.0,59.848627740363554
63.0,66.66498772447528
63.0,78.8793418674286
65.0,66.65489653209471
65.0,71.92430485642956
24.0,22.445270543017386
24.0,58.8540207317958
48.0,46.540159245144025
48.0,58.66505787803112
50.0,49.75146484952057
50.0,23.471218419820616
72.0,79.38370981350829
72.0,83.37027441808465
74.0,79.26672986277026
74.0,78.29836007433562
29.0,23.046139658626828
29.0,60.17804059268428
61.0,63.17490716311909
61.0,69.84353029865412
54.0,56.812852564646505
54.0,67.24888945011583
70.0,78.76355563510754
70.0,81.86420523439676
65.0,68.1463137204052
65.0,80.1349252416104
71.0,77.99879574109497
71.0,74.92005889368465
50.0,48.95523079445786
50.0,60.89659980210507
73.0,80.57889295355778
73.0,68.87459454118112
67.0,71.2766226550628
67.0,76.17508900041236
69.0,78.44770562747595
69.0,29.80761559690376
58.0,57.97627951322636
58.0,62.66558141612296
62.0,67.48067611416928
62.0,31.759307329451985
73.0,77.93113705708294
73.0,46.04038264331268
64.0,71.5709098482211
64.0,66.03197127163565
67.0,70.7124249352405
67.0,50.49345315715118
72.0,78.19336414199586
72.0,67.38019866604117
73.0,78.0368693639814
73.0,47.96434326050405
72.0,76.93526838417404
72.0,80.83089160672972
15.0,18.181482977945223
15.0,77.22931117873469
35.0,43.68955624406584
35.0,52.475173736842805
53.0,56.5080197361828
53.0,37.955377561771115
58.0,63.859159802475176
58.0,46.931932604097256
68.0,75.47047833201975
68.0,44.260126639815894
62.0,66.94706974697573
62.0,64.40597640206482
38.0,41.03140932421729
38.0,72.47751571927188
24.0,16.461007372816027
24.0,69.36752521905618
27.0,18.969249646730248
27.0,20.441335299899492
76.0,83.7960470986634
76.0,37.99603540462533
63.0,68.668200262119
63.0,53.045992537657355
74.0,81.44016577314852
74.0,54.683782961768884
61.0,62.135480982055924
61.0,67.01573336452367
67.0,73.84635757578252
67.0,19.947485835382338
60.0,65.73359993516021
60.0,73.22628843852931
69.0,74.87863674769591
69.0,3.6381660749178764
68.0,72.45624956775657
68.0,68.03242635802928
59.0,65.20288190207378
59.0,85.9598444128224
71.0,74.9816693703234
71.0,17.93226552588567
51.0,52.99281299151295
51.0,74.27735291982384
65.0,65.89169918582672
65.0,79.38430226227592
64.0,66.37290435788901
64.0,44.3378190187816
58.0,60.19911436145509
58.0,69.83592129317066
70.0,77.02289336877277
70.0,78.2697910321279
67.0,68.04039369697904
67.0,83.49897123057406
44.0,45.32629868753503
44.0,60.950971696801105
53.0,50.420375262373966
53.0,85.86804096052686
66.0,72.60706896205085
66.0,79.13613531227855
37.0,32.47135598893493
37.0,60.302631110744585
67.0,69.67291245276004
67.0,72.32538241310368
65.0,66.1092225560119
65.0,50.341622459749146
27.0,22.050430478006263
27.0,49.45142074995891
49.0,49.114225646981254
49.0,30.753042024774288
63.0,67.73829324280399
63.0,65.89948195877116
42.0,33.51832723367693
42.0,12.13952962951305
42.0,45.175129685393415
42.0,73.85660488926118
33.0,31.759307329451985
33.0,64.73130746531626
70.0,73.16934283725948
70.0,48.67270249837571
40.0,37.488464813956114
40.0,69.80043052701797
72.0,77.4704254412855
72.0,79.71476402984098
52.0,54.694462115570104
52.0,75.5352715753321
70.0,76.37137085538734
70.0,71.68087107836965
56.0,58.3751132240335
56.0,60.76261903369226
58.0,60.560972410981265
58.0,76.26135285221307
73.0,81.05716034590205
73.0,67.82392479837233
55.0,54.28325432143305
55.0,12.460264729762457
33.0,22.299170844975038
33.0,58.65678276641211
53.0,56.10950363322928
53.0,75.34770423853058
43.0,43.826501357005725
43.0,62.02166521561804
67.0,73.36562723944212
67.0,67.31853383963886
72.0,76.26258778402024
72.0,33.1795649221167
63.0,68.46340957942499
63.0,87.16696343700215
52.0,53.28961698184543
52.0,73.34962018082462
56.0,60.00060767375203
56.0,58.3230177682226
72.0,77.2382790889148
72.0,70.71262803531539
58.0,56.96660244360214
58.0,73.87695227015843
66.0,73.64759687310334
66.0,53.784691113469535
63.0,68.65369892509563
63.0,52.66330841604815
71.0,79.83091563265685
71.0,44.065198654249
55.0,55.20871411903562
55.0,40.827227241112496
69.0,76.27345402658915
69.0,80.18832840172013
66.0,75.28714826665447
66.0,29.74964108152983
12.0,9.656795901992155
12.0,50.79365209878506
74.0,78.39247037779091
74.0,66.94387759118104
62.0,65.1675204282983
62.0,7.414496048476508
70.0,73.49900415670993
70.0,14.876850347132972
64.0,66.81071413131309
64.0,13.958902855034921
10.0,5.1143074570899785
10.0,70.66833321817728
41.0,37.44824202601859
41.0,66.92824526328963
57.0,61.59235859764209
57.0,48.990274345914884
57.0,60.33687621562757
57.0,61.87950863423282
72.0,77.48241131914841
72.0,62.32728339576869
71.0,78.56135576161074
71.0,79.9187300444139
74.0,80.05870883473762
74.0,76.80301229655504
52.0,54.569046739211615
52.0,82.4867635815778
58.0,59.13204907164658
58.0,60.6928269536873
70.0,78.25834085300767
70.0,46.60328477741814
69.0,74.26591090257347
69.0,59.20083589464093
31.0,33.73456310726482
31.0,39.49018665978514
57.0,62.72788342723385
57.0,52.51181968082727
68.0,77.15045926528711
68.0,59.11954666211682
61.0,65.0101159287729
61.0,59.407615311449035
63.0,63.0452545735003
63.0,58.91156081729264
58.0,64.7112964166825
58.0,83.85827043253272
62.0,60.26543370692059
62.0,75.50584130170841
81.0,88.93311969431767
81.0,92.73303790862121
68.0,75.0699352016548
68.0,77.33443314817015
63.0,63.053189182341384
63.0,72.37268852501126
54.0,60.809359822345755
54.0,63.339598574597744
31.0,28.622161575436678
31.0,74.65278053022053
73.0,82.11967256875857
73.0,63.62325711456913
59.0,55.83761807035148
59.0,78.27398632195656
45.0,46.41301489573931
45.0,67.98049359666089
49.0,46.26612728771528
49.0,71.08526033741197
72.0,76.75390582268454
72.0,13.358872743653592
60.0,60.68372258201123
60.0,36.83763255880007
68.0,72.28386704655043
68.0,92.63456222204809
67.0,74.56928324334893
67.0,69.85017212886942
22.0,21.49135437662636
22.0,76.12781272413253
61.0,60.993181531916775
61.0,76.97763391782797
77.0,83.47207495296163
77.0,50.28132712012274
52.0,51.37986172754
52.0,55.62741386260217
71.0,78.50446082579384
71.0,77.85448449346234
75.0,79.72973089220358
75.0,82.06587016282901
70.0,75.39404773797855
70.0,41.219382755937886
69.0,73.99018427162662
69.0,69.41218596570212
51.0,50.25394166914498
51.0,56.805168171233845
58.0,55.687726718470856
58.0,78.87085027115666
72.0,77.8341997523313
72.0,53.347502664293245
74.0,81.05259897992386
74.0,68.21271720040073
51.0,54.97239585502416
51.0,64.82704177856908
76.0,81.47009851434768
76.0,55.94841605544951
18.0,19.322693564597046
18.0,73.36043583791508
75.0,84.30475916969846
75.0,52.730932176050544
67.0,71.23201568594027
67.0,72.40181007929465
69.0,71.59992650015693
69.0,90.58929303988418
9.0,-3.7327688186961723
9.0,52.80078643616713
84.0,91.63118558019085
84.0,82.87035583775935
73.0,75.77887109679898
73.0,77.56022473660289
40.0,41.11676475891397
40.0,22.572669857430526
66.0,73.14759209286842
66.0,66.5486926066647
64.0,68.34276245094611
64.0,79.49807428945803
64.0,65.4924070857985
64.0,50.2573710733497
44.0,41.48292166916485
44.0,56.75175537003065
66.0,71.12638392834089
66.0,80.08748479349919
75.0,82.24922021623075
75.0,0.037308230455266767
23.0,26.35332349540164
23.0,59.17701073639421
23.0,21.276730933013482
23.0,82.46168174674716
54.0,56.14279240083795
54.0,36.986515803701934
69.0,72.67536870015584
69.0,53.94676703978831
45.0,42.734344224521806
45.0,68.70649630378057
57.0,62.05922120561553
57.0,86.47947548459007
38.0,33.9734146284934
38.0,57.57892671128667
66.0,68.66209669610191
66.0,53.9418398198855
56.0,53.26611111710332
56.0,49.612010303072
31.0,18.484813737379795
31.0,54.89141614804623
71.0,73.66926988688488
71.0,60.18553667536963
80.0,84.78833406590934
80.0,65.68984918136294
68.0,70.89365196570282
68.0,74.27549299426607
50.0,55.59694751904044
50.0,72.43390059933495
71.0,77.25878086150914
71.0,79.21579578647527
54.0,55.78054660076617
54.0,41.464180920853664
62.0,65.05241386976581
62.0,68.58227664764291
74.0,78.68942054129957
74.0,26.67985741265761
76.0,85.56961785542029
76.0,62.01143720427393
67.0,69.15762613693937
67.0,53.45663802541043
62.0,59.088347967258926
62.0,22.947732664304795
54.0,56.56418578571652
54.0,73.82048137350972
52.0,51.916480738524285
52.0,82.91958684287914
73.0,79.54229622903
73.0,45.205311573854715
65.0,70.72144245377694
65.0,84.08341584885903
68.0,69.23448384368618
68.0,69.29536627956571
74.0,80.91452433705791
74.0,29.076554449947594
66.0,73.28197013041279
66.0,64.82407067618277
44.0,39.67621164648193
44.0,84.32074448179867
67.0,71.17407285875805
67.0,69.6702754117465
72.0,77.32786138442884
72.0,55.07629766920502
52.0,51.79571582150311
52.0,78.38441165761174
63.0,65.39630096644737
63.0,56.90573834802569
40.0,45.347732122135824
40.0,70.81072600240248
65.0,70.39287075486408
65.0,51.12726707729058
69.0,73.56774080617242
69.0,75.82287061986267
69.0,75.04529887983051
69.0,73.79191526631581
37.0,39.715073706880275
37.0,79.73011851928459
72.0,77.16627223531168
72.0,76.6725084206999
73.0,76.93436867925197
73.0,76.07625682627923
77.0,85.28697619945802
77.0,14.781352008161662
71.0,77.3224657452825
71.0,36.094075977437
69.0,72.29511990733397
69.0,58.28641400107506
17.0,9.226799648118174
17.0,29.419848837680092
50.0,49.12696831353679
50.0,68.50934923178215
50.0,52.44420818433542
50.0,50.923749631733926
71.0,73.01893102028492
71.0,25.443978103986183
18.0,9.201660720894608
18.0,52.10258959246198
58.0,61.56624427035831
58.0,79.77840094419633
52.0,59.89902257734997
52.0,62.44224609856633
60.0,65.22815688459906
60.0,73.16264448028
78.0,87.14063263305945
78.0,61.38055706114568
73.0,79.4435458550575
73.0,41.94111116886131
28.0,28.359880885082077
28.0,75.80455154143635
27.0,31.731994626869266
27.0,76.80546362375611
70.0,75.21762207738198
70.0,39.17947047666911
50.0,52.8152107326012
50.0,70.29978351702306
73.0,76.40616840071982
73.0,70.1610754090865
36.0,34.502210635436995
36.0,54.9896975741313
82.0,90.58802155508647
82.0,81.24529502585051
76.0,79.17708438429173
76.0,60.955824590881775
48.0,48.17650939252894
48.0,65.30098721045823
63.0,70.20814492629512
63.0,26.956836116936813
39.0,31.892383192795705
39.0,73.14480821813436
54.0,56.08876287321283
54.0,81.62610859859632
66.0,67.02640790522963
66.0,81.2734653987024
70.0,76.77404973183377
70.0,76.86006079679652
71.0,77.78922396023773
71.0,31.252794071915105
30.0,22.9573715732281
30.0,72.11548272844846
65.0,72.91560679713865
65.0,79.1913703719544
72.0,78.99876820677224
72.0,61.28533285210574
69.0,71.87895812847842
69.0,83.35188519213528
70.0,75.68468673654735
70.0,49.03662623442892
38.0,39.44014779004567
38.0,34.717072429157724
37.0,32.19589081731681
37.0,73.22568688471983
51.0,49.40063276937042
51.0,63.940072940217135
71.0,76.12042399898536
71.0,65.49231763797513
46.0,49.48456362748351
46.0,46.9996462339322
48.0,45.16920511405647
48.0,79.16421962061742
62.0,68.48911908413487
62.0,64.16769878534387
38.0,36.50367853868727
38.0,78.0743614183495
29.0,29.916092673846663
29.0,51.97960085538131
26.0,22.234404446217923
26.0,64.2056588443441
23.0,7.875182374969086
23.0,75.90102325923237
67.0,72.87166826920827
67.0,49.91593925471443
58.0,62.537598663965696
58.0,77.83426529634448
54.0,55.23114942597704
54.0,47.404785927569606
21.0,21.85709110486897
21.0,66.62100571762392
41.0,41.35641371567033
41.0,82.97247613710988
59.0,62.27079251238615
59.0,41.658727015422926
70.0,79.20590781390143
70.0,54.70509987569608
68.0,71.08415835028626
68.0,46.49306545259594
79.0,85.36078289916367
79.0,75.90209294658172
59.0,57.19818589935994
59.0,20.288845545077606
63.0,71.72569842207093
63.0,65.34529744433121
70.0,76.66512684034569
70.0,74.29963248810287
53.0,52.56055254214999
53.0,70.8528607376133
39.0,41.08855913966005
39.0,66.67056862274973
69.0,74.68426016580241
69.0,30.877939954693716
65.0,70.05081820789894
65.0,73.48329451253323
70.0,77.40099488690322
70.0,41.34227455590508
71.0,78.15953500541684
71.0,80.3791020218394
68.0,73.35846132885348
68.0,58.689346809550784
64.0,63.18058877419486
64.0,87.27264925928995
69.0,73.05405446737484
69.0,73.15345962219482
45.0,45.0130693216401
45.0,47.88125986458152
56.0,58.45599051799064
56.0,43.384274750853876
75.0,81.01946875865542
75.0,66.86462444609867
71.0,77.85684140618463
71.0,80.47849001318343
63.0,69.38325750706309
63.0,33.73168160197099
62.0,70.58762811183641
62.0,66.7003773433517
50.0,52.13771969452881
50.0,63.846714843878885
62.0,65.9669001195308
62.0,55.24800623849541
49.0,48.68134625089448
49.0,83.94375824250488
77.0,81.85753474920114
77.0,52.07024066923998
60.0,64.0883310662719
60.0,85.8789978361819
77.0,84.11056333164458
77.0,73.68333744719877
71.0,78.19016249437408
71.0,39.30080197999308
66.0,70.32267680175516
66.0,84.33203060374473
66.0,72.19797143810933
66.0,66.51113399058983
60.0,66.4227256527854
60.0,78.43212380166369
67.0,70.78112131533157
67.0,62.24266390768031
61.0,67.51109166954842
61.0,57.79412878577665
32.0,33.42243700547084
32.0,73.95275783310774
26.0,26.388494172400385
26.0,78.18568811500592
77.0,82.13979961154513
77.0,69.2327450923238
49.0,46.26732321874067
49.0,55.42024646431332
56.0,57.94042356081758
56.0,87.22663346176813
37.0,41.24041231926708
37.0,70.40718713409541
67.0,70.95789720830675
67.0,58.01999825910974
57.0,51.5260450903109
57.0,67.43855959495005
80.0,86.14239538478762
80.0,66.39271688947758
50.0,47.89649509794276
50.0,44.685904433643145
58.0,59.46322906952787
58.0,22.167869982594596
51.0,54.88413207098495
51.0,5.549596509673279
62.0,66.2542697562115
62.0,70.86208794388818
64.0,68.34363742924074
64.0,40.659098229223844
55.0,59.329670075054025
55.0,73.48159303063306
39.0,32.45974019011817
39.0,72.14759803241498
79.0,85.72657843420302
79.0,71.72597387064678
64.0,67.59796486133706
64.0,26.920406386087507
44.0,42.04653063033737
44.0,36.75710869354435
52.0,53.1219618762521
52.0,68.07395164029862
62.0,67.63495417570533
62.0,57.60794594608541
66.0,70.21116173262004
66.0,80.73612708919825
65.0,69.80651280405442
65.0,71.03535926917272
78.0,85.11274913165528
78.0,65.74401126493399
52.0,53.460264197624326
52.0,76.96188375420508
71.0,77.55044020485622
71.0,61.688442246314764
52.0,50.655715674654914
52.0,79.69156333980106
62.0,65.01229163083383
62.0,16.31925818093987
44.0,49.56677030268196
44.0,24.79344916134181
50.0,53.898084166006186
50.0,60.744206767075184
78.0,84.70223194679448
78.0,59.20279333059938
66.0,70.58052007523594
66.0,69.43603408825561
50.0,44.78037599123661
50.0,71.46624262717046
74.0,77.5016070378187
74.0,80.4706057119646
63.0,70.39680223476745
63.0,28.19169746911473
77.0,86.35102737068297
77.0,74.79195288779846
53.0,56.681725213196955
53.0,55.51754834775738
81.0,86.46840685465969
81.0,76.65576856394762
76.0,83.14842669873957
76.0,55.820065157187685
37.0,33.85497353305783
37.0,73.68968596421996
72.0,75.91472014442058
72.0,77.10925199598609
49.0,53.75114785877548
49.0,76.3908083582221
72.0,77.67282675346723
72.0,43.31480630777526
69.0,73.17758675791544
69.0,84.30015996070284
56.0,54.47001948781531
56.0,65.9496608368508
71.0,77.08061760794203
71.0,75.83144827783104
53.0,54.88697896692071
53.0,67.26450922853701
57.0,62.3486780036493
57.0,30.570303716690887
39.0,37.30345076090629
39.0,66.07118887550087
37.0,34.168689774802544
37.0,75.7781204311056
65.0,69.97149347614908
65.0,82.50298239703329
75.0,81.59633589898056
75.0,85.99873559182305
81.0,88.22110465337227
81.0,81.26465614670502
65.0,70.91941278476821
65.0,54.95745465156352
54.0,57.48894456284887
54.0,55.80728330795415
70.0,76.68068268954738
70.0,19.553029511650664
55.0,52.44544272917068
55.0,13.737230402461876
70.0,74.56125511207352
70.0,79.98992691736458
74.0,79.13673328116374
74.0,70.44371632667912
66.0,71.07120210129796
66.0,64.41632122084809
59.0,62.32545109633412
59.0,59.67233726521124
63.0,63.81054754579657
63.0,62.48626774641252
45.0,41.96193938293811
45.0,76.07887097168134
42.0,48.549957971058916
42.0,27.616217442291656
56.0,57.58345925624661
56.0,78.93517398982749
56.0,54.48201839243592
56.0,46.211431611520595
56.0,59.16994482208344
56.0,58.26258790073666
67.0,74.40946059632267
67.0,52.36213735275783
66.0,70.02403152695189
66.0,73.95565873418622
40.0,32.60272612839509
40.0,68.92782033591084
72.0,75.21749917994475
72.0,57.5924507177636
49.0,46.41326114116964
49.0,76.34033551860949
50.0,46.28398770941459
50.0,65.68851697473929
68.0,71.19812184672395
68.0,86.1224087210677
63.0,71.88493808187985
63.0,75.06059032783247
69.0,77.17437922154988
69.0,37.68106063580797
64.0,66.60397397811329
64.0,70.26150047670751
54.0,51.854951283816604
54.0,4.8390119131177585
54.0,55.269460809454415
54.0,60.87582268512921
30.0,24.79344916134181
30.0,50.418267569357624
54.0,60.0021692328898
54.0,80.88616497005751
69.0,73.4047293721012
69.0,45.68350318142177
40.0,42.82703965948548
40.0,33.23777796843984
69.0,73.067418672717
69.0,50.20793680831366
60.0,62.603729608126116
60.0,78.51682223700868
63.0,65.13999217551424
63.0,28.611570077129784
74.0,81.14486569510404
74.0,65.60198395604311
64.0,65.43204868901506
64.0,65.85444170149935
43.0,44.34762975964014
43.0,46.98347589838727
66.0,75.09926707804948
66.0,82.25624680442507
58.0,62.85699873622184
58.0,69.85660843073958
45.0,39.62410255354399
45.0,62.6675023781101
53.0,55.99077426241644
53.0,56.31710213881496
77.0,84.78450221879189
77.0,57.76744191172503
54.0,53.52276483320361
54.0,35.88587932313925
70.0,75.72663537744745
70.0,31.035097788124176
71.0,75.02956085850019
71.0,59.55542959360491
37.0,39.06610519077219
37.0,63.760877314111895
40.0,33.89409939934609
40.0,61.60434825305833
52.0,60.19214225823811
52.0,34.110548859780295
67.0,73.97549680952028
67.0,28.040466393180225
38.0,45.06758995932057
38.0,34.7143856817882
42.0,38.566168519618486
42.0,71.43661420706019
57.0,58.64851776900474
57.0,65.38392948920205
59.0,60.45973215706425
59.0,83.21123284245652
66.0,69.74240950858541
66.0,49.43723435892224
74.0,80.84393826732367
74.0,43.51022926160738
80.0,85.3209506805797
80.0,20.49777758493576
72.0,78.4634450898742
72.0,38.723971893992314
86.0,93.65749445114028
86.0,70.51960955519536
67.0,70.79335426694382
67.0,61.086793987267924
54.0,52.837418484132854
54.0,78.97055266007806
65.0,67.93300046000155
65.0,66.1676005435869
47.0,44.98065990193231
47.0,68.03130226553321
63.0,68.33767440726609
63.0,21.181708856129717
69.0,75.04483167532419
69.0,68.99740873219434
54.0,56.52733569188479
54.0,79.3873050734743
74.0,77.3663656195206
74.0,52.51624987669027
57.0,61.455530481689664
57.0,33.74248913308065
53.0,48.35496879943099
53.0,70.12551547482235
79.0,86.15002634276465
79.0,27.588387950529693
43.0,37.46214320152211
43.0,74.15528270331765
44.0,45.01391056929913
44.0,20.147274465940143
61.0,65.98108673169975
61.0,27.51214157335795
58.0,58.839719609920905
58.0,69.86820099755482
28.0,28.194471649668515
28.0,73.7567217725911
76.0,79.687438355773
76.0,59.23392126575362
61.0,68.55278758007279
61.0,83.9104802370577
57.0,59.59986983242402
57.0,88.20770409323006
20.0,15.176669601041397
20.0,11.152702806473599
71.0,78.34977453344976
71.0,79.33634336069366
68.0,72.62828170605019
68.0,67.82013225611189
68.0,75.80059699334282
68.0,78.79181035094189
59.0,61.55821663893346
59.0,68.0557542629428
60.0,59.66329440642079
60.0,66.9265857385513
63.0,64.74316423354225
63.0,81.91306509397157
70.0,74.39485253532803
70.0,29.067815431482643
28.0,26.581100827405862
28.0,50.04537552011806
57.0,59.138285657198594
57.0,29.52597218534936
41.0,35.498274179865575
41.0,45.97087132414316
67.0,70.41699654405204
67.0,57.334275012230876
66.0,67.8852341848604
66.0,43.042452604754374
59.0,58.376336243034245
59.0,50.44495149516666
78.0,83.35962441881759
78.0,64.18531573599972
62.0,67.36908717139471
62.0,67.33067179037727
33.0,30.247057145733947
33.0,20.33290500281521
49.0,55.71188942828593
49.0,71.18012053370956
55.0,59.17308821816738
55.0,48.166393482941885
38.0,40.31318694130249
38.0,29.86376892019382
57.0,54.598624601797326
57.0,74.12571455480179
71.0,78.2544852516819
71.0,78.74597733167201
66.0,70.42105478730537
66.0,61.53651466685204
71.0,73.94939989888576
71.0,21.96224286723617
73.0,78.44731092767825
73.0,65.37270108662756
71.0,77.67646228773134
71.0,22.500404258237324
62.0,67.34841332476958
62.0,82.21705392349816
53.0,55.08950813714273
53.0,70.65646499068606
67.0,67.76350082446004
67.0,36.06696086785047
70.0,72.63285130209795
70.0,46.88776007521966
73.0,77.27726427652016
73.0,14.883917178904824
71.0,76.67554832437645
71.0,86.46399916689393
40.0,32.6477224720702
40.0,28.9416655825695
46.0,46.565700136644125
46.0,68.3278541442362
19.0,18.760998175331963
19.0,47.77718079502779
28.0,21.992532830896778
28.0,83.06810578564671
65.0,67.10422966197928
65.0,62.53378774120631
61.0,63.3665948363157
61.0,70.93896153981945
68.0,72.56888021505256
68.0,53.002049541125416
33.0,31.876762832664838
33.0,49.635543852287014
63.0,62.446446204409426
63.0,44.47810825883539
46.0,40.5213611274263
46.0,66.07248522547889
71.0,76.6608526454608
71.0,78.48854218074791
73.0,80.3066930571506
73.0,49.83251377830743
68.0,71.59113508330785
68.0,74.84725951704115
59.0,61.50451800398713
59.0,73.55441375692885
44.0,41.507354077471916
44.0,83.73734851700351
36.0,45.38747702409836
36.0,33.519013302495466
64.0,68.41927119766228
64.0,74.3163580616166
61.0,65.81274957224161
61.0,36.08031359769376
76.0,84.86225552049069
76.0,69.00028382163384
43.0,47.23183630891077
43.0,47.5739158575588
51.0,52.4208223479107
51.0,73.85328770357876
73.0,77.08823188385873
73.0,68.72593136178307
45.0,42.71260230650057
45.0,69.61911843979351
69.0,71.76624149023144
69.0,79.3646388035595
67.0,74.5312362887667
67.0,42.31376082990283
58.0,53.85572718746698
58.0,21.032630927655532
50.0,51.606245995790005
50.0,77.3348070938053
27.0,26.284477509747774
27.0,31.68407191769751
66.0,67.83489717193862
66.0,78.69413388587554
60.0,62.51422787558607
60.0,79.24254280038684
54.0,52.71010695660857
54.0,56.08441481560425
41.0,44.2119019334466
41.0,75.05011731633505
61.0,66.44501648048197
61.0,74.60659183791876
50.0,51.075477362146955
50.0,65.5171638722747
32.0,22.6581822601932
32.0,33.71797909469211
74.0,81.34945094255897
74.0,62.478597420181984
60.0,58.04615993486789
60.0,73.6290814518606
65.0,66.73130516908532
65.0,37.58725181889878
28.0,17.933214629841018
28.0,48.54156244828948
45.0,46.72046987720131
45.0,60.17428513206244
41.0,42.20728319152613
41.0,74.72207637061717
59.0,63.527643338395364
59.0,80.6277949843323
39.0,42.80372011001964
39.0,73.83497266611039
42.0,38.69473670781889
42.0,74.46558901144789
21.0,17.35996875547545
21.0,61.8496074722205
43.0,42.22536218973545
43.0,45.029326696657904
82.0,88.23402390570106
82.0,68.88411421150391
74.0,81.56804343046838
74.0,72.28165064951116
53.0,52.3485774480684
53.0,64.68850000531165
57.0,50.338974313016365
57.0,49.357535082693914
59.0,64.2907135994489
59.0,58.94104411255523
70.0,73.60021257768932
70.0,83.49258648408505
63.0,67.21725143086911
63.0,74.13181410209961
19.0,21.431877160980036
19.0,55.30926808084911
72.0,76.70737673300715
72.0,61.26493341700274
35.0,36.244071582369884
35.0,16.291826237838166
61.0,67.64404492467969
61.0,67.42276395860614
70.0,76.68513567130742
70.0,67.07786823445986
66.0,69.61999582480718
66.0,81.83288112625632
59.0,65.37856903904986
59.0,73.57420075718994
73.0,75.6602988813658
73.0,42.76633203915327
75.0,82.02231858887495
75.0,79.50521193670374
53.0,53.94676703978831
53.0,58.893007415645684
57.0,56.99785894614439
57.0,55.18101586103637
68.0,71.71012619453
68.0,15.752207662682054
80.0,89.2277215425853
80.0,66.06010243879149
62.0,67.69247248934897
62.0,71.84080847372257
32.0,28.98431219932388
32.0,72.31096587910315
66.0,71.26736440378897
66.0,34.96043353791708
66.0,68.52286959778132
66.0,79.98395276422428
65.0,71.62505387653721
65.0,69.50598990639111
64.0,66.59167484113749
64.0,65.88680872245351
56.0,62.50353050719781
56.0,26.096211410536398
50.0,55.865975108728435
50.0,68.23721950584434
79.0,83.6286360919425
79.0,40.73224155564276
36.0,33.26877205190533
36.0,64.78032384937882
75.0,83.08654642434101
75.0,53.03306523249171
71.0,76.61961502005789
71.0,71.11491404028146
60.0,65.23417173820877
60.0,82.94864934669994
55.0,51.50655179891663
55.0,71.21963696864367
73.0,79.70781498950828
73.0,55.02295918362631
57.0,58.34466406392596
57.0,81.80107616071837
67.0,70.17597889046539
67.0,71.49382512115915
73.0,76.68188082482419
73.0,72.81980259429315
69.0,75.56055964665603
69.0,45.980501664017254
65.0,71.4449256588963
65.0,64.67394746485797
50.0,52.8152107326012
50.0,60.66524667985084
74.0,79.71558550028084
74.0,61.50359386700359
60.0,63.71064210916586
60.0,75.03183733844395
54.0,49.46464220726796
54.0,75.55440133690564
70.0,79.60387931229758
70.0,33.94644482646646
64.0,67.28596299444848
64.0,71.92440268299049
14.0,1.5939321742898187
14.0,80.21185363576501
60.0,62.82105597625156
60.0,44.42412964687031
49.0,49.114225646981254
49.0,76.6146561425636
74.0,79.22659460441861
74.0,67.99656644207562
56.0,54.90868307313082
56.0,81.59281636235886
71.0,75.77699608514416
71.0,81.07473338638852
74.0,78.93263792236309
74.0,85.43729142549165
61.0,68.54918143296834
61.0,80.70197035546522
68.0,73.2021343078116
68.0,55.12390929929052
73.0,78.5656076713176
73.0,67.51795546298837
65.0,68.23911092531404
65.0,71.27821421665095
63.0,68.35077557807898
63.0,82.91420941251312
65.0,70.99967995293088
65.0,65.63064077918585
57.0,60.97636648147693
57.0,52.62451149109029
62.0,64.4301408734388
62.0,48.00264451878542
70.0,76.08719089523862
70.0,67.84361510347884
76.0,81.24196990337805
76.0,77.70218229730477
56.0,58.039591287914675
56.0,13.402454197964573
61.0,66.91413274314613
61.0,37.955377561771115
65.0,63.252662727321194
65.0,31.804854584596512
63.0,62.42747634813327
63.0,78.09142863880072
44.0,47.974880461514715
44.0,75.2937522959104
80.0,86.59842344706283
80.0,70.46053566439798
64.0,69.85092536380256
64.0,54.27445521318782
54.0,56.5577405442632
54.0,78.93910101054342
64.0,69.6122851793532
64.0,61.670714117125726
33.0,28.37412705087877
33.0,61.90715403004623
73.0,77.47986467923369
73.0,72.11894930899894
61.0,61.86702551997297
61.0,41.222421555451206
40.0,37.82411888176671
40.0,82.22249978210414
69.0,74.10243562934994
69.0,64.26423393276872
72.0,78.68279444333075
72.0,60.17665522467075
61.0,62.00822244567439
61.0,85.84225772067464
45.0,48.72675340343545
45.0,78.65876394716997
74.0,82.47414656868091
74.0,73.87225131791212
76.0,82.96122523008484
76.0,66.37680314612265
73.0,80.45697357239999
73.0,44.41669815895756
54.0,53.60321886506654
54.0,34.80736210330855
44.0,35.514620098877856
44.0,69.15368977744117
53.0,53.27786168685702
53.0,67.16983482507112
69.0,74.02912309007581
69.0,65.45820260504348
63.0,65.35449874327833
63.0,49.02263572788439
59.0,59.65833789305054
59.0,76.6023408810629
67.0,71.61496356176889
67.0,80.10741444710015
67.0,72.66984016091595
67.0,75.0114925913756
76.0,83.07163434010482
76.0,92.52581823909958
79.0,86.53013567750583
79.0,59.53592110355328
45.0,41.14535945729466
45.0,53.92941281623507
71.0,77.77918315082502
71.0,72.49257678863427
73.0,79.11260923412664
73.0,80.30713632676839
66.0,67.44540308553502
66.0,57.89882536602954
33.0,24.565542857927483
33.0,66.27899044487788
57.0,54.37325514163166
57.0,77.77824292961105
56.0,61.14506347988845
56.0,78.46459035888631
75.0,84.40858168721428
75.0,29.638294031903797
75.0,84.76479684627532
75.0,64.43344684255169
61.0,66.36896864402763
61.0,61.076444559009474
78.0,85.72624927605608
78.0,54.47791815920846
59.0,59.73900696235336
59.0,58.60190451129091
65.0,70.94190960246937
65.0,63.089946712843755
72.0,78.72030718415925
72.0,66.80102239951259
85.0,93.3824310828092
85.0,83.5384322775692
70.0,76.90906907692363
70.0,87.68712591741098
16.0,-0.7019046488408094
16.0,58.89168728943355
62.0,68.22352599023122
62.0,50.34363333033292
60.0,64.95321361923061
60.0,41.64138740043455
79.0,85.74601693939508
79.0,61.71200749687125
66.0,70.14874778762425
66.0,38.33402797327062
66.0,67.90916089407256
66.0,37.796475757176836
27.0,28.269215180216236
27.0,82.96141110130554
77.0,82.71381005403504
77.0,71.3576509207694
75.0,79.77809055443305
75.0,72.97159019339517
71.0,76.47174595988497
71.0,49.637355071281945
69.0,73.75271028859112
69.0,36.826998513645776
57.0,53.751113983899984
57.0,63.52378829788
67.0,69.92227566499344
67.0,76.35839429158142
66.0,69.95926574837091
66.0,56.88653383167832
78.0,84.57955696497362
78.0,78.75148822291408
65.0,68.33454911227898
65.0,73.71475790480497
47.0,48.56809086429604
47.0,55.377682259715414
49.0,51.360590470929424
49.0,56.333995303459915
45.0,47.69405318461628
45.0,66.56083598462641
60.0,61.19946838861398
60.0,44.97968137716498
45.0,43.45691532240687
45.0,61.88864935288393
33.0,26.045656592387218
33.0,61.8441303662791
38.0,39.14974368316928
38.0,23.27864275292518
64.0,70.25804777158999
64.0,75.91728335223132
53.0,52.03959691295
53.0,79.41935750845863
49.0,53.27806148654457
49.0,71.8120738273305
66.0,69.0401300357965
66.0,53.05707362437772
74.0,79.38704997991391
74.0,76.25074461500736
69.0,75.55230415579229
69.0,41.54692589859741
73.0,77.68151094138352
73.0,31.32307430927989
67.0,70.53715626960553
67.0,76.41945237482821
70.0,73.88285330158828
70.0,20.500945862833532
78.0,81.8276264408853
78.0,68.00428101572476
63.0,63.45180981447504
63.0,78.02187967353888
67.0,67.7677061210548
67.0,65.18817064303511
60.0,64.16569512378078
60.0,73.86825476764358
45.0,48.25818178888392
45.0,64.73154925224947
65.0,65.70261025539588
65.0,69.65856671484494
62.0,65.26801371039801
62.0,70.27372545045989
74.0,76.71920954625409
74.0,75.57307773072267
72.0,76.52154791995633
72.0,80.63791201969798
33.0,29.900691488035534
33.0,22.404516852482004
65.0,72.07730502335005
65.0,54.44872056113002
77.0,83.16827801224707
77.0,79.70800188378092
26.0,19.13623901955782
26.0,84.14005534760662
71.0,74.32415221980517
71.0,78.72821726540377
48.0,50.47851156111915
48.0,65.23993627954536
67.0,70.38571762396691
67.0,73.42198352355354
51.0,50.57400950456599
51.0,77.12628474367432
73.0,79.00740501496318
73.0,72.45857368524617
68.0,71.6149018366088
68.0,75.47120764012527
54.0,54.50856733122066
54.0,45.5863777376012
38.0,34.23372027762497
38.0,84.1030740807405
70.0,70.96646900878562
70.0,83.39500548846581
37.0,33.919498102705575
37.0,78.71275491836849
55.0,54.14004341157789
55.0,57.47862838800273
39.0,38.73874143907608
39.0,55.1508090046695
67.0,73.68903786153226
67.0,64.23582834111568
68.0,72.82654059867025
68.0,38.30341706307826
69.0,76.13418413912291
69.0,65.7918734687072
70.0,74.07288663473855
70.0,58.714796392489404
81.0,87.98387011575011
81.0,86.01570668240532
33.0,35.17940919047953
33.0,50.067828758098415
70.0,77.55337646219618
70.0,28.687890946526977
74.0,80.49428018147876
74.0,52.83252624071798
59.0,58.38892603319783
59.0,73.09771662210454
72.0,78.87589440048669
72.0,63.42986202953813
66.0,70.7961809515499
66.0,67.43863183789176
45.0,49.17779758572988
45.0,50.123248521552966
50.0,55.52326290819116
50.0,74.4856904082128
82.0,93.08402695614848
82.0,41.559596375136834
70.0,73.28688658041233
70.0,45.31820385950374
27.0,25.00057536023644
27.0,56.859871202312206
36.0,30.282655849504977
36.0,48.53677919748759
79.0,84.31254625704463
79.0,64.19023309995987
78.0,83.68818180126578
78.0,62.41814451793806
68.0,72.17644479163204
68.0,30.734769323363537
49.0,44.1866273237556
49.0,83.03695671183971
70.0,73.37521520297088
70.0,63.3440932819388
39.0,39.441091914571814
39.0,77.4264716585322
68.0,70.79943091683731
68.0,70.20787695296428
79.0,82.71758674087022
79.0,36.41156962019818
55.0,60.52553896212413
55.0,74.20322628936452
52.0,50.643794283205466
52.0,75.24265997983105
68.0,70.23623733776606
68.0,59.60090161987836
80.0,85.72784386273287
80.0,81.2209109809263
44.0,43.3892230246405
44.0,81.75690005477259
44.0,46.98500746966306
44.0,77.21079764626603
58.0,56.6689975849535
58.0,56.05128322325311
40.0,43.561787962131916
40.0,75.18741364961329
37.0,35.5282535799152
37.0,26.10918695430223
39.0,37.0958066483733
39.0,73.59602843982128
69.0,76.51796749013772
69.0,40.36742624590124
70.0,76.79339501454217
70.0,40.06621729226691
49.0,46.41326114116964
49.0,63.51249736191767
42.0,41.97109937447806
42.0,82.40125457091199
42.0,36.40917119104199
42.0,80.16263405732514
61.0,63.5259651892971
61.0,79.63834076989104
48.0,50.744117825717524
48.0,31.804854584596512
46.0,49.802292434774415
46.0,77.20651981318599
71.0,74.9176825400333
71.0,77.64455501766827
44.0,48.32057456065138
44.0,55.69936904971604
76.0,82.52943392074548
76.0,74.05081022687972
40.0,37.692869105785235
40.0,92.72031981555222
38.0,39.14652882328005
38.0,46.58992488230922
61.0,64.14267697640679
61.0,56.55378832091088
62.0,64.53090262711498
62.0,66.38286022712231
57.0,59.56872099530841
57.0,74.54596199321094
53.0,55.78054660076617
53.0,70.61620665854252
71.0,74.85784324297686
71.0,48.524912105514886
57.0,64.21337709779493
57.0,81.70948403264504
64.0,70.2988383788628
64.0,76.4102552388577
54.0,50.55646852553474
54.0,75.16579422976253
75.0,82.11863215854044
75.0,87.37138885743735
69.0,75.61241920395707
69.0,50.59466463719889
74.0,81.33074067490355
74.0,73.54318834172761
49.0,48.962995493181495
49.0,81.04164075445618
56.0,54.55593244978036
56.0,83.09689190959614
37.0,33.89181969422333
37.0,70.8741691202423
75.0,80.96364672987278
75.0,67.37998892456017
65.0,70.7357229963772
65.0,49.79970784062914
60.0,69.62993722045582
60.0,66.12860185463802
57.0,57.49496738924603
57.0,42.73887311349063
72.0,78.05761547317428
72.0,62.5573380707653
72.0,76.27227895856475
72.0,78.92394571395567
63.0,64.60780982842499
63.0,61.345518068992874
55.0,54.46161733057107
55.0,62.536444199140305
30.0,32.49657928025988
30.0,77.2085707563113
38.0,33.14086855808296
38.0,80.88432041614806
44.0,48.61099401597579
44.0,78.26299407038903
68.0,73.09607591643504
68.0,66.2943018892384
35.0,38.68592198696621
35.0,74.55294699731536
66.0,65.24200872532441
66.0,86.16711564839449
72.0,78.56743464532246
72.0,55.162183257720585
74.0,80.08251861092964
74.0,43.35463979461264
33.0,40.31274016800626
33.0,32.854419718634745
50.0,46.668534508473215
50.0,55.21405047841955
28.0,14.280761211009747
28.0,42.4593063913714
63.0,68.25388317531952
63.0,80.85957282672626
66.0,70.66873905494509
66.0,75.01796529574654
55.0,57.92601734220892
55.0,74.62116828386223
79.0,86.85206384187
79.0,83.43648219902184
62.0,65.77289765246218
62.0,31.146181128411456
51.0,50.88629098471159
51.0,75.63514206302915
55.0,62.961601304476574
55.0,-0.4375567967062466
76.0,82.26717572930909
76.0,74.82255096993254
62.0,71.62035988488657
62.0,77.48904513397298
54.0,56.14333376146851
54.0,67.10645443761143
61.0,66.29046844974681
61.0,51.45967467109193
49.0,40.70043628568078
49.0,52.937412655655635
58.0,62.58616703736283
58.0,71.65630426728103
62.0,70.76403106049179
62.0,38.16210059900408
76.0,82.61741360957689
76.0,66.4146021437711
43.0,44.35676665428838
43.0,78.04049743950088
52.0,53.2179148975481
52.0,81.48680951011329
50.0,49.50666382980842
50.0,66.27822907266068
42.0,38.54361579265469
42.0,56.85329127329402
26.0,27.966284138404774
26.0,32.727593761225364
45.0,49.26678822053043
45.0,51.52005193212216
40.0,41.244927234076044
40.0,43.28051961577762
70.0,74.76906675766264
70.0,51.20409164882864
72.0,78.5571813661864
72.0,76.95915760076286
64.0,64.78454647594623
64.0,79.59982685387888
61.0,63.55034279653779
61.0,74.49030633623403
70.0,72.85142174897828
70.0,61.64823013270268
69.0,72.83425786696574
69.0,80.19987298613967
61.0,62.06777193405327
61.0,49.70394084300358
37.0,28.11462725364686
37.0,48.91235726910321
75.0,79.68157309797374
75.0,64.41616411932273
71.0,78.17997767610319
71.0,68.11590963108989
33.0,23.91870166469579
33.0,85.80597201401417
60.0,64.0727639686591
60.0,37.135339166046435
72.0,80.53767473398943
72.0,60.762506107000775
62.0,67.53219182966416
62.0,17.01817205367263
62.0,62.701129726234
62.0,83.30697211456175
73.0,77.88879056566742
73.0,69.14841575230952
69.0,76.72454200986027
69.0,82.001053360752
74.0,81.14113896371833
74.0,68.39731422954975
33.0,28.245082543687033
33.0,70.44936461303206
69.0,75.7745479178908
69.0,76.49685641714876
69.0,74.52373560801959
69.0,55.857466530241936
75.0,80.55932912509638
75.0,69.26881571208429
62.0,62.108480845467
62.0,43.62249184288663
57.0,59.279915585397475
57.0,57.869665321516436
79.0,85.36765633563414
79.0,38.86111608827338
46.0,48.83690529018605
46.0,43.03061118214163
35.0,30.779568032969678
35.0,77.97154984547672
81.0,87.30640612584051
81.0,46.185039185350035
72.0,78.65120909506788
72.0,5.947224579962551
63.0,70.66543972805266
63.0,39.01270374779352
69.0,73.90482189913422
69.0,72.87278081009862
72.0,75.61498253208657
72.0,69.50292665673584
68.0,70.02277061663915
68.0,45.14626414535286
72.0,78.551190998778
72.0,76.1540601309427
81.0,89.14953767610149
81.0,69.25252064159048
63.0,62.51016058300496
63.0,29.413674251641623
48.0,49.40289328284695
48.0,71.95298583521594
38.0,38.622594585217485
38.0,50.86920499104673
66.0,69.86382627254216
66.0,73.82948585569164
47.0,47.58404921576317
47.0,71.30177937521728
54.0,51.3760269947706
54.0,18.965973445638554
73.0,77.83199797352626
73.0,63.15641470294247
26.0,24.70150967969738
26.0,74.9448579840847
61.0,61.45373047818538
61.0,54.64014931898282
37.0,39.00476800550513
37.0,76.94865554716046
72.0,82.81871556413
72.0,43.123810605709025
68.0,71.376398272713
68.0,70.5311250602573
66.0,72.59426474032284
66.0,14.391131225253673
53.0,54.42213802292446
53.0,11.266654484055607
78.0,83.87984718105264
78.0,76.85704509874552
71.0,74.89509766530199
71.0,60.429772134097504
68.0,75.11883920589247
68.0,80.3666991108393
78.0,84.69766702037947
78.0,61.05534815300871
60.0,62.30789687879752
60.0,57.81078504556041
35.0,37.94914988102505
35.0,32.07599746753266
55.0,58.127579165234465
55.0,48.162971073482765
39.0,31.057346969354228
39.0,74.38868745460121
65.0,69.51883297072072
65.0,43.57122830871697
62.0,67.3111411660588
62.0,84.81366401640167
64.0,66.65013127062622
64.0,32.09699967011818
70.0,75.45713866383704
70.0,70.55895818879122
74.0,79.19868579656497
74.0,55.239951521922194
61.0,63.844620835873855
61.0,46.3650969168869
49.0,50.25421913720248
49.0,79.90825101563627
46.0,49.82373165971302
46.0,37.35181921892456
62.0,66.03403375787786
62.0,73.36391715557642
54.0,48.86576862967843
54.0,69.97070656702033
68.0,74.91649993198592
68.0,37.31990768909179
79.0,85.21427285213281
79.0,68.39444857680917
57.0,66.06315063061658
57.0,73.32016767264776
67.0,72.47402068552435
67.0,80.31118811733046
50.0,49.52852769382196
50.0,89.09081079726741
64.0,64.73814838160746
64.0,54.71661504971104
65.0,68.0605127758439
65.0,79.62596932862436
69.0,76.26878112353387
69.0,30.055065320883273
36.0,27.506181185428318
36.0,74.6750899972397
72.0,77.3872838885618
72.0,26.679909313340488
70.0,77.65175102357591
70.0,70.92973231104685
62.0,65.88017963570866
62.0,35.76593355702903
72.0,75.4314758261969
72.0,51.49788438447018
78.0,84.81415277257202
78.0,76.19097137052842
61.0,61.1338339078402
61.0,35.541572214632765
77.0,81.96729171904508
77.0,77.73021046258816
67.0,69.56918479502724
67.0,38.92480448284306
61.0,64.32263423829079
61.0,79.43263863756403
55.0,55.793588094050506
55.0,55.37784532278653
62.0,69.32845434548227
62.0,68.32932513209352
80.0,88.48899674457215
80.0,78.96937152826598
34.0,32.02362840120128
34.0,25.705844771144314
58.0,59.39601009002388
58.0,77.94706786145099
51.0,56.419212049127964
51.0,64.43529711691201
75.0,84.86821085918513
75.0,74.44304954926503
57.0,53.50918063435563
57.0,86.07422694041071
54.0,50.273716809096356
54.0,73.13170661737519
61.0,59.55639974071272
61.0,55.16530771482019
47.0,47.96434326050405
47.0,80.62554314871596
71.0,74.68488053194591
71.0,75.91666929249749
67.0,71.82379132567644
67.0,70.98210751155864
62.0,64.56078970068938
62.0,69.32930753916122
30.0,31.788077407899266
30.0,51.85726722468053
66.0,71.342459605562
66.0,50.35118256175815
72.0,76.82733542389838
72.0,34.61875282896801
61.0,64.52821168078248
61.0,59.641995802112035
51.0,61.1679224316685
51.0,81.41485160578009
73.0,80.85305365202078
73.0,63.72824406509881
72.0,77.26756001444625
72.0,60.47176236456306
84.0,93.27009132490883
84.0,27.00591187682039
79.0,85.90815984607201
79.0,58.86748227251633
69.0,73.06311749734607
69.0,75.99375944201529
72.0,75.80749539675264
72.0,77.15310017901282
37.0,34.938603880997675
37.0,80.58124720236606
67.0,71.39164916144523
67.0,69.19120647053643
51.0,50.41862379381166
51.0,55.047114263975175
77.0,85.56719686291956
77.0,79.00467191137705
53.0,53.69634103097184
53.0,62.18132718578295
53.0,56.67597080739671
53.0,79.53959442618697
62.0,63.13943282527373
62.0,84.3531811726046
56.0,56.91608920694085
56.0,32.397292292820794
68.0,72.49242616282834
68.0,53.09177267008249
69.0,71.08190045265945
69.0,59.44318393783044
6.0,6.191230022820434
6.0,72.96681365486404
46.0,46.03818370428411
46.0,32.68067686569589
70.0,73.46414084117862
70.0,82.50567776163177
68.0,70.39578528359613
68.0,70.12826766850844
64.0,71.02053706073639
64.0,33.53419339749411
75.0,81.24056524903
75.0,64.76486382184538
59.0,61.051622501150405
59.0,39.48757132290922
50.0,49.163144039264694
50.0,31.389410457031886
65.0,70.36103397736065
65.0,79.35233607756754
42.0,40.362237581337126
42.0,71.63855231746373
30.0,24.157013183093397
30.0,53.63940183555468
64.0,70.827374564467
64.0,64.72251462110398
74.0,80.4621810353504
74.0,38.3116054066993
52.0,54.48474523521725
52.0,68.21361692975114
68.0,71.33928662402809
68.0,52.2072664025506
66.0,73.05897713535245
66.0,36.07179230922668
64.0,70.03436146203563
64.0,64.42491961673892
47.0,48.307587545525735
47.0,72.82731460619084
40.0,41.5994963497393
40.0,80.220777358475
51.0,49.53587184690235
51.0,58.20422099849833
69.0,75.84088009847864
69.0,55.28987211413033
59.0,65.47041176814986
59.0,71.45700986257543
35.0,34.326797409461506
35.0,42.964467801280364
63.0,69.47127656274142
63.0,61.066843290103975
44.0,47.229568868965885
44.0,40.83622637243218
52.0,55.39749596964407
52.0,79.4973831630532
26.0,20.419194200932054
26.0,75.51452866429463
35.0,35.24477055396028
35.0,66.20710416144397
45.0,51.68309662499723
45.0,52.59274922268207
49.0,53.920611153770324
49.0,23.000006904818747
74.0,80.79700479825141
74.0,66.78309811909662
65.0,70.88990481498666
65.0,73.11147473898643
76.0,85.31935799077911
76.0,74.04236522517328
51.0,50.09531605600267
51.0,88.97467379826008
72.0,77.86545283919452
72.0,51.0995817463114
12.0,6.7799659009361335
12.0,81.02234566291088
46.0,49.16275934984907
46.0,85.36941403925522
59.0,60.106790726397094
59.0,43.08985826521615
64.0,70.93869366668991
64.0,37.83440333105301
81.0,90.25668812786142
81.0,76.32162258238083
72.0,81.05986334017973
72.0,65.43951695172575
66.0,72.52979054956393
66.0,19.605383488073244
72.0,79.82872758239517
72.0,62.35999718038386
44.0,50.90450922641617
44.0,70.6295684218793
73.0,77.44959272276293
73.0,66.95878939156108
75.0,80.72582935390892
75.0,67.89693742517244
64.0,71.46071531496585
64.0,76.69019114249
50.0,47.985469098337376
50.0,66.4144728789729
55.0,51.263366868926255
55.0,77.38669049843116
79.0,86.13270016549978
79.0,80.49551884623969
71.0,78.02401484905272
71.0,41.5032422125451
60.0,63.53633804878939
60.0,74.56422240092633
75.0,81.35391810226628
75.0,65.23493518288774
57.0,62.927023552933235
57.0,59.86665645196871
68.0,73.70210639677254
68.0,86.31455562990442
68.0,72.93046619951315
68.0,59.10651014521011
62.0,63.81988625373816
62.0,35.07192794060535
71.0,76.3800823416492
71.0,72.18839773753518
57.0,57.68174294513187
57.0,41.38218617260702
76.0,82.03516043242468
76.0,71.40643689112346
68.0,73.69035033162078
68.0,66.01312527395726
32.0,32.12866741994304
32.0,63.09154763389682
68.0,71.6230897155042
68.0,56.744613039266255
72.0,76.23536563849109
72.0,47.48416606583652
59.0,65.43459029150262
59.0,82.9168719260249
73.0,80.00677277310018
73.0,23.794199207941745
8.0,2.0139813547912127
8.0,68.38669529503352
71.0,76.81329391487213
71.0,87.8010998106131
67.0,71.79288838983211
67.0,38.92941711512702
69.0,74.71476536903248
69.0,47.78413372770666
63.0,69.23215153441373
63.0,72.42963794166855
51.0,49.63919859669352
51.0,57.15733047185182
42.0,41.52847999523789
42.0,83.3009628000786
71.0,75.1049785977429
71.0,73.87400131576095
67.0,71.52733504478266
67.0,70.37935109379015
22.0,16.04352112641061
22.0,30.314375928572986
63.0,67.04591661286872
63.0,51.99530149281537
77.0,86.19798263679883
77.0,42.810136793418565
56.0,59.87829408174446
56.0,53.77333887970127
51.0,54.44219581577556
51.0,35.24477055396028
43.0,36.44064398078507
43.0,49.52133324015716
59.0,61.191117356429345
59.0,72.14092886861522
71.0,75.59332757588675
71.0,50.148722027871486
49.0,44.442555581493764
49.0,65.43284395335428
65.0,71.12082703059082
65.0,64.51865006267815
56.0,61.753636228118864
56.0,52.15548782588968
44.0,46.019222754420184
44.0,58.966255329846206
49.0,46.56307641410967
49.0,30.850999935072593
68.0,70.19503977807733
68.0,41.31906551736722
75.0,82.18795875928026
75.0,58.876086499404664
68.0,73.19830073715349
68.0,3.6381660749178764
48.0,38.697767485577515
48.0,62.13887330423529
76.0,85.04327471977291
76.0,94.48561435602056
63.0,62.42990753066135
63.0,67.06459325728383
60.0,62.04553688581399
60.0,38.821173190888146
52.0,53.114289956078835
52.0,6.532846113246933
74.0,79.23994277579226
74.0,50.83140194912022
72.0,77.5229038733329
72.0,41.42067541217591
65.0,63.18522852015974
65.0,34.438789952637194
58.0,62.63949192309133
58.0,62.94050173316185
55.0,54.28299250794356
55.0,74.2091417231178
65.0,72.01947891111809
65.0,66.89619147329819
76.0,83.5646559306233
76.0,50.06108003848561
50.0,49.852329678379874
50.0,74.84069576373662
15.0,9.63490132831862
15.0,70.08384180840113
77.0,83.54121052681108
77.0,64.04035391932246
63.0,64.13729089072069
63.0,43.04246637875326
37.0,32.96592421898845
37.0,76.47572227221531
63.0,68.86450386723044
63.0,26.186910317174807
67.0,70.61494134996872
67.0,69.92168917318901
61.0,65.09473518043342
61.0,72.38092441630909
63.0,64.36336007474665
63.0,56.33991032250975
55.0,62.13520699388465
55.0,84.16524374097736
71.0,79.14200120701253
71.0,79.7725885460834
78.0,83.9693402196985
78.0,46.681744838726274
52.0,52.02441227935117
52.0,57.02171502485828
65.0,69.91237416917903
65.0,75.55871073719845
73.0,79.01654861847203
73.0,68.49959322458142
71.0,77.21957067899797
71.0,40.08411630051603
7.0,7.743487433766973
7.0,61.089028135373326
63.0,70.44289797693995
63.0,57.33390758234151
67.0,69.50876780988182
67.0,75.17523742795669
58.0,60.10207034252477
58.0,36.60951973970873
58.0,62.63956370293204
58.0,71.10708718893278
77.0,80.75134241775118
77.0,67.53954361906585
61.0,64.80799736792426
61.0,63.95211100915242
34.0,39.267526023825326
34.0,75.07707780448533
71.0,78.59385474684348
71.0,71.31322153765672
82.0,88.12005834036916
82.0,47.2022669723695
41.0,42.57406781575065
41.0,39.32368416786784
82.0,90.1343257512504
82.0,77.53480941096984
67.0,75.26520482708798
67.0,48.895318490170325
75.0,83.65569091867593
75.0,65.83684175143276
55.0,48.87314939147359
55.0,76.5402177993845
58.0,57.24525560732337
58.0,66.23598727294473
33.0,26.31845446717199
33.0,82.17911170977476
50.0,45.40181683126275
50.0,59.86054561375886
78.0,84.8111870828418
78.0,77.40855303419681
30.0,18.647104267073587
30.0,88.09185251425146
64.0,74.26243604307473
64.0,85.92710966478307
72.0,77.06079550017961
72.0,66.75281918239625
43.0,45.87441685393458
43.0,45.92821989020047
68.0,74.57675925265772
68.0,31.833515988330305
68.0,74.33233488596852
68.0,38.55887883913027
72.0,78.95505805933476
72.0,45.131433316614505
63.0,68.57411720648184
63.0,71.13458411261024
63.0,67.5529174091588
63.0,14.707347219162216
59.0,58.9704761143218
59.0,75.26363451236148
51.0,46.37966804142002
51.0,70.44108775330676
70.0,75.4444154275833
70.0,22.860861356811313
72.0,82.47330382767132
72.0,45.93951454696304
60.0,62.63860830352195
60.0,70.23125141504374
43.0,44.52714073261802
43.0,25.933914874285563
18.0,18.487487574681893
18.0,25.501879880458716
74.0,81.49803029587952
74.0,73.53352935453904
35.0,24.791357475584675
35.0,78.28610425516018
63.0,66.61847362257873
63.0,71.28989345509302
48.0,45.45698259935517
48.0,67.14788929999088
62.0,69.79799738279218
62.0,78.34718340443834
68.0,72.21815202084781
68.0,81.68506465445256
47.0,45.301165607043686
47.0,45.983831209051914
60.0,67.08642184316426
60.0,83.39774072712453
47.0,49.73096559796954
47.0,52.13342308638647
59.0,59.58416095044663
59.0,77.11440629657
57.0,57.43287674117448
57.0,77.30141016096934
59.0,67.49685484634358
59.0,41.25356033454733
72.0,79.03806070376612
72.0,75.96104644749221
68.0,73.73722113542271
68.0,82.19465685061812
62.0,64.52983591681834
62.0,73.07349590985694
50.0,47.91763006827051
50.0,84.90116398965904
69.0,74.56671433798607
69.0,51.093706743994915
61.0,64.05794445655147
61.0,42.91615180539486
58.0,67.29577569799619
58.0,-5.7639904821007235
61.0,60.089287380899236
61.0,34.64747066197282
67.0,70.83589433927125
67.0,63.94624126791149
45.0,41.656828462165834
45.0,47.889985566401094
66.0,71.03688729669227
66.0,36.49931987600479
73.0,79.762006578367
73.0,75.10782048052016
58.0,62.59446318114419
58.0,68.05027458944431
54.0,55.75988146477755
54.0,80.41292018830296
73.0,79.5984140704025
73.0,40.6605687012115
70.0,75.81894129352008
70.0,81.9076672876846
61.0,62.602809540226076
61.0,25.114336926468013
60.0,64.03101979881103
60.0,74.01306895315008
67.0,70.43098989515005
67.0,41.32948628018676
57.0,61.55966250987166
57.0,51.0062206753899
75.0,82.51900849242418
75.0,40.7375313017302
67.0,72.95699664353805
67.0,25.567508503303372
67.0,69.45954120191641
67.0,71.85648956771519
83.0,92.35420190696124
83.0,76.8668160325114
67.0,72.06082577562415
67.0,82.36190486586935
69.0,73.97883798003829
69.0,5.053352223889647
54.0,55.90057382997321
54.0,74.33728367249762
53.0,54.32635509571202
53.0,27.763891580411382
66.0,71.2320476214091
66.0,68.49128440173206
63.0,65.81863009631678
63.0,74.31666861752979
73.0,77.26535716530935
73.0,69.78314709369715
67.0,74.44027035360256
67.0,66.27587751920623
69.0,70.65591202643714
69.0,77.65915644678637
61.0,63.26259799440277
61.0,69.7350216468804
56.0,54.242964362218856
56.0,81.50672950343
51.0,52.71876918439466
51.0,52.24660133057557
68.0,73.58522221005973
68.0,44.27916927544453
77.0,83.59741042684897
77.0,68.46855723649395
77.0,83.62904997887284
77.0,56.37237756657942
68.0,71.9488648786226
68.0,46.43526987442306
48.0,46.40720124386917
48.0,83.79336784049514
74.0,74.56964889822757
74.0,31.74970009531046
70.0,76.72524448271707
70.0,72.38165082707854
72.0,76.48044247174477
72.0,62.48325927082885
59.0,62.42355408226172
59.0,22.704133318604306
77.0,83.27730935996186
77.0,67.74432201871673
71.0,76.1217123898191
71.0,49.441369940090624
61.0,58.39268940551284
61.0,5.170239472998617
69.0,73.66639000112525
69.0,48.25465965984529
52.0,55.1498770308454
52.0,44.62941749612696
69.0,73.71287249183854
69.0,62.95822672976351
72.0,77.93472725219374
72.0,48.391644004932516
70.0,75.75428783457039
70.0,75.56523237080603
62.0,62.51077483360916
62.0,56.69137167616941
63.0,65.23769625812236
63.0,62.68557288455446
68.0,71.78563297408522
68.0,31.876762832664838
63.0,68.37368873596773
63.0,56.90149237670067
64.0,67.0495452883564
64.0,59.04060194255396
14.0,5.395669454291692
14.0,69.4785016788926
75.0,78.39210247066251
75.0,58.54926553828233
50.0,51.49491416886087
50.0,75.46100364791494
75.0,80.80954452307031
75.0,78.58396695030956
72.0,78.8576974478242
72.0,53.04775513932458
60.0,66.60760789683371
60.0,18.114769317735693
69.0,76.27026571487858
69.0,72.69206557143434
43.0,44.92435051380926
43.0,68.64240791465915
67.0,70.49212629619655
67.0,61.91884904968049
32.0,29.14149254951161
32.0,72.31651954368692
72.0,78.82875490649695
72.0,64.96264564681712
73.0,80.13338921308878
73.0,70.11525025647171
65.0,69.81560980218535
65.0,75.73680594187124
33.0,28.68191969384145
33.0,48.23054348346693
54.0,51.767575023957875
54.0,77.20523522553799
52.0,55.42569444489948
52.0,73.07441709780034
51.0,52.428968085263534
51.0,84.89632894570752
78.0,84.94976954966148
78.0,79.08230864814351
41.0,42.36746608250445
41.0,67.60314792719765
69.0,73.02597131944162
69.0,64.26518089812271
64.0,66.71146393950693
64.0,67.52981073047613
73.0,77.95935350849055
73.0,51.81328318533849
56.0,65.25105831621642
56.0,64.9397420975775
46.0,49.099100096416635
46.0,82.07246086756624
76.0,84.31331579925114
76.0,74.70583119820765
63.0,69.39831091424617
63.0,62.888435836096164
54.0,52.324692848295285
54.0,65.93795494560271
54.0,54.60893864595914
54.0,73.36365603476713
53.0,55.470505503131335
53.0,57.34177040183306
46.0,49.90177282752779
46.0,52.83252624071798
70.0,74.67795127602011
70.0,68.16213487151822
71.0,74.41524150139753
71.0,57.07919249984036
68.0,73.94202976249943
68.0,70.51934884260595
71.0,75.16850964794315
71.0,60.72347461609877
68.0,71.87713363934523
68.0,75.93549996489554
58.0,58.900992579310014
58.0,85.12773280682092
42.0,43.349834426350526
42.0,84.77720061924168
70.0,75.24692229948971
70.0,44.778860837509455
40.0,39.56796743994312
40.0,74.0117672864609
67.0,71.13516832837678
67.0,55.333645921647815
59.0,63.164968390820604
59.0,69.89589481701285
76.0,80.08182244264486
76.0,66.6186423603512
81.0,87.17482654539083
81.0,80.58977309009362
69.0,73.28461420850533
69.0,31.14441507987857
67.0,71.778742945418
67.0,60.36368240198141
60.0,59.155069510253725
60.0,85.59763962685616
66.0,72.56961948678361
66.0,67.15351239625431
58.0,64.21957817555409
58.0,69.32665669805527
57.0,65.11351454799365
57.0,60.76895045520621
73.0,79.47284068993935
73.0,49.58056954976587
63.0,67.24501598283837
63.0,72.74804375638223
12.0,5.918479583879673
12.0,75.18838838649566
71.0,78.04872770460213
71.0,66.1786180244938
66.0,68.80308519174156
66.0,84.76933343638831
46.0,41.485244953302924
46.0,70.0116029413345
72.0,76.86639208184272
72.0,3.447387923701285
26.0,22.45868399369448
26.0,49.49455129543662
62.0,61.89994303923106
62.0,76.15529244500362
60.0,62.677119356135734
60.0,45.301182057808205
67.0,71.93450743794125
67.0,47.33816908197224
52.0,52.21344975349001
52.0,23.930097632792013
51.0,56.050585328459476
51.0,53.894569970711814
63.0,68.48615191971356
63.0,75.90960673192376
45.0,40.4026486519694
45.0,79.3099342535291
68.0,71.7376384029285
68.0,70.00588881598242
20.0,15.554935762240916
20.0,65.83165159586059
22.0,20.449163712116217
22.0,25.855852620610506
53.0,56.02738730358698
53.0,75.66866842532374
72.0,74.89420714418742
72.0,68.43402950761015
73.0,78.67043415446466
73.0,56.19832045830782
63.0,63.827468689756756
63.0,70.50696423306943
55.0,63.62651943285215
55.0,82.21987113428133
66.0,71.67189440488892
66.0,67.8255066033621
74.0,79.17364663238726
74.0,60.190476604335856
75.0,80.16026271082671
75.0,77.1579727282649
79.0,86.9144138894186
79.0,70.8214552621721
41.0,40.01298686345535
41.0,74.16359471520514
79.0,85.42746992173522
79.0,78.6487119930415
73.0,77.82812497539066
73.0,81.9811293095463
72.0,78.60723753766462
72.0,46.00781687642541
37.0,31.55084420484775
37.0,83.45909321783387
68.0,72.47732069541377
68.0,56.05128322325311
44.0,42.85545907035993
44.0,70.02476636409045
69.0,71.56859625978461
69.0,35.87053283519981
27.0,23.64701733449317
27.0,74.56092145429199
78.0,84.19206223707948
78.0,81.68392276574997
61.0,67.94259450502562
61.0,69.95039152153845
66.0,69.9716169240017
66.0,69.73086001019948
44.0,41.09919666446086
44.0,76.06138944092896
63.0,63.42386886621517
63.0,58.100858519848884
67.0,70.22503731742029
67.0,50.1920351316075
13.0,6.283099385150933
13.0,86.05293260059386
74.0,79.30457258618299
74.0,71.29179919852243
62.0,63.89262385866908
62.0,27.687715501535138
49.0,47.340603222087736
49.0,59.086807242974885
68.0,71.82300371423628
68.0,69.22440289826108
72.0,81.14570160093825
72.0,62.95984327312556
74.0,80.18980194205392
74.0,67.7122745410469
75.0,79.45669954803873
75.0,87.74998586010793
79.0,87.498927157737
79.0,88.26033281391472
69.0,69.47814857103248
69.0,78.14084695959866
57.0,56.228337923261165
57.0,68.83818703730293
60.0,65.75100890945077
60.0,51.922599672313936
68.0,71.1283920501491
68.0,56.5156580571645
75.0,81.36047152777058
75.0,81.58059404928167
78.0,84.77573614365724
78.0,55.847116253938054
68.0,71.65383012984455
68.0,67.61038307521926
66.0,68.53831312752271
66.0,54.536667096695055
70.0,75.14365382685514
70.0,69.18651410075523
74.0,78.34665611772868
74.0,26.036171976909372
53.0,52.10844999064477
53.0,73.18703037789373
46.0,41.66238454033987
46.0,27.394475303370825
79.0,89.17543624177745
79.0,57.062778752414204
75.0,77.56636872174545
75.0,54.19814907705444
17.0,17.4229959482833
17.0,79.33638130872885
64.0,66.64419166613516
64.0,78.49686045380378
65.0,67.8499585149114
65.0,47.54850160769462
68.0,76.20587092528575
68.0,77.21079764626603
55.0,56.07662164428223
55.0,72.65648099905388
69.0,75.35971326306077
69.0,69.76435171391324
51.0,55.9775589185266
51.0,27.2585581744529
66.0,70.57805853680907
66.0,47.85977349063239
57.0,64.01827334366169
57.0,39.03353373071582
71.0,75.82624436957946
71.0,25.496560239705616
70.0,74.81038580587227
70.0,67.98739260211687
71.0,75.90311924644828
71.0,69.44695412483895
67.0,74.841630516512
67.0,34.227302379125376
22.0,19.438740682453158
22.0,82.95909538621743
70.0,76.14349471776825
70.0,84.0302089971023
66.0,67.84401636291295
66.0,79.24154834905232
28.0,30.55707917711004
28.0,38.696789922113794
70.0,77.24530618905118
70.0,76.80219589810156
73.0,78.70748109168886
73.0,64.90160118013921
48.0,47.48416606583652
48.0,77.56319410221289
68.0,74.77170774346371
68.0,65.82444647921483
72.0,81.92606120362615
72.0,54.06296257118811
74.0,77.8973138642196
74.0,81.65534119539399
53.0,57.84925116037442
53.0,70.94464422196455
74.0,78.87823094834943
74.0,83.61153515495494
63.0,59.997433029843535
63.0,51.547220571837215
68.0,70.95966426238869
68.0,78.64606714346883
74.0,78.03747787747949
74.0,69.8651102567519
76.0,83.36660091117233
76.0,77.43454468855242
51.0,53.915698541597806
51.0,8.69221556471905
56.0,62.74953212611439
56.0,74.61633478870664
45.0,43.452040950002186
45.0,81.4623707798865
38.0,31.74970009531046
38.0,63.27209401793539
77.0,84.54687644483408
77.0,81.70260188559826
25.0,14.883917178904824
25.0,76.52324128918627
31.0,17.29713771389561
31.0,59.53158656216249
80.0,88.01834415649193
80.0,54.11176827989743
72.0,75.9745393372778
72.0,75.45319440772874
26.0,24.639556034282066
26.0,59.94552548879949
63.0,70.6282793357567
63.0,75.53077585742363
67.0,70.69141692400945
67.0,77.15097242132424
61.0,61.90352934552453
61.0,56.35001828114281
49.0,47.428857869554065
49.0,20.52921502477625
27.0,20.669166531387248
27.0,77.15420342074674
63.0,67.25545699002134
63.0,78.56075132695315
74.0,80.71383908541003
74.0,57.59245139437951
69.0,76.56895550976441
69.0,59.64427542781641
31.0,27.588387950529693
31.0,27.030007630941384
68.0,75.12455222023351
68.0,68.7802065125764
49.0,48.87964274842017
49.0,37.075202540022076
74.0,75.48844113914879
74.0,77.30014568128723
53.0,57.751012208398265
53.0,78.09075829732768
60.0,65.89531679431781
60.0,58.385477419579104
67.0,68.02717474683635
67.0,79.76026510579345
69.0,77.4529647382343
69.0,62.71638688305643
66.0,69.43140378185421
66.0,87.29822190221682
61.0,59.79761458697794
61.0,61.621269142307426
74.0,76.29621567592267
74.0,82.67856663244169
76.0,82.94008195038504
76.0,48.97325356084116
72.0,77.39148894235723
72.0,49.202508712018414
57.0,61.29485675705797
57.0,71.67398353815491
73.0,82.46804940443042
73.0,66.5588102882835
60.0,58.31812753530687
60.0,63.1632431440587
38.0,30.98259450186066
38.0,62.84135309032382
78.0,85.62310360898022
78.0,36.78116333721539
72.0,74.60372863127026
72.0,57.767331115188995
66.0,74.35215979614293
66.0,11.391908975097977
75.0,82.10030434345526
75.0,42.56055716318701
59.0,60.084212731772595
59.0,77.30646918464993
82.0,88.82884214910183
82.0,76.47940371438114
29.0,30.520905717149788
29.0,62.7198774531991
66.0,71.6508621950448
66.0,77.12809941932335
29.0,22.572669857430526
29.0,50.999262783859876
64.0,67.84940331685573
64.0,55.31816299178803
75.0,83.78764731958006
75.0,68.66074992959511
36.0,35.35376581004607
36.0,70.12830084200107
45.0,44.05205127540654
45.0,82.60430565163449
68.0,74.35215979614293
68.0,74.96331106564077
56.0,55.98586204155748
56.0,51.0178251648901
58.0,61.607827233426406
58.0,71.50692201408742
69.0,72.4537600141145
69.0,64.93722619822103
60.0,63.135138341888705
60.0,28.448525318100508
66.0,70.26984165897551
66.0,63.619444320621255
82.0,91.65007162017719
82.0,34.096961395579854
49.0,52.31925485457094
49.0,86.06072817727016
73.0,78.50293355049934
73.0,52.62793341886146
49.0,50.58214597874047
49.0,50.81058347902467
74.0,76.83483732690945
74.0,12.067980908673917
65.0,67.03775249286542
65.0,58.44243787679409
68.0,75.04133928502847
68.0,73.36772350074932
53.0,55.470505503131335
53.0,58.28641400107506
32.0,33.34663397999827
32.0,82.99193397466411
26.0,9.148714322581327
26.0,64.6279884285205
28.0,28.757697203386613
28.0,73.42139240476843
63.0,66.88695529981806
63.0,68.66760404859042
67.0,69.03419368267674
67.0,68.16950981645687
65.0,70.34172260693032
65.0,25.67542309015363
65.0,68.45881237637303
65.0,24.021391976334712
64.0,69.73670629094653
64.0,43.47294375324543
72.0,77.07849976870853
72.0,73.91926036634385
34.0,29.56207621125685
34.0,37.62177973394586
60.0,65.97739160648058
60.0,79.99156519120862
30.0,25.765555890827216
30.0,51.08292097466557
73.0,79.22070952177808
73.0,81.64906999715441
60.0,62.905875960370906
60.0,70.22078107843873
55.0,54.38556799403955
55.0,84.38851984068378
68.0,74.31683448387321
68.0,76.18333853128479
81.0,87.28190758059247
81.0,38.47201869197664
61.0,67.67994345488876
61.0,49.95554154864038
69.0,76.98931667315958
69.0,83.07362839891886
44.0,41.53384365420686
44.0,64.10676903093582
26.0,19.77404557010982
26.0,73.75734917406544
57.0,57.921288320005544
57.0,21.13398681519294
57.0,62.93578343496898
57.0,73.18339266209603
65.0,68.44161013285901
65.0,78.12465572713757
60.0,64.73125784321752
60.0,57.703106480797146
70.0,77.30319010127653
70.0,71.39135404805506
74.0,78.22586011313206
74.0,55.61223159574871
74.0,80.8015115628308
74.0,56.63635191655379
30.0,23.457738875574933
30.0,72.73327126745744
66.0,71.13483095279406
66.0,75.12630335368294
45.0,52.33889406978119
45.0,7.827302866586251
62.0,64.82784128749489
62.0,60.5868246042462
1.0,-4.332565826700261
1.0,86.00839002395742
73.0,80.11842284323689
73.0,79.9508512325325
31.0,29.6900934172387
31.0,69.3527679654049
66.0,71.48737725101097
66.0,80.92872377631465
69.0,71.74342620612845
69.0,68.3543532220612
45.0,44.13299209839863
45.0,51.761015873385304
68.0,75.05078724515903
68.0,67.36015054426537
77.0,81.81720918781383
77.0,42.90052930886753
32.0,32.37157644637392
32.0,56.39825627343521
60.0,65.87692034197636
60.0,71.14582187163478
74.0,81.67473654812198
74.0,67.52131899268011
77.0,83.22357384582278
77.0,79.91297191812231
74.0,79.91621000929405
74.0,66.99411891227805
71.0,78.17486855243857
71.0,27.221251558873632
71.0,78.09874650078689
71.0,74.96606448591092
78.0,84.77564255615823
78.0,62.05283032930396
73.0,75.90165800947824
73.0,67.39443086353629
66.0,71.0081876006451
66.0,46.1071047282818
67.0,70.63364889009318
67.0,72.31844042568974
66.0,69.51744394705332
66.0,44.60857759562947
74.0,80.15245795451995
74.0,26.579723099635885
30.0,29.717878112796882
30.0,64.87832524333464
68.0,73.68931001666198
68.0,72.88427821536357
52.0,58.895398385056126
52.0,48.14689488117244
68.0,72.40790858877898
68.0,68.32283886816884
71.0,78.8288610873916
71.0,66.427585404269
69.0,76.4695480733464
69.0,4.507175964741691
68.0,72.63395949888991
68.0,26.692651394978327
54.0,58.06596663089289
54.0,62.30659935230216
69.0,74.77619165340832
69.0,72.57672779962064
54.0,50.44023574852952
54.0,66.45764570841317
70.0,72.45673769506715
70.0,10.596380707623155
77.0,81.8102710682852
77.0,82.89944541262554
29.0,27.23064836242247
29.0,51.562004066663576
62.0,67.85115955634609
62.0,45.01349959857549
72.0,79.52399079124547
72.0,81.01195811068897
15.0,16.7038474400822
15.0,49.43971242768714
56.0,55.24694239076592
56.0,62.474711831263505
55.0,59.184726321130256
55.0,76.70316874803814
55.0,58.99887283869981
55.0,15.978154095621562
54.0,58.229190769398485
54.0,62.22024636233908
58.0,59.870397823681685
58.0,86.4475741555471
43.0,40.04150159453155
43.0,54.70844863612092
68.0,73.7776946591656
68.0,85.56800109679824
57.0,60.18321691692478
57.0,81.06132749205256
76.0,81.91962757588766
76.0,44.01719016641863
38.0,35.32092011364318
38.0,71.09071104138087
79.0,84.6405314975558
79.0,72.49527878459492
54.0,55.55577965268708
54.0,49.91617224368815
55.0,57.39382471544019
55.0,7.121929172418561
61.0,63.52454295127694
61.0,63.646343059334356
81.0,88.25034475397729
81.0,80.419204229255
62.0,66.33439507443524
62.0,68.01520388721042
68.0,72.64205898961455
68.0,67.30802534932212
15.0,15.752207662682054
15.0,22.764557790502693
73.0,81.26459489869802
73.0,59.12871869675814
47.0,53.415077281853996
47.0,79.80169411577964
58.0,60.79719284016045
58.0,50.36097022865084
41.0,37.990575422591576
41.0,46.62985111028485
73.0,79.9353329100365
73.0,32.58775706087914
48.0,52.63868200758992
48.0,82.58757982745607
36.0,39.14652882328005
36.0,82.61068998882689
68.0,75.25849037492787
68.0,56.74142016637967
69.0,74.02824990520429
69.0,46.38459177818362
72.0,78.89905225059306
72.0,49.7796345263049
70.0,72.669498843121
70.0,61.94641728542757
75.0,79.62902670927264
75.0,71.90282051331252
70.0,75.47962526869503
70.0,82.06733870948602
63.0,71.58122212239192
63.0,74.18623431011304
69.0,71.55677934372665
69.0,11.152702806473599
69.0,74.02778317114712
69.0,46.30777095209737
70.0,73.99964738417714
70.0,56.44187227724012
62.0,61.981383525971694
62.0,23.336797351649807
31.0,30.62725558055473
31.0,46.69161991091926
78.0,86.30748157130972
78.0,66.87512704541666
58.0,62.11282919254302
58.0,58.76174193269429
22.0,26.24813596297622
22.0,8.767572368907395
61.0,61.99667832514558
61.0,64.45503181403382
74.0,81.44441557253566
74.0,40.78193904465786
51.0,49.581342404790746
51.0,47.832828295908826
62.0,66.06681232929822
62.0,76.90254506281843
59.0,61.63942126193837
59.0,62.64847227584903
72.0,77.32158635525161
72.0,79.20200996207274
55.0,53.776453449301584
55.0,61.81460397471545
65.0,69.63387856436367
65.0,65.65051497629298
45.0,36.20996397271199
45.0,93.07175095297765
38.0,36.07179230922668
38.0,61.81914451423478
70.0,72.76806522716618
70.0,74.43436883185109
48.0,47.745943336895266
48.0,77.9690778186868
67.0,71.06069277047033
67.0,86.9335727646561
64.0,69.47507534775104
64.0,76.74543382997058
65.0,70.81386003824719
65.0,61.20116924813681
63.0,66.68232404668123
63.0,77.0530807426452
73.0,81.86438576727159
73.0,58.661399967486545
57.0,57.26658186506427
57.0,26.201338870690222
77.0,82.29563560941551
77.0,72.11519393590481
67.0,72.09908517183169
67.0,82.95298101461515
42.0,35.57446687090146
42.0,76.35477235128343
72.0,76.81266640595214
72.0,66.87927006738954
60.0,63.86713048741291
60.0,76.80001826294256
78.0,83.1543574675386
78.0,60.692050150392106
80.0,87.23028576129946
80.0,42.70985152602401
54.0,49.97435226166181
54.0,58.32826426258441
76.0,83.20317384941137
76.0,80.62948208669206
73.0,81.3356388639499
73.0,30.427452073785958
58.0,66.71178450777097
58.0,70.63929721349348
55.0,61.408495477606664
55.0,60.71639046987963
82.0,89.23636171440774
82.0,78.49971929993387
59.0,62.5293815988511
59.0,75.10920098283441
62.0,64.64514337432342
62.0,78.38356451836012
64.0,65.76183884589773
64.0,83.88748462018998
54.0,55.55197547271803
54.0,71.37551968716599
52.0,56.01859873442629
52.0,57.62008402573997
61.0,63.64825880504327
61.0,85.58379006597028
58.0,59.16154171911677
58.0,77.78113822328004
61.0,66.1420717993364
61.0,36.268222673870014
54.0,59.085530120143915
54.0,82.19957730049686
72.0,75.95059934475347
72.0,75.23994619348662
66.0,68.42930150246337
66.0,67.10586739565929
73.0,76.83149145027733
73.0,25.097925906865726
70.0,77.702441032011
70.0,74.21416881759836
32.0,33.67848560120041
32.0,56.63543349197869
68.0,73.17886696285609
68.0,72.97931253274174
61.0,67.99162449505206
61.0,74.53624935133593
52.0,45.41927908356132
52.0,71.50201696651914
64.0,61.548460137803545
64.0,52.03712284272291
56.0,55.08196614165337
56.0,16.291826237838166
74.0,79.70346647494625
74.0,76.23222785417903
51.0,51.66982803583022
51.0,39.806956106003895
57.0,61.996919255992566
57.0,73.54059677141282
68.0,74.27997852129528
68.0,64.19703896493792
31.0,35.08743938490659
31.0,68.33628839572611
64.0,68.36978272589573
64.0,80.8277085174181
36.0,39.53423890891548
36.0,52.18457104216543
48.0,47.13813749280354
48.0,60.85663143146962
34.0,29.578088522827386
34.0,44.33056274693814
71.0,75.05508581381048
71.0,59.89912633493594
75.0,81.31156614688354
75.0,37.67919681392186
45.0,47.89821637433738
45.0,56.888411946407814
71.0,77.39854999083133
71.0,43.63196840149243
56.0,57.45164832200669
56.0,59.01232470754604
71.0,74.43133008420921
71.0,53.381513470359266
49.0,48.314225603852776
49.0,58.05215577550126
76.0,81.86913442775415
76.0,68.7218647954025
80.0,87.34177922706584
80.0,43.93418545099951
64.0,70.71036815586979
64.0,79.54266402409337
81.0,87.18293181365442
81.0,79.64415482713895
68.0,73.324885628831
68.0,80.16480548082586
73.0,78.85171621954635
73.0,76.19593677289032
73.0,76.91319195266703
73.0,51.667405486088626
37.0,31.63635998478094
37.0,58.78764287898946
73.0,79.21685700201124
73.0,85.89352932990636
58.0,65.12916641307208
58.0,56.57638204064142
61.0,66.38570782951365
61.0,45.62703861540092
65.0,69.61935823894737
65.0,43.30675740399528
84.0,88.66157615909464
84.0,79.66189581862022
69.0,70.88714121903729
69.0,76.04656385484651
59.0,64.80947162004077
59.0,78.62265422747396
69.0,73.96110964733543
69.0,26.29009409706765
74.0,80.85539903918192
74.0,49.90234024771917
73.0,79.28417367638428
73.0,65.41936277801176
57.0,64.77105154593255
57.0,53.94171278930344
78.0,84.15094852095149
78.0,72.4725162172424
68.0,74.071454486515
68.0,28.53185568186757
58.0,58.25933743273799
58.0,86.06183407698336
64.0,64.68700091493781
64.0,78.9496827796437
46.0,43.94847391126302
46.0,85.95088402548112
41.0,37.329471075108984
41.0,69.94213680418801
64.0,68.97312365707268
64.0,83.1051574407258
76.0,82.11833993107774
76.0,83.12439663478256
47.0,47.83195237183952
47.0,46.443641077365214
60.0,65.82635157749962
60.0,39.63345397641831
77.0,84.41516445379813
77.0,24.583100664975007
65.0,67.02712636018146
65.0,45.28135160311501
54.0,53.64765311610438
54.0,45.80587064136648
38.0,35.689228251412715
38.0,16.318480768559994
54.0,54.79609630530547
54.0,89.04825350092221
42.0,37.25653468561302
42.0,68.07086172445867
73.0,80.36436253676311
73.0,70.55637391127061
60.0,61.1474476187654
60.0,43.22386470786381
56.0,54.26549124060449
56.0,55.89365266096826
73.0,76.80642748317666
73.0,39.3227987862561
70.0,77.21564099000278
70.0,33.38430203865778
75.0,79.77991614999661
75.0,25.058381965056697
11.0,15.134097086066959
11.0,62.04553688581399
75.0,81.35057621150338
75.0,64.61290881809816
66.0,69.95926574837091
66.0,31.391239523920547
58.0,61.78846984830784
58.0,79.23841121182551
36.0,31.772544575749635
36.0,73.524673666343
50.0,52.86630602247163
50.0,48.00126896220712
65.0,68.28453169320727
65.0,47.77300672117735
67.0,73.64759687310334
67.0,86.13460012478777
68.0,71.2543898927027
68.0,75.80358654333901
68.0,72.20354253605842
68.0,76.11452655169751
17.0,23.79675105527707
17.0,61.76796639753002
57.0,63.99835693724452
57.0,50.11466266997712
79.0,85.22648034038309
79.0,23.821703189065943
62.0,68.96473070093339
62.0,59.24575312747635
66.0,68.78521605274159
66.0,50.30139496812552
71.0,78.5224779730421
71.0,69.89049263146921
70.0,76.30729958262509
70.0,60.54188839389485
61.0,66.3210423317322
61.0,74.69285860721641
79.0,87.26345529353512
79.0,70.93504327487335
67.0,73.27287148744432
67.0,66.36800132725591
83.0,89.72838425958145
83.0,70.67162378079757
58.0,59.61821243498173
58.0,77.9880894178155
70.0,73.87752044658765
70.0,60.342839011380136
68.0,70.34721640741071
68.0,11.195611110903826
54.0,61.999670783117494
54.0,45.4955667562686
67.0,70.01426615047927
67.0,66.89014490221655
80.0,85.44197220355335
80.0,77.02591460148773
60.0,62.926556137651744
60.0,69.96069987750678
63.0,67.22500308853449
63.0,22.187710740271086
34.0,24.4572323442556
34.0,60.91925461162822
35.0,35.04937040708609
35.0,70.12445864895534
42.0,40.492862871910916
42.0,32.47135598893493
64.0,68.19445424972281
64.0,30.366339155256526
50.0,49.52885148469187
50.0,68.45900225043931
73.0,78.37826317699631
73.0,77.55603610762876
32.0,36.33224136774072
32.0,41.59583571765211
44.0,36.01141903161846
44.0,33.21136628016052
62.0,68.81082364607494
62.0,76.20917439705465
61.0,66.80860299989888
61.0,68.53802599906356
59.0,59.02919633327099
59.0,42.3905661398324
74.0,77.64082910650205
74.0,54.36420717081211
63.0,69.11125382391958
63.0,52.665043915669514
50.0,54.355367058777915
50.0,91.04564215697417
83.0,90.44644720522086
83.0,59.46803998548546
21.0,23.141771255578078
21.0,78.77741338804498
64.0,68.65277027740615
64.0,78.31413061868665
40.0,40.40551814007472
40.0,37.25772000434773
58.0,60.187742184033254
58.0,77.63288926311412
35.0,34.889791112519504
35.0,19.05055290080537
69.0,75.78685216245151
69.0,58.07711030593208
47.0,44.94537204664704
47.0,42.03702737250802
45.0,44.39955641439275
45.0,59.72730728088959
41.0,36.59105536201764
41.0,71.23811697020722
20.0,9.296607645846336
20.0,49.781264643046484
74.0,78.30135144121726
74.0,61.57485350368938
81.0,88.23315615861156
81.0,33.602952261516634
58.0,62.32728339576869
58.0,62.552001914167136
47.0,49.102170473599074
47.0,74.69837171466918
79.0,85.80277360325385
79.0,81.63529309927156
70.0,72.81454126767301
70.0,68.16626248647106
30.0,31.40486037844346
30.0,37.18087298906789
65.0,69.3387701227008
65.0,51.04046422264935
72.0,76.06898792887097
72.0,56.69691629942912
44.0,49.56677030268196
44.0,70.62779669711841
62.0,70.69030407329217
62.0,61.44375832575179
73.0,78.82256907691777
73.0,77.71946137403171
61.0,67.33071475454011
61.0,31.945394750591333
71.0,75.86295973944954
71.0,86.58839175610626
63.0,67.00663563353112
63.0,77.35574067305322
69.0,72.70737344044915
69.0,59.711007469178924
71.0,76.92578819214333
71.0,59.02082173200563
74.0,81.82393141725703
74.0,52.152203434635965
45.0,42.076204987935114
45.0,38.94680029964752
51.0,60.3279527505191
51.0,79.68707135319892
62.0,67.52546297675894
62.0,34.63075894896076
67.0,70.0099653090287
67.0,66.46469286080634
61.0,61.950427532497315
61.0,80.03027698403122
39.0,33.377716919812144
39.0,69.38153008986154
47.0,53.12954477759769
47.0,77.71662116588902
73.0,78.83405068857496
73.0,61.77907050397164
64.0,65.86089398286964
64.0,74.60140261519831
31.0,26.026171570897645
31.0,81.87579250619365
59.0,66.13055418669188
59.0,75.26319967960757
66.0,71.73862354621872
66.0,82.57095804965775
73.0,77.24403654362908
73.0,73.28186890918698
26.0,23.02962420791704
26.0,72.71674820741913
46.0,43.4312836605684
46.0,39.03445385573974
70.0,76.9656040610763
70.0,67.90101415692914
77.0,84.60333691228811
77.0,64.16962387334007
67.0,69.10141104627007
67.0,39.97338640233028
72.0,80.45359217933418
72.0,48.519089182835785
40.0,37.98836803168666
40.0,75.85668357431354
46.0,39.072478917641035
46.0,62.339774859118506
62.0,65.49022895882871
62.0,55.567701736085894
52.0,52.75643586127819
52.0,72.4707938096206
55.0,54.9398830991816
55.0,69.19178418956972
36.0,35.60694131640474
36.0,42.108077751477424
62.0,66.4955174764691
62.0,86.39094607072246
58.0,59.589097877538165
58.0,54.77555170088044
61.0,64.98718299392812
61.0,80.51894559439063
80.0,87.46379131064367
80.0,78.96527556571596
74.0,81.36582732178113
74.0,78.04763048630315
67.0,74.80963781824488
67.0,82.11058672077684
67.0,66.72429288162306
67.0,66.22386485798842
30.0,13.555135029297332
30.0,54.97476062912784
62.0,64.21018317296546
62.0,49.81396435148554
70.0,74.45988869945052
70.0,62.71038734870666
56.0,58.23837669193466
56.0,63.000741423300894
74.0,79.5374757743499
74.0,73.4808777416448
74.0,79.3607034331086
74.0,76.34896594353177
39.0,42.72088774777069
39.0,75.85219036543106
45.0,43.84644456450758
45.0,69.5752766287074
44.0,45.0230596525555
44.0,47.771232180756556
21.0,13.737230402461876
21.0,88.09393652252948
51.0,49.741614341175875
51.0,82.91414918152458
74.0,83.1678032681038
74.0,54.53564021286405
30.0,30.37222053044212
30.0,41.416340550409245
49.0,50.771474498758096
49.0,70.0998857245819
61.0,62.73493954031579
61.0,14.0030878930487
21.0,19.974692370148205
21.0,73.30262938913842
57.0,55.79779945947638
57.0,52.210794980560024
72.0,77.3939916748941
72.0,52.70440113281188
75.0,80.87234638539144
75.0,70.29716355260723
67.0,72.05873225792521
67.0,80.72378956742199
63.0,63.1735325530866
63.0,60.910116429457105
38.0,42.15812141392479
38.0,82.74182094105367
77.0,84.11195944257264
77.0,63.686975377347096
66.0,70.56334141749034
66.0,59.7442251903812
34.0,32.431982707877125
34.0,79.1345485320279
45.0,47.24785290991946
45.0,67.35246861565582
62.0,64.40093972127926
62.0,83.8216621803196
69.0,71.61120017175568
69.0,43.392351930470284
77.0,83.07434796488349
77.0,69.16354305135218
66.0,71.10896727061044
66.0,26.34771810906409
42.0,42.8580394295123
42.0,40.72572482657529
54.0,56.14333376146851
54.0,59.11481281159308
43.0,36.01587340857509
43.0,47.56801610004493
63.0,72.0781554498999
63.0,46.37689043027683
57.0,62.736247165552186
57.0,68.73237520641334
64.0,64.01058531287646
64.0,84.04248347724678
60.0,63.702308216960944
60.0,73.82015579958352
55.0,59.51393996993346
55.0,64.6384690574069
28.0,25.78716671353186
28.0,58.78617947439449
66.0,73.3117090028548
66.0,78.18222644651377
72.0,78.57920862174234
72.0,77.67508984404606
40.0,39.84346142230129
40.0,62.57251555386631
72.0,77.77301383971081
72.0,46.70226756029092
81.0,88.0189531934301
81.0,88.71892761864837
46.0,49.006896914425624
46.0,55.27812026765389
67.0,71.84917403047496
67.0,54.35766467211096
25.0,24.251858797836633
25.0,49.01574075269173
70.0,72.28935486901105
70.0,75.93569989968017
65.0,65.100733595093
65.0,70.29187312639715
59.0,64.41632122084809
59.0,71.87450226641317
60.0,58.881268500117415
60.0,57.7039521430728
72.0,77.3696804717456
72.0,71.31648586196314
71.0,77.48066678824614
71.0,62.13969271186579
59.0,61.4102122998832
59.0,42.85205553582898
76.0,81.72221406210826
76.0,47.40759222775591
40.0,37.37833717032703
40.0,46.70226756029092
63.0,63.519579091896105
63.0,70.96872594499399
71.0,78.64965850878554
71.0,56.76717210225718
23.0,12.602515157092
23.0,39.222175503965275
45.0,52.66907890426671
45.0,69.04761569741197
56.0,60.10713279265775
56.0,77.52060719388118
68.0,72.21423170048968
68.0,30.423479277724823
58.0,58.02601671772413
58.0,51.612384801965106
74.0,79.37328119455867
74.0,45.29506831972952
69.0,71.80897162255536
69.0,57.744532591643065
57.0,59.07625768859651
57.0,37.31707683360156
73.0,75.7281787463914
73.0,69.83592183206554
67.0,72.42336915949545
67.0,76.8939382074509
80.0,85.78166716567671
80.0,68.86653349197144
75.0,82.649380898309
75.0,22.10443758141662
69.0,73.63160872088974
69.0,42.91615180539486
68.0,73.81966147855712
68.0,81.85138223071993
76.0,79.86823502963665
76.0,54.353381930153205
60.0,63.559238355639934
60.0,73.46573647444393
49.0,52.29851693256472
49.0,33.12312996996309
40.0,41.90764662005739
40.0,56.65359513963142
72.0,75.4419970577942
72.0,23.772767241717645
75.0,81.76367460714181
75.0,64.79812804527302
52.0,52.13730312380966
52.0,29.807872504154375
67.0,76.14291792349434
67.0,72.9717483821546
73.0,75.6932114803405
73.0,66.9861645141944
55.0,61.238323468044655
55.0,73.52341264327032
61.0,66.29504153173917
61.0,74.27150229422091
59.0,63.01604897952711
59.0,48.809579828985704
83.0,88.18890471056915
83.0,58.8942793247943
53.0,54.32722832248646
53.0,62.931715156912276
61.0,61.77730096568706
61.0,28.869992578495896
43.0,44.82268194973966
43.0,12.384795674810334
66.0,69.53026809475284
66.0,56.456886894371905
67.0,69.24852612345722
67.0,80.80306362506201
61.0,62.52371021133649
61.0,56.133761863297195
59.0,60.43593777298179
59.0,81.28805959910574
71.0,76.67611148513703
71.0,74.44360158275998
40.0,39.84346142230129
40.0,71.49064571172426
71.0,79.07279520037258
71.0,70.72144245377694
78.0,85.80014546445852
78.0,14.208766775822028
79.0,87.26783344468788
79.0,46.62560153192646
58.0,52.84457980822475
58.0,75.7771193167145
63.0,65.85227118463723
63.0,65.01013928550168
69.0,73.09032718870554
69.0,75.74186869499727
68.0,72.50008372117503
68.0,64.35210600203646
59.0,61.80759491837034
59.0,77.59231010285356
29.0,20.669166531387248
29.0,79.48644532020023
51.0,51.33299699881525
51.0,55.010719304299755
66.0,73.4614747658498
66.0,40.64884457058895
22.0,10.504539813187307
22.0,83.08238838285712
59.0,65.23726832099322
59.0,76.1405792431134
29.0,19.386795231613803
29.0,78.68158693886585
77.0,83.65509526027319
77.0,78.06638029926847
30.0,26.783019227984425
30.0,52.92573620900413
49.0,50.36624716421983
49.0,77.25938541892998
68.0,75.16069930439585
68.0,76.46237672342943
52.0,59.37585710445518
52.0,62.474711831263505
72.0,80.29345575317541
72.0,50.66641961628585
72.0,77.18595424713953
72.0,70.15425205453744
58.0,61.041440515280215
58.0,70.63387892612246
34.0,33.102657532849435
34.0,71.72093210477556
58.0,58.65170553363731
58.0,2.783757930797094
32.0,34.58375960179313
32.0,61.212819751126005
70.0,75.48444622162123
70.0,61.10224067031544
58.0,59.90569710044372
58.0,18.00914141416382
60.0,64.94269499390504
60.0,51.20056774227726
63.0,67.97224868107662
63.0,34.191358166803354
66.0,70.97641678170493
66.0,69.92155286105128
68.0,71.53175216437165
68.0,55.60995977786342
49.0,49.388738130430454
49.0,78.0454117684182
49.0,40.44111907683066
49.0,61.425731504621524
36.0,34.972837336237546
36.0,74.80767509400869
50.0,47.629090864556986
50.0,80.19949293257207
70.0,76.64614008645373
70.0,48.81867609911808
67.0,72.1349666708042
67.0,23.489846200972977
60.0,63.200032840555195
60.0,56.87598328813624
56.0,57.277651831278774
56.0,42.97485096947008
58.0,60.68959357609202
58.0,74.00550453308722
55.0,52.18683165889814
55.0,54.3138373228864
23.0,23.361849389942506
23.0,81.64906999715441
45.0,50.51996543347457
45.0,58.023764959821165
17.0,8.523044069601042
17.0,60.783539091651164
78.0,84.06386821972109
78.0,88.4441161214744
40.0,39.745160720883405
40.0,75.08055705677845
55.0,54.97488807379659
55.0,38.9338493037875
75.0,83.65932214687996
75.0,56.937146554998264
71.0,78.09934549376078
71.0,43.41516906831714
72.0,77.65229362397145
72.0,22.866962167017903
71.0,75.74564979080162
71.0,34.43909926457053
26.0,17.633440679539262
26.0,57.376906379870206
67.0,71.36106110315961
67.0,70.94516650062741
67.0,70.86411914492703
67.0,66.71774934688705
29.0,26.78759773369137
29.0,90.23309066275596
21.0,8.523044069601042
21.0,27.648448613081882
69.0,74.66677934357733
69.0,83.80791733965884
64.0,67.55241864179766
64.0,10.553338964204102
55.0,57.10543391805476
55.0,46.189139686319265
41.0,46.59692917311605
41.0,77.37083910519618
62.0,63.48162973240852
62.0,73.60748866933085
54.0,56.92429331468202
54.0,77.94372975374301
40.0,46.640406593556406
40.0,53.76301433143078
69.0,73.9668166547064
69.0,20.67149421473016
70.0,79.21176490374694
70.0,57.83757457348514
55.0,55.173002702790825
55.0,91.22849648598014
49.0,45.381148355557684
49.0,72.57389203200285
55.0,62.23080109052256
55.0,54.040121042495514
66.0,70.11684663762355
66.0,49.94570812321035
67.0,73.21083361114717
67.0,58.32418976233703
18.0,6.728711118672095
18.0,57.6707869974403
25.0,23.246212822535085
25.0,71.59454767080729
25.0,20.911392706132233
25.0,74.96946393769764
40.0,39.75040922977581
40.0,24.36194557010583
68.0,76.30266839287151
68.0,78.45118585756637
75.0,82.66471517652934
75.0,83.25638329316297
66.0,71.33780138962157
66.0,70.86275393092114
53.0,58.76036423640221
53.0,11.688110923864372
46.0,44.363135117508705
46.0,71.86981259553272
45.0,52.69088405970763
45.0,70.32101416440486
63.0,65.98019188910376
63.0,74.81661224988278
67.0,70.02885507390158
67.0,74.57250689230801
46.0,45.43829225378113
46.0,64.89038037623806
34.0,35.136742388751884
34.0,47.798781731518034
67.0,69.34927421996264
67.0,72.4434847404255
57.0,62.53753696437536
57.0,86.01891144012188
72.0,80.56408562893046
72.0,73.2849822149679
72.0,77.13748662020396
72.0,85.2150057882667
61.0,64.88631739444094
61.0,54.838062843119644
70.0,76.1254371238374
70.0,37.90793149765943
67.0,70.11408453100364
67.0,34.087283413923046
68.0,75.79973420101282
68.0,28.327387975193062
70.0,74.55651623323376
70.0,50.035823712338754
60.0,65.33756273064023
60.0,74.06074263037016
59.0,62.878710077921085
59.0,80.9780703046319
74.0,77.78872995489036
74.0,51.88609352559115
71.0,77.43980885368228
71.0,80.98539752029109
59.0,60.37508054980566
59.0,75.87101796729928
46.0,47.052144402652516
46.0,70.26756277732756
40.0,37.097984689497025
40.0,53.48894395096306
57.0,66.06315063061658
57.0,81.13719662664778
81.0,87.62459258906847
81.0,64.96009238052198
27.0,10.408633446081751
27.0,33.61641738141253
65.0,65.0129877247773
65.0,48.05060382244301
63.0,67.14569630831937
63.0,24.626897854256754
72.0,76.97881454699649
72.0,49.48424310051536
56.0,59.54557580521498
56.0,25.77295308974317
51.0,48.691204156600406
51.0,44.72629850055591
25.0,15.934992746820285
25.0,42.89426202308488
73.0,80.78008582671686
73.0,77.11463721587637
68.0,72.24212685818566
68.0,82.21451551538883
66.0,70.65251200004496
66.0,75.38144005914307
52.0,52.60773906689093
52.0,25.114336926468013
65.0,71.68330891592637
65.0,71.24648897950618
60.0,66.92727343274214
60.0,63.431717478979465
76.0,82.317958205541
76.0,33.50278247118911
55.0,56.575116256528815
55.0,72.43707541367235
77.0,83.41627552947875
77.0,65.24692493188803
74.0,80.05071105188199
74.0,74.94796432728731
59.0,59.6210617665177
59.0,85.57414923471919
71.0,80.85827189840023
71.0,13.71360330202998
80.0,87.49949166371294
80.0,61.3810946655035
52.0,50.546692507487535
52.0,75.14865106486394
66.0,70.19712355710487
66.0,68.47682572428931
67.0,71.99205335701197
67.0,71.46021823426128
37.0,36.09172451327112
37.0,58.58943218756292
32.0,29.052600977501868
32.0,68.88411421150391
74.0,81.24775332295934
74.0,80.1346150923822
61.0,64.94998247674732
61.0,77.98745002241549
67.0,70.80712204217224
67.0,52.19974469586964
73.0,78.77904813324932
73.0,60.18321691692478
53.0,54.54864029430803
53.0,82.13961019157472
63.0,68.02635438865065
63.0,77.19674821991447
51.0,53.22703697535019
51.0,49.2118082622805
54.0,53.5931289112209
54.0,68.77893102103786
52.0,52.97516426703464
52.0,47.10964756754436
55.0,50.04737156972351
55.0,76.4566344062763
43.0,41.46512483109359
43.0,70.7057080336636
20.0,6.456048698423729
20.0,67.84938236239583
39.0,36.959184568767114
39.0,61.62682205713156
26.0,27.930835521082656
26.0,79.84500175410255
46.0,38.006795602406385
46.0,70.05533584188032
20.0,6.183043985720303
20.0,71.70829326192035
51.0,51.77670374899486
51.0,11.564089190940592
22.0,8.837468583549764
22.0,71.3344586669225
65.0,74.12758202190503
65.0,70.09231305495092
39.0,38.287091288145234
39.0,36.12747513463876
68.0,72.79827131966005
68.0,68.56135640486087
65.0,68.06891101786096
65.0,74.90627012850939
33.0,34.734625426884975
33.0,68.23561886537664
73.0,82.34041256301867
73.0,10.083618595598296
61.0,64.37140533000218
61.0,76.51457186338325
78.0,83.39635194160883
78.0,76.162777541389
63.0,67.00840423952832
63.0,40.76712016199116
67.0,75.39377122849538
67.0,32.55052013794926
72.0,78.69122674431509
72.0,82.36997831888488
46.0,44.46212797919395
46.0,75.20526519913761
71.0,73.25710108992985
71.0,78.92980999026281
56.0,59.06291561430339
56.0,79.60609105809277
38.0,36.849927306435234
38.0,39.14974368316928
66.0,75.64417916530994
66.0,67.53630651886857
69.0,72.74055705923439
69.0,69.7260779366332
83.0,92.88669985133026
83.0,79.37359334176585
27.0,28.671585775347978
27.0,69.90497449541061
76.0,81.3313268127535
76.0,76.19426453301082
75.0,82.27321537158201
75.0,79.39597613413696
78.0,85.29171161970413
78.0,78.17072944875576
53.0,60.95959827536859
53.0,68.2282994500203
24.0,16.461007372816027
24.0,65.20955651989783
77.0,82.24019448006118
77.0,62.064684152036364
75.0,82.4836129976614
75.0,59.19064882380519
56.0,64.83109758941703
56.0,66.33215881981403
72.0,79.15146814063047
72.0,64.96091099509312
40.0,37.103544860109764
40.0,54.69640643296515
67.0,72.50106023640171
67.0,75.89156524562975
45.0,36.126749282673586
45.0,73.52929077507144
24.0,17.704682978128915
24.0,54.66509600576683
61.0,64.16144796866729
61.0,47.16006972643714
45.0,41.81872431902838
45.0,50.21536355706604
17.0,3.1149274670311797
17.0,36.82146603228131
57.0,56.63794067863944
57.0,63.229849609691655
65.0,70.87014424577484
65.0,64.11407942411262
66.0,70.14797186911875
66.0,70.2626820770783
56.0,53.167328215627606
56.0,42.14666547267018
51.0,48.58493779452897
51.0,70.54128750248321
41.0,36.5643480966412
41.0,60.270387122456384
51.0,48.806448173282035
51.0,18.861908523318107
75.0,82.87199467179369
75.0,36.959184568767114
76.0,82.56515119655973
76.0,67.64596162773245
43.0,41.07521258803354
43.0,60.44141641115232
78.0,86.80020734685417
78.0,38.82493476427442
69.0,75.41294821077054
69.0,76.47914549258718
68.0,73.4198957426376
68.0,43.077932599697874
48.0,47.44060942270113
48.0,62.66707719734421
49.0,50.81121940907616
49.0,58.13792103243958
49.0,43.03186081638955
49.0,75.37707573064631
51.0,56.48208696519151
51.0,78.00151693367974
29.0,22.344122007530302
29.0,50.67540532647996
67.0,69.944199470983
67.0,53.83623264051454
65.0,69.33761884340004
65.0,49.35118319144567
71.0,74.37084065787889
71.0,25.157974818924117
49.0,54.129335105714915
49.0,73.58751503796503
70.0,75.97172282743253
70.0,66.65675441919979
56.0,56.05105913962598
56.0,49.489251646941284
39.0,31.927571978435765
39.0,21.030663089502582
72.0,77.80718442014563
72.0,79.33113279607858
42.0,33.842924832865265
42.0,66.53833937251693
32.0,28.584487934004642
32.0,29.257080057773123
73.0,76.95104685853073
73.0,84.09349831402608
46.0,50.16113982134959
46.0,53.66106365645982
51.0,56.160778546275935
51.0,64.20978942379247
52.0,59.09100136474649
52.0,67.35801661258904
63.0,69.67166917539066
63.0,61.13533189442842
49.0,47.28514059208294
49.0,69.33099079674935
76.0,83.65722201107957
76.0,47.64038568021056
62.0,66.24014048647552
62.0,70.34637862068138
69.0,70.27764283695694
69.0,87.2863693400912
68.0,73.33871378607387
68.0,72.93001275167711
74.0,81.07739530537026
74.0,52.844464363221675
12.0,3.485663951872425
12.0,64.57448701313712
50.0,45.16250312304771
50.0,71.06726411287542
80.0,87.74998586010793
80.0,77.01115519483591
67.0,70.15100083710672
67.0,76.04007561102048
60.0,60.007125752237926
60.0,54.894924039557054
59.0,63.08529131393857
59.0,69.32755407470995
64.0,67.94340233621409
64.0,55.40411591662024
75.0,82.28137117350064
75.0,81.52210885527899
47.0,49.1721693592462
47.0,37.16193018926316
69.0,74.32190928496732
69.0,53.3079731687468
57.0,61.8688505333746
57.0,56.18450604489482
51.0,41.18783055112368
51.0,55.65805671449857
60.0,65.15772823982707
60.0,49.378312793619216
47.0,48.21741742453975
47.0,55.795539956467564
54.0,58.58856834261218
54.0,37.51748219374366
63.0,64.36214998368246
63.0,15.614484895604448
48.0,53.967324315278574
48.0,53.37704887286543
50.0,54.42033533446539
50.0,45.67494269506494
48.0,48.0363652898032
48.0,55.389297301154556
46.0,48.764466116536255
46.0,34.13179336797333
75.0,81.44815223599755
75.0,47.19454585267158
65.0,64.61132263629815
65.0,77.48863429745109
44.0,49.63380844308551
44.0,33.477907529965705
69.0,76.06581074780053
69.0,55.350757739670314
75.0,81.65868924065256
75.0,19.71944987484153
76.0,84.12147621990363
76.0,74.91550580612335
71.0,75.43610470837024
71.0,70.6377718586757
67.0,70.90414476409677
67.0,81.54386553898053
72.0,75.7621411573084
72.0,81.38356766890405
47.0,49.85318484447089
47.0,69.51979189632283
63.0,64.00030855044218
63.0,58.922735388264925
51.0,47.65326707812642
51.0,71.20820632871471
56.0,59.41606062231085
56.0,75.60586917548102
38.0,23.966025550195354
38.0,68.89951667917643
59.0,62.365454570377096
59.0,79.64103590996513
83.0,91.6354441373565
83.0,55.830207168057086
62.0,65.49099238195174
62.0,69.13112576838415
68.0,70.81821915839078
68.0,70.96840594035774
63.0,70.83803289659556
63.0,44.79559571290281
36.0,30.00101420366974
36.0,76.35073690315056
74.0,79.7993726000314
74.0,76.50185779439664
68.0,74.05411469973694
68.0,71.85021133393502
25.0,16.67706799036813
25.0,72.58641946154216
75.0,82.918650898311
75.0,48.589986923902416
63.0,61.04539833670816
63.0,73.16084083494519
61.0,62.8698290981763
61.0,85.32400388091196
58.0,58.43686202520155
58.0,74.95635309344112
61.0,67.1251630509824
61.0,78.41354479889316
26.0,14.871309836029354
26.0,89.26267037069204
70.0,75.86588534871652
70.0,59.119552339981794
47.0,46.14139374094799
47.0,62.03904392227366
60.0,62.65865930221054
60.0,58.612973522347545
47.0,48.81529301417697
47.0,57.922470366753885
82.0,91.39612751896186
82.0,70.05488209648166
67.0,70.8834127237842
67.0,60.10568304179219
71.0,74.04531437406825
71.0,72.10111304830934
63.0,69.03325583696216
63.0,82.50675658669212
70.0,74.08866439402897
70.0,62.25829755194036
67.0,68.49706288199201
67.0,31.948552495409558
73.0,79.97913087086869
73.0,65.71369432816488
59.0,61.088258681442994
59.0,64.7805920815548
58.0,56.9618096800491
58.0,61.87684972350701
77.0,82.33949076362376
77.0,85.18277456717624
41.0,37.83028926378097
41.0,50.75333505393843
62.0,68.7584576527899
62.0,61.5953490455791
69.0,72.17392598102714
69.0,71.29961498426303
66.0,67.98911233842
66.0,45.92799618123871
48.0,40.921431164057765
48.0,66.0858141869457
65.0,69.13989207861033
65.0,57.242559993961606
67.0,72.06290441782465
67.0,66.69485493883855
25.0,17.59743053479957
25.0,53.246169380877745
64.0,67.01074690617514
64.0,75.83165116453398
59.0,59.73506999895494
59.0,58.583845747766986
23.0,19.170198891693246
23.0,69.8964916124329
40.0,35.42911282273428
40.0,45.166046483905575
48.0,49.468443453925204
48.0,18.00914141416382
75.0,80.06983991685365
75.0,31.04219332610063
64.0,67.65336024217373
64.0,78.09470280057644
63.0,67.92952071660375
63.0,67.82046029055681
40.0,30.604844849200163
40.0,58.916292769989695
62.0,64.96514957610509
62.0,64.4047867344953
53.0,56.64282613216227
53.0,46.19174877708713
63.0,68.91168518358461
63.0,55.95376995414665
77.0,84.77181311101907
77.0,64.35947341926982
67.0,70.20653386916086
67.0,79.72920853687975
45.0,44.817269698637574
45.0,71.05553652841519
60.0,62.071844694282106
60.0,73.74049549398268
71.0,76.3560323504285
71.0,68.5166104819707
61.0,64.59657762353623
61.0,56.55516898114729
31.0,28.414674917595278
31.0,77.72055453153854
66.0,70.9082313129199
66.0,58.3739846827537
81.0,86.08860587432031
81.0,77.16037057967543
69.0,71.12475837557321
69.0,41.721050225049225
48.0,48.90283279465285
48.0,35.42175308360311
37.0,33.74938284417891
37.0,79.6065162981784
64.0,69.95160085757152
64.0,26.429386939399876
68.0,71.71544799754344
68.0,76.67573483186175
77.0,82.76403713126098
77.0,63.45272302974149
48.0,53.47484209350961
48.0,39.78437241072987
73.0,82.98446410036672
73.0,48.86741962923958
61.0,60.5943610783969
61.0,62.2883175372595
63.0,69.82243970322071
63.0,82.99235676170866
69.0,72.34618593655841
69.0,19.851532548213072
59.0,63.209757580359565
59.0,32.25090250192443
15.0,15.797006212508677
15.0,46.49852547785764
66.0,71.4603333196356
66.0,71.62088280350008
59.0,66.60157528274902
59.0,71.9394727942983
56.0,55.64270626677785
56.0,56.20333109498267
34.0,32.02362840120128
34.0,36.79382009738174
46.0,45.03848383803222
46.0,63.27431088216133
75.0,80.53889997480235
75.0,65.43218439076958
47.0,48.23054348346693
47.0,76.84204056389962
56.0,60.77706549773296
56.0,68.25097528637679
57.0,57.189211599629346
57.0,25.483955154578325
74.0,79.29511205247258
74.0,32.16822779013137
59.0,62.050816217293686
59.0,68.46340957942499
73.0,77.68175704850609
73.0,34.26448907612155
47.0,46.13673377841525
47.0,77.10615769240303
68.0,73.98721119889393
68.0,54.28129503036001
66.0,69.58786643282076
66.0,61.137080861971754
20.0,10.964842841848736
20.0,71.93321253022185
51.0,53.0573409434723
51.0,41.853981660634645
72.0,81.84237640289848
72.0,38.39692104853543
50.0,47.29479500617856
50.0,80.56964025734646
61.0,65.12326073172142
61.0,72.63368628342113
68.0,70.88534230188566
68.0,86.42277699961653
79.0,86.83344252440128
79.0,16.746675033934082
43.0,46.81171581378953
43.0,52.40339152050234
71.0,79.51481709616121
71.0,74.76734146245082
32.0,29.83943035798336
32.0,93.48416557323617
58.0,67.1213480297364
58.0,68.90571018392825
68.0,74.11380456084993
68.0,78.1954673150995
25.0,18.614642041460115
25.0,61.872699368435065
57.0,61.71487405264327
57.0,47.13837652588626
53.0,59.41269697931915
53.0,62.220191934956574
61.0,64.22034070651841
61.0,69.47968294877114
77.0,83.75281785572093
77.0,64.76435885135936
45.0,39.771719479102444
45.0,82.53827110690361
18.0,14.795477576060478
18.0,55.21779567241771
62.0,62.535406035530116
62.0,79.14387254807559
60.0,63.946248703957224
60.0,73.11908129029439
36.0,33.954004026206235
36.0,64.3277876514747
45.0,49.2553675290946
45.0,68.78573350212395
68.0,73.06027304183414
68.0,47.615661996425786
66.0,70.07318941950149
66.0,81.92567588774483
49.0,47.58788837993228
49.0,54.05718036689268
55.0,53.324981252815974
55.0,56.801584687804905
34.0,35.193895030525255
34.0,48.61592106255574
73.0,82.25784528022837
73.0,68.76142254067685
54.0,54.90020456341057
54.0,70.85085729288659
55.0,56.3435536118958
55.0,45.27556157861261
22.0,10.781795023828295
22.0,27.687715501535138
54.0,58.95727005406599
54.0,64.72121029686883
57.0,59.1863177788303
57.0,55.18286168198699
47.0,46.66617787293518
47.0,75.20385217840817
78.0,83.0349852662793
78.0,21.431877160980036
65.0,69.28828483708384
65.0,49.942026836117634
58.0,60.106633983567576
58.0,51.644595010775845
66.0,70.30686418103267
66.0,76.72971499156631
62.0,63.12961980868704
62.0,32.66563830361349
74.0,76.61271285464056
74.0,76.57143698246983
67.0,70.14066317610809
67.0,45.587032062938135
49.0,50.029015933658
49.0,36.96099938870458
66.0,68.39059046781955
66.0,71.27940219847204
55.0,59.25726769648321
55.0,71.70852754208346
63.0,67.12802580114521
63.0,50.83442179736704
52.0,58.75252416067809
52.0,83.89600848893622
73.0,80.68449294903087
73.0,67.60294161885633
52.0,55.08988393525493
52.0,34.43712980791429
54.0,58.338553997596705
54.0,58.97279771212618
25.0,11.314204668818093
25.0,55.10809427272733
77.0,82.41812335477823
77.0,81.09870185342231
68.0,71.05309615783233
68.0,64.57360520598178
68.0,74.13020785202986
68.0,54.233681947825346
55.0,54.60320311220107
55.0,64.03922090354405
75.0,82.40570050100314
75.0,72.78853566933088
68.0,74.74767963446925
68.0,72.1563462707079
47.0,46.37307517251395
47.0,47.340603222087736
69.0,75.46950968368935
69.0,28.722502883291952
60.0,63.344185801221386
60.0,79.62084030297325
58.0,64.37021549975844
58.0,78.72654494832727
54.0,58.6385070599822
54.0,37.3784180817712
60.0,63.24921716167324
60.0,45.55170143471389
74.0,76.6154216622154
74.0,59.03161607243379
65.0,71.82739570034943
65.0,71.74650539265537
77.0,81.77639540230268
77.0,78.22826039398046
61.0,67.48394426577346
61.0,71.30851892157898
75.0,80.26713748721278
75.0,39.89709617198605
55.0,60.61971128898557
55.0,55.00581067099432
48.0,50.07843007242087
48.0,55.02773964901428
54.0,55.95708426430906
54.0,47.29869213062278
82.0,91.04540231306356
82.0,51.21074322307561
67.0,76.0481464392982
67.0,74.51569074017084
70.0,74.80517772601405
70.0,53.35653684076971
35.0,37.640576450933054
35.0,81.04326003917095
53.0,60.00457121241965
53.0,48.04516090356145
73.0,78.85033387259824
73.0,71.39632004057938
72.0,77.94381474685719
72.0,79.17056512400723
39.0,34.4000285603139
39.0,86.45603799772107
58.0,60.19649867310619
58.0,62.29782722731704
56.0,56.00026583359721
56.0,70.08545186791235
60.0,61.333091066884776
60.0,76.82654970891792
71.0,79.11614071438419
71.0,83.5018742569518
56.0,55.6781445912988
56.0,51.65679272236821
36.0,25.95383397118394
36.0,66.78454618084055
49.0,49.47751077502903
49.0,70.6135363821947
52.0,46.651966909428666
52.0,70.8987655694059
79.0,84.7157586575085
79.0,54.992503357039254
77.0,81.29041070273854
77.0,75.63998277246873
64.0,67.87738947819207
64.0,3.3185017663675467
55.0,56.17844825557188
55.0,47.19215532710251
46.0,46.023991827951704
46.0,62.528019349826195
64.0,71.90821570729474
64.0,37.61283650225397
66.0,72.49383042384966
66.0,62.1262966343931
70.0,74.84962420076852
70.0,72.2226989827667
66.0,70.19593072254816
66.0,10.101455096978498
70.0,73.58958432427897
70.0,49.02891954878896
69.0,76.4303308253755
69.0,45.434322103731006
30.0,25.855852620610506
30.0,38.37044980847912
59.0,65.72314477663474
59.0,47.947111165536455
68.0,71.83852452831968
68.0,48.41553346422387
78.0,85.8368846097203
78.0,69.6610620021695
72.0,78.33206932998189
72.0,69.2924695823935
65.0,74.07935699009232
65.0,78.14215612229464
69.0,71.8134028749318
69.0,47.91159822040436
84.0,89.32888403324773
84.0,75.04461892041968
71.0,77.22510708055648
71.0,55.657194462310656
47.0,50.53215019956485
47.0,70.47079310772983
71.0,76.33248521632333
71.0,46.55611203261924
52.0,51.24358586137538
52.0,80.5372291383519
48.0,41.15219075275627
48.0,60.190451023589105
73.0,77.5818169065139
73.0,57.25621937440593
27.0,29.856540208843114
27.0,49.202508712018414
27.0,20.96673580991751
27.0,77.73753030298809
57.0,59.10994693587321
57.0,64.88701519377219
69.0,71.19518833833695
69.0,46.364405893029186
54.0,52.525034099756965
54.0,33.717502568343036
12.0,13.818985290460319
12.0,86.11857147867875
34.0,35.39036009091859
34.0,43.71193693947873
60.0,65.15029285502254
60.0,70.35635303053783
71.0,76.29526774179453
71.0,33.97160416203536
53.0,55.2244287163814
53.0,44.11843636413579
77.0,82.21833089657025
77.0,75.2065376397743
70.0,75.63383193137662
70.0,71.71231511263517
62.0,59.48756221391591
62.0,77.78401077612364
76.0,79.80383750321789
76.0,80.34182903700417
28.0,15.890312434380576
28.0,57.71555071219416
71.0,79.6846739938668
71.0,77.07251519684382
66.0,71.70869719190131
66.0,72.8226243550161
76.0,82.8477797474664
76.0,68.86463809984582
42.0,35.03852677012287
42.0,54.89486812933069
67.0,70.50912801655193
67.0,63.786791655584466
53.0,56.0488737551712
53.0,72.11177062269729
67.0,72.6339125082165
67.0,74.8191896013389
72.0,77.39748269538126
72.0,45.05697066360909
48.0,45.048368637311455
48.0,54.68717354949422
44.0,43.738290621136684
44.0,77.34854419621041
61.0,62.70575188061372
61.0,68.27549928650853
71.0,77.88568795997992
71.0,74.75774252362879
72.0,79.60749775627175
72.0,56.52483508457277
23.0,18.443443247619314
23.0,56.93408104384031
47.0,44.13618215074217
47.0,25.3787081940186
58.0,63.38412018703019
58.0,26.920406386087507
60.0,67.47920462837334
60.0,72.31072485769835
57.0,61.06168062635237
57.0,32.01740560120544
73.0,80.80016473998592
73.0,79.70835615026004
54.0,59.067286250102654
54.0,68.63608282481903
66.0,72.30399485091243
66.0,75.51729611263198
55.0,60.924807949855904
55.0,71.47541185490337
80.0,86.64166820737933
80.0,74.63451170212676
49.0,46.972282036580225
49.0,62.91978491584871
73.0,80.91227786085136
73.0,70.73783512553672
66.0,69.14839324574166
66.0,58.75552857180833
75.0,78.2231326620203
75.0,71.02250221000799
71.0,77.61446887976473
71.0,79.38520620690394
34.0,35.04937040708609
34.0,30.435419068123906
69.0,73.80049664863873
69.0,50.21049330715232
68.0,73.94536083187222
68.0,81.57217985556582
72.0,78.19233162553616
72.0,53.871052577698265
72.0,78.94077578496439
72.0,62.603310089073034
42.0,33.60497853911204
42.0,62.764500905943464
78.0,85.02044146738353
78.0,82.52146748786652
48.0,45.4544677492824
48.0,68.90037621411437
50.0,54.75892908205651
50.0,78.61639831583011
35.0,26.440307322865863
35.0,59.46205473497497
59.0,60.543190083022864
59.0,72.69545011825636
54.0,57.58236977581129
54.0,69.52094030659543
41.0,33.124480116683685
41.0,57.9936695324709
72.0,80.13083211235733
72.0,71.71421402419088
58.0,57.01877644820138
58.0,81.44682179723685
50.0,52.107157952197326
50.0,78.98795924024216
76.0,81.2943644265847
76.0,61.54017875516115
48.0,53.80004234490394
48.0,64.47286824609284
65.0,68.84769649622854
65.0,73.82529482350526
61.0,67.1749051765891
61.0,71.50308816947478
55.0,57.516575535109155
55.0,33.05207367580874
29.0,22.344122007530302
29.0,32.77196657047716
63.0,64.25544220115091
63.0,71.63008905961146
72.0,78.32123135567167
72.0,78.5058747991377
80.0,85.87991475763994
80.0,71.08596519077929
49.0,50.170207499829814
49.0,21.994722403913897
70.0,73.18541752821051
70.0,69.54827876968187
70.0,75.39815091451635
70.0,80.67651020548948
42.0,31.066923193036132
42.0,76.42518395295974
52.0,49.52502532835763
52.0,53.741952234765165
69.0,75.33823815427598
69.0,78.61422947390764
55.0,60.18529600120701
55.0,77.7498246078365
40.0,38.75992084565115
40.0,61.49189314609907
68.0,73.84765106913716
68.0,64.67706949464264
71.0,78.64965850878554
71.0,62.78941950314987
66.0,70.69250119747613
66.0,68.42772056924406
52.0,52.83611720268823
52.0,79.26346716826777
76.0,84.03687760888664
76.0,20.40059625031381
52.0,52.413683805676214
52.0,81.86727715700943
33.0,33.953247875786474
33.0,86.40743925354315
68.0,74.63601222548107
68.0,72.84798570219795
66.0,72.59529039803556
66.0,79.277262652596
22.0,21.49135437662636
22.0,8.869568167990167
77.0,85.65935780765273
77.0,89.40862326636892
72.0,74.47211895117829
72.0,56.30424962216978
70.0,75.97154611979317
70.0,37.87561770396229
45.0,38.17796913328192
45.0,26.136733186652293
67.0,73.86480327558269
67.0,70.78623353093968
47.0,40.919448381187976
47.0,81.70270499820691
38.0,38.9906210054225
38.0,48.77426498308682
80.0,86.20393386138
80.0,70.10869434599545
20.0,10.520705927877316
20.0,30.62725558055473
59.0,63.782219315117686
59.0,58.108364395910996
70.0,75.34571225507938
70.0,69.58617411818881
56.0,61.36333398486596
56.0,70.64552516108142
65.0,66.6951866739343
65.0,59.20699878472868
57.0,55.07908022721148
57.0,59.053366381401986
70.0,76.66908076036628
70.0,27.930835521082656
60.0,55.96820402236318
60.0,85.08849299526258
43.0,37.205460816183404
43.0,61.610383784772125
68.0,73.65235272013012
68.0,42.36285897122934
71.0,77.13769425725582
71.0,88.70573606768784
80.0,90.23323549105845
80.0,70.07793616843406
76.0,78.23644632148358
76.0,57.97921423942802
56.0,60.489698621183265
56.0,24.114790955693934
71.0,75.6079889971794
71.0,65.52622984940518
24.0,20.767097840252234
24.0,50.474746453126556
21.0,9.753207939415518
21.0,75.353036121748
41.0,45.08848610624534
41.0,79.75762007479051
23.0,22.187710740271086
23.0,43.296616171037215
69.0,74.10855280865309
69.0,71.44241982623214
69.0,71.1456934732031
69.0,79.90796106560362
58.0,60.963845565990994
58.0,64.20819387486978
68.0,75.43447565615986
68.0,75.24265997983105
64.0,66.4816729638116
64.0,25.54821461745712
77.0,85.3660034166781
77.0,25.773872226971378
68.0,71.28274641997007
68.0,73.22113695270076
62.0,62.35979056643106
62.0,71.16330766335722
46.0,40.960245265384344
46.0,70.3465051681435
68.0,73.85750606319277
68.0,48.25348527165602
71.0,76.26482498659954
71.0,88.62293195258695
74.0,79.71403135133522
74.0,76.39128563994484
65.0,67.05190560835024
65.0,74.20994881439066
26.0,19.40399566723204
26.0,58.20278800619832
41.0,40.59837250962863
41.0,81.48060636148512
77.0,83.29005869545159
77.0,46.34727071244009
45.0,43.53149826579539
45.0,70.66631242607872
11.0,11.688110923864372
11.0,75.12474713548932
68.0,74.84391578396674
68.0,78.22969631508965
66.0,68.28981346226311
66.0,69.81730485239706
49.0,51.344901362672374
49.0,44.89514017991064
68.0,69.17889459973145
68.0,48.60618797673851
79.0,85.88158340614808
79.0,60.61618322892906
42.0,44.06253817316201
42.0,57.06953048490084
19.0,21.005653853631713
19.0,76.80219589810156
69.0,71.47231015680819
69.0,39.44293784574177
70.0,72.59510806793355
70.0,34.211189986571526
65.0,73.24896392132041
65.0,51.937233788498304
46.0,47.714605991678695
46.0,60.83276110578748
58.0,57.367776755646844
58.0,9.414138083303271
59.0,61.52986735140479
59.0,76.49594833275393
77.0,80.67455924715085
77.0,83.03829615613506
65.0,72.75958586845627
65.0,75.1298788383454
46.0,45.09790385813051
46.0,62.78027863358881
54.0,59.53658767695788
54.0,56.33797242928142
75.0,79.01933460915308
75.0,70.63359310661741
54.0,59.40242272616547
54.0,70.82122002412791
72.0,76.8674859429525
72.0,79.59296823087135
72.0,77.70530555390411
72.0,66.92796775887325
70.0,75.82869412947883
70.0,44.5412499142663
72.0,79.83537367191173
72.0,77.70130242831004
42.0,35.588554733666115
42.0,57.122006476463696
74.0,77.77068433545054
74.0,79.73562554567263
41.0,40.598000044365335
41.0,54.89141614804623
70.0,77.02289336877277
70.0,44.91037448716315
69.0,75.99552091078482
69.0,85.45321611617527
60.0,59.182200131358286
60.0,65.9614054656941
68.0,73.66807685150252
68.0,71.24168514748783
59.0,58.52005207958257
59.0,76.10775005881106
61.0,63.156583839301334
61.0,35.744492674757396
65.0,72.0518957968228
65.0,49.08331662403583
70.0,73.27427931150311
70.0,77.12663978604917
53.0,53.50764649688705
53.0,46.27812833538496
80.0,85.2005041754889
80.0,22.625189195378596
57.0,61.111519846537874
57.0,74.90477775234075
72.0,76.09866788561527
72.0,82.55068348994001
59.0,62.29674132752524
59.0,45.35813713051999
15.0,6.7799659009361335
15.0,53.32425789503958
63.0,63.85341802704488
63.0,70.82223998294774
63.0,64.67296256735239
63.0,36.52572639792089
65.0,70.12530320060694
65.0,69.53152957987294
61.0,64.16279404420709
61.0,48.895318490170325
59.0,61.78846984830784
59.0,84.28368920061723
81.0,87.77803847824401
81.0,59.92307851649275
71.0,76.94345738047298
71.0,20.853899843847955
58.0,57.614572184814335
58.0,71.61915701259551
78.0,86.44989289960006
78.0,48.31262869766539
47.0,48.28839573588192
47.0,63.48876407116387
46.0,50.43241135568053
46.0,80.47329271418454
79.0,84.5222636159815
79.0,77.86990645583307
76.0,83.23565002709859
76.0,35.10185672976837
73.0,80.26265032252275
73.0,69.25070400862853
46.0,51.21918115077966
46.0,75.26773804347266
50.0,51.31223248193646
50.0,35.6738532774404
48.0,53.36215884601722
48.0,78.00439081945439
65.0,63.92654174972142
65.0,68.1250122148038
75.0,80.54162663422142
75.0,71.5362731936334
50.0,52.66330841604815
50.0,58.42010027591476
62.0,65.12470667175614
62.0,74.3897961146335
22.0,14.327382621781055
22.0,77.42094789249444
65.0,70.33806000147177
65.0,37.50122703607394
58.0,66.87138778986656
58.0,31.400232566091915
64.0,70.4193350778063
64.0,58.837171513297505
63.0,67.87490790898795
63.0,79.23118538362212
63.0,65.26017357051717
63.0,74.35218049777575
38.0,30.31210451201622
38.0,66.52607282823254
64.0,66.40588996407081
64.0,62.1249919085335
75.0,77.46809327069411
75.0,76.64310832339754
67.0,72.8632776319692
67.0,82.50561845412432
79.0,84.08304401711172
79.0,53.19676270312709
31.0,18.937743877696676
31.0,76.82704389769088
38.0,33.754427103493356
38.0,79.235636127877
56.0,55.25589072488435
56.0,76.71616766844443
41.0,40.116809569434395
41.0,78.55354329534777
58.0,64.16052866477276
58.0,71.76064657180717
53.0,53.790800420724565
53.0,79.58608246441321
47.0,47.82633373106205
47.0,82.04186833704165
61.0,66.81792203596763
61.0,71.65191209420988
47.0,42.64309948587095
47.0,66.41285081412519
71.0,73.96918650463726
71.0,34.726787852954885
48.0,50.13200347905564
48.0,63.7118648471544
60.0,65.59522154680684
60.0,80.33947235282
57.0,61.00510197540348
57.0,36.60951973970873
70.0,73.31143231841651
70.0,59.882600976069796
67.0,71.80273350463881
67.0,27.828863226230737
54.0,58.59401688883611
54.0,63.71153266509293
72.0,76.734588140259
72.0,56.288547444937194
73.0,76.46454064228914
73.0,75.83047626802181
26.0,21.304835353791987
26.0,41.54397093346108
24.0,27.33422799850871
24.0,92.96923596509811
61.0,64.42918598347751
61.0,28.65784912474186
74.0,78.39026634499118
74.0,88.74617821599236
48.0,43.95844482741148
48.0,23.772767241717645
55.0,58.813671475271065
55.0,55.777508276367826
80.0,86.1310202810551
80.0,72.79455133408914
62.0,68.45234186350245
62.0,65.18172726536352
30.0,28.671585775347978
30.0,35.797743811754515
80.0,87.86374456777014
80.0,76.96214455614864
41.0,45.74147038800197
41.0,50.44023574852952
76.0,79.86191245700343
76.0,79.79309110797402
31.0,33.028167906952945
31.0,71.81245876313488
56.0,56.240476049044446
56.0,60.28744048962312
55.0,56.34297522228286
55.0,76.4029680383374
73.0,81.38202025802713
73.0,68.99041696427838
60.0,63.23594947810949
60.0,83.14405499010763
18.0,8.08618165793689
18.0,75.60425506911287
45.0,41.55276585765705
45.0,66.82641399056547
58.0,57.305143887213205
58.0,63.64386851007873
68.0,72.28477691808376
68.0,51.84627885066516
67.0,67.14449942502517
67.0,73.33470753746104
59.0,55.47537845675163
59.0,62.20717815009061
52.0,56.40430598092314
52.0,90.29671835180079
58.0,57.01877644820138
58.0,80.11604047243537
32.0,26.464046496387652
32.0,66.96351561770001
72.0,78.45111233281989
72.0,47.416679327551094
72.0,77.48746905911281
72.0,51.45036462103468
79.0,84.94744359866928
79.0,70.41711589041006
71.0,78.83457355903704
71.0,45.48533317706506
79.0,83.54042720306416
79.0,36.633957560177805
62.0,63.47727492954499
62.0,44.98060659545905
53.0,52.94966849898208
53.0,74.43091524911898
65.0,69.75836849805603
65.0,71.86500856232357
81.0,88.51560789213147
81.0,68.65046720707983
71.0,75.38554749978601
71.0,60.722167356143586
44.0,41.20384423938714
44.0,72.23104143004878
67.0,74.347462644379
67.0,24.981901074946848
74.0,80.48513648030564
74.0,73.72323367797418
73.0,76.79518147894925
73.0,61.784712431637786
82.0,89.91256696772183
82.0,75.94518338099306
63.0,64.45681227841379
63.0,44.28646207834436
47.0,51.65377392912734
47.0,76.48445161897473
61.0,66.51113399058983
61.0,44.60728199506491
58.0,62.70333469138359
58.0,80.85350382377607
68.0,73.99806321118109
68.0,83.22555246562723
58.0,60.702343259569716
58.0,46.60838938638216
67.0,73.91523874036653
67.0,56.901699604712576
71.0,78.75733862180482
71.0,78.95371980211206
65.0,69.15477975836876
65.0,74.55496465425938
74.0,81.24109539593576
74.0,79.62276424263985
51.0,55.77433353869924
51.0,51.20568738645653
8.0,0.39923992833325883
8.0,68.57373635887535
57.0,63.97348530420072
57.0,65.38471889363018
51.0,55.412158070756334
51.0,64.54167201759617
72.0,74.9093628566311
72.0,60.87399656885924
30.0,20.16046901658791
30.0,40.64748204996539
72.0,78.94799464296682
72.0,23.470486652856493
81.0,87.72647739886878
81.0,40.21873726208645
75.0,82.12758962340644
75.0,80.06984096442443
67.0,70.81566735104383
67.0,68.668200262119
43.0,45.63692951294348
43.0,38.821173190888146
47.0,50.2648611512501
47.0,73.12507970934809
64.0,67.49674163270743
64.0,82.19931121595158
48.0,47.04075178450381
48.0,55.55852781827002
64.0,68.0880008089955
64.0,60.58871377107175
48.0,51.65303188996967
48.0,52.9308782674338
67.0,69.18999606098578
67.0,40.652943184164485
71.0,77.00212763309315
71.0,88.91570784700917
57.0,56.09494718802563
57.0,69.34960610806115
64.0,66.87516988936983
64.0,31.019310840968785
66.0,68.29424291941598
66.0,58.16619911509781
77.0,81.87631735617168
77.0,68.7364950090195
62.0,62.28030090310449
62.0,66.02880807666071
53.0,53.47123611041587
53.0,66.40380888995605
53.0,51.90011911171564
53.0,66.59116669251705
46.0,47.095548526086304
46.0,74.2249439070037
57.0,57.41027601763972
57.0,53.250287683114266
64.0,68.63210496856959
64.0,75.90535015332824
59.0,58.27463211372748
59.0,84.24568920131566
72.0,78.84914234160823
72.0,47.41745248901714
72.0,79.56222268419071
72.0,61.605050964430404
68.0,70.36271459908062
68.0,75.21607749947515
73.0,76.82323127729228
73.0,69.3462055399005
51.0,54.08823220808466
51.0,66.33215881981403
77.0,85.63728756961626
77.0,35.247555911461234
65.0,71.28976029314884
65.0,15.728935227713464
64.0,70.04285726501945
64.0,64.14734426453629
65.0,66.222826012837
65.0,22.372538449085994
74.0,80.45406766998468
74.0,50.58720824480412
36.0,31.311468200725812
36.0,45.28061726464381
70.0,76.94423805373759
70.0,42.31197345277474
56.0,60.10856481236584
56.0,75.55531460639509
26.0,22.503126666488754
26.0,24.513282430292293
27.0,29.425756894587437
27.0,62.59608952089371
45.0,44.31262248112682
45.0,56.3445311958634
58.0,58.24328430956365
58.0,14.873404033237819
61.0,68.54785147465259
61.0,27.348495116849108
57.0,60.75864496620062
57.0,84.2862845729262
64.0,68.24902859681157
64.0,68.65000305350236
67.0,69.29203445941243
67.0,51.22465200381464
10.0,9.02764215676956
10.0,71.9976639633158
34.0,36.62131056955593
34.0,56.51639814879172
33.0,26.036171976909372
33.0,57.95743793608358
81.0,87.46316210175036
81.0,15.58926886456885
66.0,64.84836362081387
66.0,78.59231010705781
70.0,77.41884038162556
70.0,42.94433783400672
20.0,19.571260777237853
20.0,76.19184052530619
68.0,69.83456960723214
68.0,54.16332401135929
62.0,66.63083139548468
62.0,73.02485158436656
70.0,76.16318490112712
70.0,76.87721184096222
6.0,10.083618595598296
6.0,64.19451015229885
64.0,71.01350561178822
64.0,71.78254489574704
43.0,48.24613093294016
43.0,82.51994229516026
57.0,58.592320081518324
57.0,63.27784065095801
46.0,51.815118649807516
46.0,4.6040957092371855
60.0,66.09908644676301
60.0,39.693967385005294
47.0,51.25014081544077
47.0,73.6581832965237
68.0,70.09917414404322
68.0,84.41934910816889
61.0,65.286193098127
61.0,51.64088351896481
67.0,73.25006656968822
67.0,39.49546124795074
24.0,19.898820041696865
24.0,82.4811001332435
76.0,83.21829543519453
76.0,14.280761211009747
66.0,67.19360577123763
66.0,70.10594479952107
67.0,71.15429654134118
67.0,80.29075997254199
62.0,63.7469855758132
62.0,82.6398014013048
82.0,88.76169275613842
82.0,70.86940644121381
45.0,48.84914867229105
45.0,36.77599484313288
58.0,62.52923189979515
58.0,86.00164223172698
68.0,73.12481579802852
68.0,84.2352668773027
75.0,83.36774245430678
75.0,68.78066123576627
67.0,71.43510528024683
67.0,77.55378155901104
73.0,78.69004603640315
73.0,42.28291323979079
50.0,50.879383618530255
50.0,84.66248455888564
74.0,82.49297252775358
74.0,79.07452491262433
50.0,49.6235209551524
50.0,72.68315693840634
23.0,8.760823542563458
23.0,79.6954193077986
51.0,53.6044123466645
51.0,64.62985539672576
26.0,26.78682410226844
26.0,48.491871374822836
50.0,55.91578601490653
50.0,26.41047721613353
60.0,67.97568039063663
60.0,75.33837098575634
23.0,5.228196213897434
23.0,61.93701066803544
70.0,77.87495014591576
70.0,4.735438786367979
67.0,70.07525426470164
67.0,14.72299732724025
81.0,89.25359351287818
81.0,44.84924372400587
64.0,67.20564557329476
64.0,60.679087663453686
56.0,56.869207046003794
56.0,38.27281922718316
49.0,48.895553247940654
49.0,71.77456535482946
72.0,76.33793521358211
72.0,88.26350291967555
78.0,88.37622612340641
78.0,41.79923721183974
81.0,89.84124243432217
81.0,65.24522889476452
59.0,60.026891069874864
59.0,78.69546114812374
12.0,5.918479583879673
12.0,66.05584324658298
56.0,55.92517800055441
56.0,78.26453689899324
69.0,73.11632503836154
69.0,74.96770665716406
78.0,84.49114037754305
78.0,50.415882005614264
73.0,77.47954040796805
73.0,48.181597861671435
72.0,73.19675372392419
72.0,47.945920623099596
74.0,79.88996125080195
74.0,26.27853871959519
71.0,76.86639208184272
71.0,38.75992084565115
64.0,68.30268739247595
64.0,35.65055226399693
63.0,67.7055423224686
63.0,70.99103856733643
68.0,75.88445802183554
68.0,43.49314433817767
50.0,51.77874796669363
50.0,67.11076890048128
31.0,34.578970530813024
31.0,51.430953996957555
37.0,36.57587441699417
37.0,66.45207603295142
22.0,25.231570367920085
22.0,86.0242973127742
59.0,65.44386635549779
59.0,69.49886426673913
72.0,79.24333204863257
72.0,80.8427362555912
68.0,74.30754395617254
68.0,77.35232038014772
61.0,61.77730096568706
61.0,61.226614221267255
43.0,44.96834612162996
43.0,73.58798948721142
75.0,81.03916241917926
75.0,27.604390510247583
78.0,83.9902228913657
78.0,8.837468583549764
52.0,56.01279370336306
52.0,70.3675952281381
35.0,35.27517350590267
35.0,76.0185597009089
54.0,56.96256467615814
54.0,71.82154145104988
70.0,72.99350940579296
70.0,10.46275376491775
75.0,82.49598167842151
75.0,66.7931957104766
73.0,78.89806098718498
73.0,5.802127837490332
77.0,84.60847669366285
77.0,20.530589646024282
66.0,71.61292640212883
66.0,77.31070396610721
69.0,75.27429551959591
69.0,25.458613603690992
58.0,56.532447591289156
58.0,77.00605189516233
80.0,87.51013655515624
80.0,75.49606838954952
69.0,71.31753002793477
69.0,78.99486768025889
63.0,67.0247808168632
63.0,68.58294358593861
66.0,68.89421604594128
66.0,71.2828931625827
67.0,69.18999606098578
67.0,77.27180086966206
60.0,66.18428048974698
60.0,64.74746236146956
47.0,45.68606652668757
47.0,62.38204416496677
26.0,15.4341190968604
26.0,67.81412255579193
62.0,63.83499559464366
62.0,24.38176191950231
29.0,30.18854973319509
29.0,70.75012499079565
53.0,55.3745613379254
53.0,69.09506447011961
64.0,70.2619906948139
64.0,84.72269689970841
66.0,72.39476275833982
66.0,50.04973668236312
19.0,20.09094427510223
19.0,29.787190303826378
44.0,39.540550358311066
44.0,52.17310952180708
39.0,29.879382971148175
39.0,74.5676254504242
51.0,49.163673295563
51.0,15.58926886456885
63.0,65.36583246812785
63.0,51.71129455000471
48.0,48.82090204619743
48.0,46.987116862486175
68.0,76.10717949999895
68.0,66.37257613230406
41.0,49.18731471084726
41.0,66.45792876438293
63.0,66.43947641963211
63.0,63.661740795593175
56.0,59.22114476341045
56.0,64.10191057696733
16.0,22.16667605085189
16.0,61.82431264712085
81.0,88.90164707399549
81.0,84.2037430977577
70.0,71.00092152107754
70.0,79.13814338306116
64.0,65.24258402260205
64.0,8.883373449346152
64.0,67.67461149010558
64.0,60.45978345892581
43.0,41.02459036524408
43.0,70.14089938852635
58.0,58.84668638985522
58.0,72.31100073036731
63.0,70.1703464611399
63.0,69.08013528137565
66.0,69.71795911308334
66.0,84.07440566177735
70.0,76.23139287126145
70.0,60.90316898139736
42.0,34.59217310158999
42.0,66.15459180553773
65.0,68.87074886450245
65.0,65.46519967583674
54.0,52.278080798789745
54.0,66.04505402978111
78.0,84.71928428072579
78.0,42.08768692268529
75.0,77.80119482021689
75.0,15.978154095621562
66.0,70.23696295603798
66.0,74.74416516615031
75.0,80.63493243631314
75.0,74.00755638507763
38.0,35.32092011364318
38.0,80.08576454063274
36.0,33.83643389160039
36.0,57.568422642982796
64.0,72.79023524525428
64.0,78.30393349614877
55.0,54.22362901101803
55.0,37.99603540462533
46.0,40.11757558879566
46.0,81.71719707147162
78.0,87.07429862604391
78.0,66.41735084341963
44.0,46.36868346531969
44.0,86.20473579606363
58.0,58.42185772286325
58.0,75.38910847121554
53.0,51.504078282756495
53.0,70.63854081020747
74.0,82.21848149509924
74.0,53.72370552525206
27.0,19.717205351463235
27.0,51.35624831265193
31.0,36.67769881520093
31.0,5.395669454291692
71.0,81.52781211829688
71.0,43.09094620098102
41.0,36.96099938870458
41.0,27.65047376650756
58.0,60.71142396899347
58.0,73.59745822789603
65.0,69.18816425907659
65.0,66.18437249494218
75.0,81.93759895174247
75.0,36.20860750461878
68.0,73.03317736332258
68.0,18.08609892503887
67.0,71.90406932605737
67.0,67.43692976835871
51.0,51.63537885161918
51.0,62.31069779706252
54.0,50.416112685537314
54.0,63.84443974476238
68.0,72.98178470225741
68.0,80.44255304689432
63.0,61.17334279937273
63.0,57.32983578620372
76.0,83.28045721590462
76.0,40.72572482657529
71.0,78.1145191174665
71.0,79.22106591076903
49.0,49.114225646981254
49.0,54.1417202798674
40.0,37.99177673838187
40.0,61.78827612600577
49.0,54.38494338397993
49.0,43.855627333404584
59.0,62.722175509051
59.0,38.86060180336949
73.0,78.97733793579692
73.0,68.74342901599385
68.0,74.19616000424844
68.0,48.08735776947026
46.0,44.29929199152633
46.0,72.19299619988118
63.0,69.02507833286018
63.0,63.43717453092586
71.0,74.59150969327027
71.0,74.33200755269485
33.0,33.80415852285233
33.0,66.6700614742013
55.0,56.07284025764068
55.0,63.61875844606169
70.0,74.83802513189369
70.0,76.94670400364117
58.0,63.975795631950746
58.0,83.59642457964276
38.0,42.58318097254039
38.0,35.48316910991389
75.0,82.07985853057289
75.0,72.81186578970755
41.0,49.313789903998384
41.0,46.70113082681138
64.0,68.05529907514295
64.0,30.055065320883273
69.0,75.98623083429356
69.0,69.28817221314381
55.0,51.598422827222805
55.0,61.66580284899743
22.0,21.564461708432816
22.0,70.85161958029033
21.0,18.443443247619314
21.0,40.06809610187207
61.0,61.08695617303982
61.0,86.60317918761427
65.0,70.87761984501714
65.0,77.5299803946167
72.0,75.06814251257862
72.0,18.245719474688087
76.0,81.61989182963055
76.0,65.77263663016845
78.0,85.121699031915
78.0,73.4119751411842
28.0,18.965973445638554
28.0,83.60478003024491
80.0,86.09115845098506
80.0,67.46431259237443
55.0,59.75519858796042
55.0,60.881187077251184
65.0,72.57357926870031
65.0,55.66316025793435
70.0,73.05979439917098
70.0,75.2416098264602
73.0,76.75462466388274
73.0,87.2989650722846
35.0,37.37499570804431
35.0,35.23307270137474
58.0,63.469895584940105
58.0,3.1379674678256606
33.0,26.871450475877566
33.0,17.93226552588567
54.0,50.372492609716346
54.0,67.9488812122533
65.0,69.99663640334376
65.0,77.20329947646985
58.0,58.01641859360484
58.0,82.33922640482467
44.0,48.17030625974559
44.0,86.25526862755913
33.0,25.787803364120634
33.0,66.77641320518694
57.0,62.11000340245192
57.0,58.36792927066733
60.0,63.98048829254071
60.0,68.61307292957616
35.0,35.31053950397978
35.0,85.93453426457143
56.0,59.06010466124633
56.0,60.44012748634634
78.0,83.39263680002216
78.0,79.69849299168857
61.0,64.9950048204451
61.0,55.00686440228236
30.0,27.252176973498308
30.0,60.29966887795365
65.0,68.24273493083336
65.0,69.75911128048637
66.0,71.45164599728741
66.0,71.31088498501805
68.0,68.84482995076371
68.0,31.726061707282213
42.0,41.03752851905449
42.0,35.92531219169405
58.0,63.449138802791424
58.0,20.91563934748308
39.0,42.05721423187509
39.0,55.574563084850354
27.0,20.643175917739825
27.0,70.54293935074702
60.0,66.95714644234778
60.0,76.34887076898656
12.0,-1.0075276840373135
12.0,79.2877133432657
56.0,57.30438839872113
56.0,74.28987787409028
38.0,36.48731259719773
38.0,71.9180376551729
51.0,52.506345686249006
51.0,58.70144985713756
74.0,78.59915096452875
74.0,64.59754566602385
56.0,58.809711030985056
56.0,79.01536898012012
46.0,48.04141896998783
46.0,70.98466897743913
26.0,22.503126666488754
26.0,67.63106659985965
41.0,42.10093593433936
41.0,71.72605951792019
44.0,44.317735261453265
44.0,64.82666522726896
45.0,51.6429433507696
45.0,63.139446435914635
70.0,75.0746560855863
70.0,81.19505007540624
22.0,11.135974673405826
22.0,73.81164438786823
65.0,71.41399228758644
65.0,65.36943117100213
68.0,72.42652056718083
68.0,68.01325297434289
60.0,63.26827946196744
60.0,78.16377289574672
70.0,75.07991426189784
70.0,57.484849404911984
73.0,80.51747788304601
73.0,68.08045420301403
18.0,13.746003557039217
18.0,76.78914639924596
72.0,77.95442752424037
72.0,82.65265689758724
64.0,68.73574965797843
64.0,18.861908523318107
40.0,40.967285336658904
40.0,78.1328654815162
66.0,68.83477810717363
66.0,65.87110728251446
63.0,68.8286628539542
63.0,55.791006342947526
50.0,54.75648510504328
50.0,74.250591750036
21.0,22.760612199189325
21.0,69.45794780396506
43.0,45.895579548244655
43.0,25.86697421469819
55.0,57.558626519780546
55.0,72.40615965666643
47.0,49.59604695896377
47.0,78.43698216285941
66.0,70.39270978524581
66.0,68.14470264765811
40.0,27.590908670763156
40.0,62.71883341929458
65.0,67.85057062117079
65.0,65.60315098627586
22.0,19.654681037392947
22.0,83.66335306974122
29.0,22.572669857430526
29.0,55.559668467148185
65.0,72.51957229494059
65.0,45.46470873220028
48.0,47.02013449462561
48.0,74.77558994793424
62.0,63.098496477606545
62.0,79.54395651071138
41.0,31.99265946108318
41.0,83.73216208499673
68.0,73.87310435746463
68.0,68.18316251514892
78.0,84.09848967069331
78.0,53.77335269541908
60.0,64.79998924328788
60.0,67.23855720286065
46.0,47.14244180316649
46.0,51.78987681021687
71.0,74.8339519283004
71.0,59.096973990063475
42.0,39.81724234950559
42.0,74.48947469632924
20.0,19.391015370922048
20.0,74.29688905135697
82.0,87.64537688271349
82.0,85.81860663303337
81.0,87.1779049195186
81.0,71.01067932337054
32.0,21.6715495208648
32.0,70.60834455044852
52.0,50.50184887705274
52.0,78.23534855479994
65.0,70.84518867945945
65.0,69.75940159894151
68.0,76.26193394704711
68.0,61.99161806249572
68.0,71.7705013708437
68.0,77.44669277287119
58.0,53.29845813095102
58.0,67.23688164191384
40.0,37.46279550209806
40.0,46.95378180015234
70.0,75.2386615684971
70.0,81.06466361944007
68.0,70.93156029732029
68.0,68.97498428564825
49.0,46.24044585929397
49.0,76.81904043608489
54.0,58.09513090495864
54.0,71.3126635793742
65.0,69.9275816757143
65.0,78.25787178021562
73.0,78.11778558183295
73.0,69.980764435298
67.0,74.37889496857997
67.0,65.93180280215893
30.0,16.751044183150043
30.0,60.6272175378013
36.0,35.96556507389516
36.0,66.75034379959573
80.0,87.04368514823045
80.0,69.80371301156237
85.0,91.99811030282001
85.0,72.52576456196158
70.0,70.02312785075083
70.0,71.29655713620963
69.0,76.17289284492176
69.0,64.17545263676345
59.0,63.30505781946073
59.0,51.88664283321708
50.0,45.8601528904108
50.0,20.57135205024474
64.0,68.18675590307299
64.0,57.90963820267956
75.0,83.64520548259776
75.0,67.23376309033034
52.0,51.70834452462378
52.0,71.87541932475472
83.0,91.25352054394108
83.0,2.4956580319964132
9.0,11.609665094052502
9.0,72.57531985079936
50.0,48.37988041057105
50.0,27.529865804927795
48.0,50.08301889437661
48.0,27.113521507000883
28.0,12.103607147610148
28.0,46.98957315985331
74.0,80.66782362419951
74.0,74.6568260281935
76.0,81.63826400790663
76.0,79.46741165234846
38.0,31.14441507987857
38.0,74.82145761690384
64.0,65.2311104739315
64.0,44.339858109933346
63.0,64.32369301870415
63.0,77.46310829301552
58.0,64.0925632687219
58.0,53.783466749296906
62.0,63.268973413766275
62.0,45.43555492972854
82.0,89.2080139813923
82.0,70.79647256501073
63.0,69.192228255016
63.0,78.21766926000248
76.0,85.17827691938686
76.0,58.20672421727909
56.0,61.24403522303027
56.0,82.48857776021993
34.0,29.728435286479055
34.0,72.01554347456471
65.0,67.70767396137614
65.0,70.44806306345981
70.0,77.69123184716449
70.0,63.67538279983063
57.0,60.77078792492051
57.0,44.56684732784663
51.0,53.20248809361243
51.0,71.16286272712966
67.0,69.00900686785303
67.0,55.795539956467564
17.0,12.291653426232642
17.0,65.91828215540568
52.0,53.571561516666804
52.0,64.8096658479476
63.0,64.53671020407671
63.0,63.538889486098185
57.0,61.02317663122943
57.0,76.24035095852906
74.0,78.72432407818883
74.0,73.59171890873506
61.0,65.36229683622577
61.0,47.16030178382175
54.0,54.82042224325659
54.0,79.1613583509154
76.0,83.33828928670636
76.0,63.26934560354641
60.0,61.398902519419494
60.0,54.05690479029482
64.0,67.98778396091268
64.0,26.579723099635885
54.0,56.403837180622645
54.0,71.94088932845477
66.0,66.94387759118104
66.0,87.2079321255415
57.0,59.04060194255396
57.0,30.31210451201622
66.0,67.32318477318273
66.0,65.64928237060423
45.0,50.56392587195609
45.0,43.11103510600401
67.0,70.51945108152654
67.0,35.396216292119675
68.0,70.3423677048022
68.0,81.82760028267091
61.0,64.20023496790662
61.0,22.491097112996897
62.0,63.025670081782835
62.0,35.68961764611754
72.0,78.7461073483392
72.0,62.59147894342868
69.0,72.38173006278964
69.0,39.123206598734896
77.0,82.14190750021817
77.0,49.97548016868268
69.0,77.72892176261053
69.0,71.82374340878056
43.0,44.020659548072786
43.0,55.06521107939557
67.0,67.1119757326714
67.0,54.602442642615586
68.0,71.62922932842997
68.0,83.30024765854785
72.0,76.03047801392597
72.0,70.52797187785222
45.0,39.27344001382977
45.0,57.492852457253605
52.0,56.43278923450907
52.0,85.82249373538087
65.0,69.48966263533737
65.0,29.92005395492515
57.0,59.881193974065695
57.0,57.686237647842916
71.0,76.31706933248131
71.0,78.90058578100678
54.0,55.30310974222084
54.0,58.572886842805474
41.0,42.880479169610965
41.0,66.8891680918669
75.0,83.67834049045092
75.0,39.75040922977581
70.0,75.16340758336275
70.0,8.427107573745957
81.0,87.31988604343104
81.0,63.29999322859379
21.0,18.811978612474206
21.0,73.4051893166922
71.0,78.01689197441596
71.0,78.26955844438629
45.0,41.79923721183974
45.0,61.02852494071959
70.0,74.20267441190248
70.0,67.08188065683913
55.0,56.556420552644056
55.0,74.93239537535442
49.0,46.37397274141682
49.0,18.31000074236846
75.0,82.9247183922094
75.0,51.30025308476809
68.0,69.38384606408817
68.0,70.12935832806511
56.0,58.693880397169494
56.0,73.91140325954012
43.0,45.334640973514865
43.0,30.247057145733947
54.0,52.315612704116575
54.0,74.3538997512963
82.0,88.63803510023848
82.0,87.4178159976791
69.0,73.07441709780034
69.0,63.79482335865208
36.0,40.91217445656088
36.0,78.78130284768764
31.0,27.339036132419892
31.0,71.83012242497466
57.0,62.063230407219976
57.0,73.3562319510549
56.0,59.24052633596682
56.0,72.6295932451306
66.0,70.49408995743806
66.0,71.03112603446402
44.0,43.00563317629246
44.0,40.35457159702412
67.0,74.68435158251032
67.0,6.544887538155024
72.0,78.8550023654729
72.0,73.66934942584572
61.0,65.37766609974011
61.0,81.8095612636892
73.0,78.94820334243911
73.0,82.41028762700972
53.0,52.26311122193749
53.0,65.87028095846244
68.0,70.19646046914602
68.0,66.88517126018911
30.0,34.628436743819634
30.0,62.76194443652673
61.0,64.98448635429571
61.0,61.64316823085244
74.0,76.85738512305392
74.0,76.42076606405567
80.0,85.66360742931846
80.0,70.04301400561985
78.0,83.89887789401564
78.0,58.74080327165615
71.0,74.9836378220196
71.0,53.689916463693635
72.0,75.5705851323122
72.0,81.19580655303218
64.0,68.29137906996863
64.0,22.14390501068783
82.0,92.01357790037105
82.0,66.3222012570705
38.0,33.79637000916853
38.0,30.32859877563527
74.0,78.05556223283634
74.0,36.98655034425508
63.0,66.35739450815942
63.0,-6.257940291047987
80.0,86.88568758762165
80.0,80.64691014084315
40.0,38.18777721904962
40.0,73.49682117324977
34.0,30.689828637515916
34.0,71.82472057497091
60.0,59.486221246775415
60.0,33.687710237700344
88.0,94.6157410175033
88.0,73.46414178974823
65.0,69.61306092455828
65.0,64.25314616297482
69.0,75.1834346939512
69.0,76.87132467114185
51.0,56.89197644429976
51.0,74.76706946468306
73.0,78.02546863153691
73.0,53.95092127526743
50.0,52.05273045685112
50.0,69.18833081214694
47.0,45.053184550293906
47.0,42.53134698700552
67.0,67.82512016853087
67.0,76.43050539396671
41.0,46.281502331207776
41.0,84.84592582521924
68.0,70.18249347367066
68.0,73.2576937540286
56.0,56.940634478563425
56.0,63.97585426619082
63.0,69.85373381928758
63.0,52.87107056019414
36.0,32.30498660704387
36.0,71.35530817669735
20.0,8.452256762549155
20.0,95.20480065167874
75.0,80.58446438670819
75.0,71.33945996061124
71.0,74.02912309007581
71.0,68.95712561235734
71.0,77.07261011902654
71.0,59.91307628271312
56.0,57.57696410517741
56.0,53.0554087576528
83.0,92.7000215331044
83.0,67.65686718184969
76.0,82.80432709697703
76.0,6.123614773787267
58.0,62.22872320002233
58.0,76.6759305147155
30.0,28.257452412419582
30.0,78.94688943287758
57.0,62.95653925338854
57.0,37.86805001489233
2.0,10.827424241724088
2.0,32.07709411315193
48.0,49.681807283894216
48.0,79.81842737873319
61.0,68.43436057742633
61.0,85.37922133708457
42.0,38.725729327410875
42.0,79.6679213087761
29.0,24.620088261064552
29.0,74.02883521861764
46.0,45.75246448383132
46.0,77.41403583681097
75.0,82.99333526483616
75.0,69.28787671487356
64.0,68.42777033147587
64.0,79.96257385873594
68.0,73.47866269928352
68.0,88.04563474199529
71.0,76.17156766706364
71.0,78.66743591275781
65.0,75.52509064612462
65.0,65.90688316037864
77.0,82.84408469120115
77.0,32.75712926498511
57.0,58.609653343752825
57.0,58.24974341724203
59.0,60.97484881661825
59.0,73.0213752883576
69.0,74.03129562115481
69.0,73.80308941685337
59.0,61.36765343323208
59.0,69.40732491301861
75.0,79.62954069077983
75.0,86.46399916689393
58.0,61.43466374943284
58.0,58.15459016943913
61.0,66.08146185999698
61.0,82.5296199701803
44.0,42.24858177694523
44.0,43.97251991243854
56.0,56.70153566322813
56.0,7.597754926543814
59.0,60.87053780711096
59.0,88.12052978424578
62.0,65.22815688459906
62.0,57.32363620284298
53.0,48.28590547790674
53.0,30.268768753352845
60.0,63.991061348604944
60.0,69.70398994160541
68.0,75.60383752276005
68.0,63.602366189430995
72.0,78.98844484567644
72.0,75.69068086993803
66.0,66.49923087988782
66.0,76.95023943229552
56.0,58.12152004565502
56.0,77.47498315888026
70.0,78.76337910728307
70.0,65.46530498582433
75.0,80.73869571353595
75.0,77.42728950650638
64.0,73.6414301371658
64.0,80.57962443243281
48.0,43.73894345521359
48.0,37.26737067572583
63.0,69.11453488411314
63.0,76.0620310272169
51.0,55.82676547265862
51.0,43.331344940101474
64.0,65.54265364370025
64.0,66.20491751623251
58.0,62.712806504708
58.0,57.76815033654748
54.0,58.57369827320389
54.0,73.75973651255038
68.0,73.91693152123241
68.0,50.606983313219416
66.0,70.86606864286449
66.0,78.06984727191514
42.0,41.22034585882909
42.0,75.60395497683169
25.0,25.246963040580397
25.0,73.33574189450906
76.0,81.9482262768459
76.0,57.228578414859726
77.0,80.21879851554138
77.0,69.08929256180312
67.0,72.0355891455705
67.0,67.38544689713905
73.0,80.51077281341122
73.0,57.98196817850112
64.0,63.397971862463805
64.0,58.3710163616949
42.0,45.18596986424882
42.0,61.96596155181925
68.0,71.69668788613853
68.0,25.196213216206843
68.0,74.57263523769046
68.0,26.115967835376352
70.0,73.19980131453866
70.0,76.69445924573694
45.0,38.54060053945511
45.0,20.44696747719155
55.0,56.88301884526601
55.0,58.926441464635275
59.0,61.924026295311705
59.0,74.72512132435759
68.0,70.7173412387379
68.0,66.09645385264491
71.0,74.35494770221368
71.0,40.83854853407331
77.0,83.38830377090846
77.0,68.19339769592654
73.0,78.59083369006208
73.0,66.16559847396388
29.0,16.656973168456375
29.0,6.7799659009361335
69.0,75.65717729341316
69.0,80.4541603337592
71.0,81.2262343096823
71.0,66.31477494957318
73.0,78.70589313597304
73.0,64.39848856554852
66.0,68.88995336382379
66.0,73.96519825346252
79.0,86.38436082019615
79.0,74.09897542021645
47.0,53.84321115299497
47.0,69.94064863267158
51.0,52.43990945601752
51.0,80.58426608010245
70.0,74.7243476140556
70.0,56.43790539121591
61.0,65.75845275085868
61.0,87.6526370255907
71.0,77.23925202006558
71.0,90.40570527986227
69.0,76.17114368397779
69.0,64.01526693743716
63.0,69.5852352003987
63.0,76.1401575484137
47.0,46.8935139919206
47.0,74.5630279029865
70.0,75.1870729597187
70.0,53.83334227333444
17.0,17.41735446968198
17.0,71.92421433149616
72.0,77.2701870960687
72.0,73.16924480402037
75.0,80.22472048175393
75.0,77.37531300182798
66.0,68.09474341694141
66.0,48.50968679835421
26.0,20.88847326003662
26.0,50.2459713054331
70.0,73.85927123463392
70.0,2.0139813547912127
79.0,86.2939921389459
79.0,77.82966446799225
28.0,25.631685712311707
28.0,57.50983822816937
74.0,76.63878496441691
74.0,43.17719110885963
60.0,63.5416318727967
60.0,36.44064398078507
53.0,51.511983403253566
53.0,51.83513984307746
80.0,88.51044286963469
80.0,60.90379065289784
58.0,58.76371693250621
58.0,65.15777024149435
55.0,56.874462876662676
55.0,81.19156462135379
44.0,40.729976286362444
44.0,70.56513888088512
67.0,73.83523831904716
67.0,74.60143203461075
73.0,78.07708276024925
73.0,76.20238390099115
65.0,68.39146082648705
65.0,55.9864229331572
64.0,69.8911266463868
64.0,80.83092041940358
34.0,39.267526023825326
34.0,67.87807251527914
57.0,61.15030630730456
57.0,61.966433051236436
72.0,73.15204768478725
72.0,79.24172918983169
61.0,63.953102603182174
61.0,85.50453380904332
67.0,72.04302510355149
67.0,31.66284011379912
47.0,49.27219942520844
47.0,73.07676938506398
33.0,28.37412705087877
33.0,78.80262764618516
69.0,69.43685979367979
69.0,95.26342668268768
37.0,37.45259355863857
37.0,38.447737532798214
78.0,83.70197479810253
78.0,31.876762832664838
15.0,12.526558007791095
15.0,49.64284434455226
42.0,42.165924383808374
42.0,33.75796634542428
78.0,85.56991667700544
78.0,73.58387850330564
50.0,46.628179967477934
50.0,73.6284975069654
66.0,68.21518536404733
66.0,36.17450243811089
59.0,63.574882752581914
59.0,47.90400067111102
32.0,27.616217442291656
32.0,20.86191629184202
71.0,72.42835198695411
71.0,65.66758525022732
22.0,9.662775784781559
22.0,71.86775539864675
75.0,81.11283509150013
75.0,70.56061528850222
62.0,67.59249715518729
62.0,74.32707787460993
60.0,65.7032182375699
60.0,66.72392173004215
75.0,80.00787778448932
75.0,57.352423545149634
72.0,78.81831380014751
72.0,74.02126389047316
57.0,62.89727293128021
57.0,58.45404993164772
62.0,67.97604912660574
62.0,56.846077664961456
41.0,35.29768327246535
41.0,66.61623865732724
71.0,72.39806220415346
71.0,73.73884543118118
75.0,81.68644505867428
75.0,76.39607024829002
74.0,79.58990060399111
74.0,70.07521423133699
50.0,53.72821114850359
50.0,84.45478180446565
67.0,75.13635579194118
67.0,74.93774710254411
67.0,72.73171101837966
67.0,70.63817500159132
75.0,78.68179013692298
75.0,65.79006910257408
48.0,52.73035907284486
48.0,68.66443859627873
58.0,58.96624235834685
58.0,70.63325965575427
9.0,14.0030878930487
9.0,24.077403141337186
63.0,70.0347065026948
63.0,59.88509566882897
69.0,74.99559634249681
69.0,83.00218745717314
7.0,2.216861025844821
7.0,76.52968176240563
35.0,32.06500200835603
35.0,88.89450647697538
52.0,53.359137609695836
52.0,81.47045317412949
62.0,68.82981883056124
62.0,50.021475286810755
47.0,52.294411593968164
47.0,71.0118770260521
24.0,5.479757543585208
24.0,71.43480916513289
78.0,84.08242551888924
78.0,58.2937995796043
54.0,58.892072856262416
54.0,65.51259994794572
79.0,87.10169330426038
79.0,86.82701144466131
66.0,68.60196427761133
66.0,44.752214632258415
73.0,79.86006791985994
73.0,49.02057140638129
74.0,81.83765255011565
74.0,60.389603644002875
64.0,69.46775146832255
64.0,68.52286959778132
45.0,45.67494269506494
45.0,19.40573435367196
73.0,78.71879699155812
73.0,36.96099938870458
58.0,60.09853100337057
58.0,69.4754685408526
71.0,74.54509402028071
71.0,81.16674736652118
76.0,80.8738383983324
76.0,58.59997976725123
82.0,92.43639346504733
82.0,71.82176720163278
76.0,81.71164106248881
76.0,63.87579492566749
20.0,11.540026150851475
20.0,27.409442123064764
71.0,77.0249945161687
71.0,36.15853654589415
19.0,8.290839154427204
19.0,70.92161856486587
37.0,37.61877651703304
37.0,63.34373805788317
57.0,64.47507162346778
57.0,73.35365993748621
65.0,69.58810123752005
65.0,90.71826919814646
87.0,94.52044018423362
87.0,47.363542283429126
82.0,87.80794098326692
82.0,72.72220822112087
75.0,80.54276723685706
75.0,68.07810619694419
43.0,44.52714073261802
43.0,80.1591258328491
62.0,65.13305245043676
62.0,43.4719067770493
71.0,75.05579514090027
71.0,59.19650836126755
72.0,76.23472904022316
72.0,70.08283988860904
70.0,76.51596066515987
70.0,53.2817229044374
67.0,69.7350502740793
67.0,67.82218171245586
38.0,32.31105404092756
38.0,77.75919465089305
53.0,59.36029088349875
53.0,59.28100441247494
46.0,39.22341452474342
46.0,32.6114182888914
60.0,60.92910526627395
60.0,25.705844771144314
75.0,80.96593405745972
75.0,75.11799493509744
52.0,50.15151600123596
52.0,56.34253542952712
46.0,44.07728298559459
46.0,59.34825788971057
54.0,59.42316818506822
54.0,38.33402797327062
56.0,55.58302935907187
56.0,56.20714282393766
62.0,68.19006606944481
62.0,76.15427739263413
79.0,84.84865967497944
79.0,50.71798440427119
53.0,54.523482929861245
53.0,57.498994547331165
14.0,16.94514706141274
14.0,54.797139285795595
72.0,77.74018859995067
72.0,46.63161462650254
59.0,59.11483908306087
59.0,62.17913347056299
48.0,51.08748964986455
48.0,76.05939743704477
72.0,75.26734287554456
72.0,73.71265825111578
65.0,68.88925911957074
65.0,63.86651582113262
48.0,44.50104767766322
48.0,68.88852057900772
78.0,84.2760554182139
78.0,80.34970469140035
56.0,64.32935944211846
56.0,69.78730294163421
72.0,79.0105318266514
72.0,52.16854968404766
57.0,55.41772789173774
57.0,73.09436493146484
64.0,68.78485129382909
64.0,62.8404715522027
61.0,63.67108490036077
61.0,76.30612470865486
63.0,61.884407361562864
63.0,78.13400988717348
42.0,42.580244512359684
42.0,82.47966405388672
53.0,53.157568093115856
53.0,71.72023013871029
54.0,52.27805315770212
54.0,39.59089551736213
63.0,67.91276000226907
63.0,33.31015968720726
68.0,67.48291906200745
68.0,73.12193789449685
35.0,41.65445982306653
35.0,79.18983940448743
64.0,65.57257849844586
64.0,67.3796616775532
39.0,38.92127174523819
39.0,72.76146004131533
16.0,14.934579079476975
16.0,51.53234124725924
64.0,68.58532946838159
64.0,81.1966325093843
64.0,70.17526309944037
64.0,66.87013058509592
64.0,69.6096929957584
64.0,80.77897225476454
55.0,57.22464498129392
55.0,66.34323315976593
48.0,51.31109833923699
48.0,73.93041634877704
64.0,65.33795330267503
64.0,76.82384216610353
62.0,67.18152592681639
62.0,67.42559575207099
62.0,60.79504008526493
62.0,47.09835472314052
73.0,78.82169856442243
73.0,73.64271366044596
69.0,71.5413753014978
69.0,61.58725327911202
69.0,71.89136082146791
69.0,69.18153984001697
74.0,80.7256671026417
74.0,40.777755789450225
71.0,76.88843354224059
71.0,66.20678560828969
60.0,65.78951829797916
60.0,36.959184568767114
65.0,67.78851151562179
65.0,70.3897906429143
75.0,84.4347953673963
75.0,57.95546964311319
37.0,40.01705297150306
37.0,67.00195087858634
74.0,78.5058747991377
74.0,15.633182328298801
61.0,62.64598387073869
61.0,74.29633000825311
53.0,47.166761859814756
53.0,58.72621053217216
66.0,71.56975865836387
66.0,50.10334352377669
56.0,59.04221066425367
56.0,76.1177416145137
66.0,72.85055404729667
66.0,69.93671947406881
66.0,73.27628100067284
66.0,73.16504800796173
57.0,62.791249739900366
57.0,58.531164589284856
52.0,54.47165418907923
52.0,80.17992224459965
62.0,65.59491535459432
62.0,46.60481346563557
11.0,7.664173429501602
11.0,80.72119845913903
77.0,82.95593167329235
77.0,47.214685044701696
60.0,64.89465249236116
60.0,62.55908836785824
66.0,72.68155281992995
66.0,86.68454770056371
69.0,73.73146182251861
69.0,70.75844959689846
66.0,70.73670995293958
66.0,64.5081696209777
64.0,69.99439592166038
64.0,73.82830992448504
58.0,63.85069967258897
58.0,43.257224761202224
85.0,94.07578274906808
85.0,71.73586630278402
36.0,33.438592273855136
36.0,51.05322223091184
69.0,71.57102905066654
69.0,85.94355488704724
20.0,10.204419541109303
20.0,82.8226529744345
39.0,38.84545194891626
39.0,81.37461804007313
74.0,82.49898384682115
74.0,0.5229625377959906
62.0,68.14082435969328
62.0,45.3806033905675
62.0,66.48305349759204
62.0,56.742507860416595
27.0,17.4783910585993
27.0,59.28036744503868
73.0,77.13323557175318
73.0,42.2853688192925
58.0,61.93217356908417
58.0,74.78518955645177
60.0,57.682777210468146
60.0,86.90190071365953
73.0,78.15753660984109
73.0,73.01900004404774
56.0,57.74710996466638
56.0,59.21501502485978
70.0,76.59651133534481
70.0,60.60946039600071
54.0,53.71245687373806
54.0,85.17068930702862
73.0,79.15586258131344
73.0,48.89644558736239
69.0,75.55710973905991
69.0,84.74131252369409
83.0,91.89930135485804
83.0,67.14069791761136
74.0,80.24346697285239
74.0,69.67237085298103
66.0,73.16875646423784
66.0,31.891118819300402
56.0,53.985492112417376
56.0,78.26707254418977
61.0,64.84956056258693
61.0,22.445100812763712
68.0,76.60961234958063
68.0,52.97460451864805
57.0,59.72346264142061
57.0,59.79192830411165
30.0,25.252705573631374
30.0,83.2607039785571
70.0,76.26750574003756
70.0,84.23874696434109
64.0,70.44804470622836
64.0,49.31076499585947
59.0,61.56486965441445
59.0,59.500444118347275
53.0,54.40017048716339
53.0,61.770811731702054
40.0,43.5211975931328
40.0,10.504539813187307
78.0,85.18132388255361
78.0,68.31824711818518
77.0,82.0692645338898
77.0,13.831293966954945
57.0,61.185728012331424
57.0,74.37724755842169
77.0,83.62974933604335
77.0,40.230100550904865
69.0,72.08505170614933
69.0,59.754579978820914
19.0,4.859498381243782
19.0,71.1304912313891
67.0,70.53956540373952
67.0,75.82404904365097
67.0,73.76304046515685
67.0,46.64242736102716
66.0,74.67200477736651
66.0,52.841298707236774
38.0,40.0333577356505
38.0,43.04246637875326
59.0,62.676535030200796
59.0,62.64606441388287
62.0,66.24045931257405
62.0,59.850383892006676
29.0,21.878832199331782
29.0,73.3307601785101
61.0,64.21894792087346
61.0,4.6040957092371855
48.0,48.775051950387535
48.0,58.45299368159078
53.0,60.30853748655653
53.0,52.41668495258244
70.0,77.2935538942429
70.0,78.61796756967891
35.0,40.80891105395688
35.0,51.266759957996896
64.0,70.46345474140122
64.0,39.27056341327835
57.0,58.20700274820001
57.0,20.16046901658791
75.0,79.34761348669275
75.0,41.7007563397666
22.0,16.590012028310355
22.0,71.48637422337919
63.0,68.19447218178522
63.0,82.794832374149
52.0,49.75529641291121
52.0,84.03204971423145
58.0,64.30208600290257
58.0,76.4117403259055
42.0,39.785154925518896
42.0,71.24682445157077
76.0,78.84153667603118
76.0,73.40114693280867
65.0,67.71945812656924
65.0,36.87295837389678
60.0,63.13736294958301
60.0,66.26401601298738
55.0,53.91554001077611
55.0,81.69416157025478
68.0,73.63824466067666
68.0,91.5974322361505
68.0,71.3388851038008
68.0,86.98175035553163
47.0,44.00462791388787
47.0,66.87401439252909
47.0,45.123468435414225
47.0,80.55425519085935
59.0,63.298767362869114
59.0,66.93183830252536
68.0,75.26008954096574
68.0,53.71931519840052
34.0,36.53611792345782
34.0,47.338135161369905
69.0,72.58912805908312
69.0,79.93753126224897
29.0,22.572669857430526
29.0,79.11568547921001
68.0,75.34502753026317
68.0,79.97534426173695
62.0,64.81566405223236
62.0,69.48396329886242
44.0,41.74594514062426
44.0,73.23843755434768
60.0,59.15551425779438
60.0,73.24371818626287
70.0,78.03161006274763
70.0,38.24866797204726
70.0,75.06308619048195
70.0,31.64916210524433
35.0,26.742442102257314
35.0,78.6986483675704
79.0,83.32296698547117
79.0,80.04704950859633
44.0,44.018576357371614
44.0,67.04495041914208
67.0,73.55658244579809
67.0,83.40674973739357
54.0,62.10820267700069
54.0,79.10279925308356
41.0,42.17224660964581
41.0,69.7998887959489
69.0,77.581632686761
69.0,78.07878492806668
77.0,84.42956210267414
77.0,77.64297816593012
71.0,79.02341291890616
71.0,82.40571088903528
27.0,24.075552119190036
27.0,77.07381789700543
77.0,85.31164777092715
77.0,67.19677590005602
50.0,52.981115920220134
50.0,53.75234851772319
72.0,77.75949795656311
72.0,35.48316910991389
74.0,78.02839099586657
74.0,81.16027741987426
67.0,71.55133119243266
67.0,79.4497688965256
34.0,24.4572323442556
34.0,50.06108003848561
52.0,51.44222486323156
52.0,71.63784065604005
74.0,81.7626555021028
74.0,57.27901455412268
67.0,70.62456231471145
67.0,76.56533824189006
41.0,43.46982215365961
41.0,76.63969888953369
79.0,86.83641895751822
79.0,48.79419516551923
76.0,86.38387556940427
76.0,70.78299577335639
57.0,56.94872286354138
57.0,70.72508275098494
67.0,70.58451382814252
67.0,21.21219097411887
25.0,6.229784834331781
25.0,61.79829779203982
75.0,82.2774058267201
75.0,79.32970717579872
74.0,80.06326744506293
74.0,60.76860394497777
46.0,44.94035389997515
46.0,55.13157186695372
32.0,29.085362610831794
32.0,35.70307612631882
68.0,70.65953054838889
68.0,50.595896062157465
29.0,17.993212191582074
29.0,70.5833934168266
74.0,79.24154255155014
74.0,66.22212415455868
70.0,73.35322529714091
70.0,59.042981925928586
65.0,69.71149410062492
65.0,85.64447495057385
49.0,41.15182679607119
49.0,32.906742012045356
50.0,56.82578094452299
50.0,61.236991270090414
63.0,69.46114817636789
63.0,69.0334346757761
49.0,57.266168398493846
49.0,72.11529930372018
48.0,43.72129088778155
48.0,85.16982559633965
58.0,62.15409033420946
58.0,50.82885970327379
74.0,79.01360058746081
74.0,57.76965487097391
79.0,84.20788888773257
79.0,68.99699313907456
67.0,68.32428576691825
67.0,85.57008035996648
58.0,61.1719870405945
58.0,83.45579396821967
78.0,84.81697573673313
78.0,82.18287902597382
60.0,63.19474757197099
60.0,74.9924407792384
69.0,74.21941091607533
69.0,70.30596736884581
22.0,19.664415747642522
22.0,66.35869629725875
74.0,79.82892066788406
74.0,74.82286006754782
42.0,45.28712096240474
42.0,61.395517663931685
49.0,49.67420592019545
49.0,79.50066334731406
49.0,53.27806148654457
49.0,55.62704714953128
74.0,78.57897760368064
74.0,46.236142151759395
35.0,23.526971736550934
35.0,67.85404665205363
70.0,73.32241782824957
70.0,64.71473579809202
66.0,70.61752745288891
66.0,43.530001550142515
39.0,44.346601107809306
39.0,70.3918792368193
58.0,65.27145819213268
58.0,44.05829835727178
24.0,15.978154095621562
24.0,29.48097674071397
75.0,83.39750226927788
75.0,86.0309148755178
69.0,75.69342128745296
69.0,76.84543795805718
72.0,78.31018884461093
72.0,48.23072183572157
49.0,45.558679422680314
49.0,34.88880839887531
71.0,73.57461106275758
71.0,80.89605443465013
68.0,74.85135896719237
68.0,46.71383130849017
76.0,83.39411412872897
76.0,39.44293784574177
49.0,48.214598076818845
49.0,65.81258168441798
46.0,44.58564929499232
46.0,43.24992022803724
28.0,27.19217645868838
28.0,59.762047914075254
60.0,57.86790919596865
60.0,51.56352059253658
45.0,46.64200947089387
45.0,72.31753448471159
37.0,29.585315673529237
37.0,75.89467077407198
35.0,32.020151474271756
35.0,26.925336404880227
68.0,70.12817835931696
68.0,57.69452388789256
71.0,74.44073558041651
71.0,80.41347672375514
51.0,55.149127494895595
51.0,66.46877427685467
64.0,64.91527362625641
64.0,39.184356919697166
67.0,73.39439367311604
67.0,68.74996300479046
43.0,39.720567479029114
43.0,28.814069177583747
67.0,69.48952714956556
67.0,50.06108003848561
66.0,68.49597541373714
66.0,48.865346073122
40.0,38.479010835917336
40.0,42.420993686694715
68.0,70.62491033466569
68.0,70.92372502494476
74.0,78.5710171400097
74.0,7.958882138326146
25.0,26.187206616462788
25.0,71.26369913963435
65.0,65.86110929140176
65.0,36.50821402721755
61.0,66.04211217806431
61.0,77.15568505587021
67.0,69.43928996883261
67.0,36.757149438119995
46.0,47.03074495153379
46.0,39.75040922977581
58.0,57.17258085607244
58.0,25.376862144087056
46.0,48.352979726148135
46.0,44.94932862284509
29.0,25.16818785454285
29.0,33.170167112435024
59.0,58.43764026457711
59.0,78.26876232908012
36.0,31.869613887068397
36.0,62.29690247691923
76.0,84.53826224366554
76.0,9.753207939415518
52.0,50.73664569951421
52.0,70.0644504284698
68.0,71.40995431906356
68.0,8.760823542563458
65.0,69.26884635408618
65.0,68.9935299057517
61.0,66.48608130942716
61.0,81.76116992601908
65.0,72.51854980593174
65.0,77.3900794202321
65.0,72.16329792185849
65.0,66.01839703847139
68.0,72.99592745168559
68.0,76.08924274294742
16.0,13.407056416938588
16.0,83.6083080572879
68.0,74.43196280124175
68.0,71.64909466743546
75.0,81.11563841849903
75.0,35.53779853177929
67.0,70.93056015958018
67.0,73.6925418078551
77.0,82.71888038959213
77.0,79.18886088284091
34.0,39.267526023825326
34.0,65.09132969861537
44.0,39.68000546366551
44.0,63.48296316453775
61.0,57.3658974500504
61.0,81.01808125391875
70.0,73.97123843925073
70.0,80.07372169019158
68.0,73.35412005253113
68.0,75.65161048918662
64.0,66.60066414528859
64.0,85.85572833734165
61.0,65.45763482446603
61.0,66.88953836093356
67.0,72.6658972953042
67.0,75.40950803571644
62.0,65.10008962314589
62.0,78.44530142987645
51.0,55.28079632480615
51.0,74.55788903208429
27.0,24.454211508759272
27.0,72.04104057455686
54.0,57.922470366753885
54.0,43.960928999437215
67.0,69.2248442128818
67.0,68.98896373881195
65.0,65.01806048981905
65.0,53.4943587357065
74.0,80.14659997391851
74.0,76.50480157687872
71.0,78.69295728899937
71.0,71.50882651790437
72.0,78.70425732001735
72.0,46.49306545259594
72.0,79.05065514228119
72.0,58.96007575212684
35.0,37.69621706282686
35.0,84.18387164687209
41.0,39.52131806816794
41.0,56.80030584312709
47.0,46.443641077365214
47.0,74.89963121007298
25.0,21.63972526135558
25.0,66.47015880091124
76.0,83.03617926616579
76.0,69.26044294675745
49.0,54.008227128542956
49.0,62.22704371427909
30.0,33.23052954249505
30.0,19.700460934343425
62.0,66.08886088008029
62.0,51.38708351929807
57.0,56.52555472009561
57.0,76.96010361721079
68.0,72.61195271339034
68.0,58.54437513767573
71.0,79.17320942738996
71.0,73.33063201750576
67.0,71.45237903253656
67.0,72.85910464068803
72.0,77.8666437852865
72.0,76.66893583146782
43.0,44.834236476304056
43.0,71.52431585380572
63.0,69.06084202477348
63.0,55.921729795370936
61.0,66.96126593005158
61.0,70.5494058950498
63.0,66.43722609101633
63.0,79.49556076825274
56.0,53.87205073487962
56.0,56.3223188383252
61.0,64.15218226433052
61.0,35.82466928341694
68.0,74.8670314037563
68.0,17.366510721441955
63.0,69.14323744943817
63.0,75.93100754572868
72.0,79.6783773945283
72.0,58.0651334193434
74.0,80.76154267002181
74.0,45.494418710006016
74.0,83.33996196393923
74.0,48.314225603852776
69.0,73.59041760105282
69.0,79.56038713709376
77.0,81.79300003537844
77.0,71.80678200116478
70.0,73.910133995418
70.0,70.02140353636105
66.0,73.30103824186654
66.0,15.786624328507742
80.0,87.17029389259187
80.0,58.536325297696806
52.0,57.05542058767122
52.0,27.996847861276024
62.0,64.75512469223952
62.0,48.79945148879028
52.0,51.64680585158703
52.0,30.719453602839394
59.0,63.02574483423285
59.0,24.471482976618006
67.0,75.04493080423049
67.0,33.788310099940645
44.0,41.74594514062426
44.0,20.022440216352493
59.0,65.92953401257893
59.0,56.19184508521437
33.0,36.06821938600939
33.0,65.22815688459906
60.0,61.25819295713666
60.0,45.79450578131275
56.0,54.803519773483515
56.0,64.66132148040964
66.0,70.12355090831608
66.0,81.21987625378893
77.0,84.85564269325039
77.0,76.79174366546499
74.0,80.22518161089346
74.0,65.16586679617279
67.0,75.17566394604779
67.0,83.91241303493405
79.0,87.58242097306896
79.0,45.34076730062742
68.0,71.68718626994053
68.0,8.883373449346152
8.0,8.883373449346152
8.0,66.31378560784015
59.0,63.70949550977565
59.0,74.4755017776551
70.0,71.4991400897224
70.0,63.013993826704166
61.0,56.954857491234804
61.0,81.7994439687829
51.0,54.821272344880924
51.0,42.31926547139727
44.0,37.939382330959916
44.0,75.59992095478344
73.0,82.43478149158062
73.0,63.935796454441856
20.0,5.549596509673279
20.0,72.28472295074727
59.0,58.17044074156564
59.0,10.781795023828295
69.0,74.57970233534348
69.0,50.75284469714569
68.0,72.84521025711382
68.0,77.64943083397048
66.0,70.70567479293499
66.0,64.60942786332765
77.0,85.41775798122904
77.0,60.666524834043514
56.0,61.45678855999506
56.0,60.41283610351326
50.0,54.11216009583404
50.0,28.890563855439552
31.0,26.544627224493354
31.0,40.93039418306836
61.0,64.72306251178821
61.0,57.63008210459117
46.0,51.21918115077966
46.0,30.719453602839394
69.0,71.61354631726664
69.0,35.3452141730325
73.0,79.29490245683826
73.0,59.11037603416321
29.0,16.992265647082206
29.0,94.35813812985936
65.0,71.0125069606114
65.0,69.23805396266977
66.0,68.28286989626423
66.0,44.7867714086982
67.0,72.43713649401701
67.0,26.70429293372348
54.0,56.37179893443624
54.0,55.81803493678393
51.0,58.07549228136037
51.0,69.06171313226503
57.0,63.70911009923623
57.0,71.60111769314534
29.0,16.211170966561838
29.0,7.121929172418561
37.0,40.283167658907075
37.0,64.06101873357795
61.0,61.57776012888752
61.0,67.9496372000205
57.0,50.40010296894053
57.0,67.81184192503014
39.0,35.3429276569272
39.0,31.533260595611523
33.0,23.568395158160286
33.0,52.203526456613474
25.0,14.883917178904824
25.0,77.08023783064056
32.0,34.135816618136175
32.0,53.21452733927043
61.0,63.65208708771081
61.0,78.22179428219408
73.0,77.9911613111417
73.0,66.95398441684813
71.0,77.78990891156838
71.0,61.35038005443528
71.0,74.08504856775585
71.0,70.28547522260487
59.0,58.77533504978322
59.0,83.20320848856579
59.0,59.756088332402896
59.0,81.12905752336422
34.0,26.97075432700302
34.0,74.64867342816768
73.0,78.50723697856864
73.0,49.183606982072604
48.0,51.29848318275259
48.0,68.49318567540115
68.0,75.95169727372507
68.0,25.76796163754159
67.0,73.03205115853092
67.0,55.444965168138026
77.0,82.48200458757657
77.0,63.85763231728777
25.0,21.63972526135558
25.0,76.3580563635881
40.0,38.898731948492866
40.0,75.29805965531006
33.0,29.58011374746792
33.0,53.137145118537035
29.0,26.41034575622018
29.0,76.61350759493081
35.0,25.20110441523127
35.0,47.05839231222615
66.0,67.13955518367044
66.0,25.7498029826927
72.0,79.42858872530962
72.0,89.59472369421843
66.0,71.83739637848367
66.0,30.444913428329926
57.0,66.0210055748505
57.0,80.20471880114701
68.0,72.3338374385201
68.0,77.21784665377095
67.0,72.83191099870328
67.0,57.2153764594085
58.0,59.55948132793981
58.0,80.072204139951
74.0,78.56699720416742
74.0,63.147578318893125
70.0,74.64240208450133
70.0,85.77536716605675
58.0,54.63989314264535
58.0,56.85924031920683
70.0,75.06484616286116
70.0,82.8310462039895
34.0,32.28530521208182
34.0,78.39198484994904
67.0,67.85054767861476
67.0,86.05382636020511
84.0,89.56055417515205
84.0,59.87083508540786
73.0,77.78113822328004
73.0,63.81527869889322
65.0,69.58678467112264
65.0,76.16995549564632
30.0,25.80166225983112
30.0,63.35399977400931
66.0,70.83318641947488
66.0,64.6274875476941
29.0,24.60702716030005
29.0,81.48597549933208
57.0,57.45065879591306
57.0,61.46145577061384
41.0,36.74806157211691
41.0,66.1581414156779
52.0,50.16072798241356
52.0,41.29333580473889
49.0,54.88621819872969
49.0,32.8799509847546
66.0,69.16998133838752
66.0,63.460769412975935
71.0,73.79312106664332
71.0,48.353889117054734
46.0,44.224070415272536
46.0,50.5777060436036
52.0,57.09929750626435
52.0,19.800370673963016
71.0,72.92573650853598
71.0,53.58768670276277
48.0,47.261871490164026
48.0,77.78744567699971
69.0,70.58118632972838
69.0,56.685987926441555
71.0,76.46025030400676
71.0,54.296913204579425
46.0,47.34253458980322
46.0,70.49271452912399
64.0,64.49922162493442
64.0,53.87680854343756
56.0,57.211401688605406
56.0,78.79459483075954
53.0,47.86536959694848
53.0,86.33380348660893
34.0,35.84115039295909
34.0,73.5391671737575
63.0,68.5946054023446
63.0,83.13775709370469
74.0,78.89514046792652
74.0,25.5305619942921
63.0,62.73204990068706
63.0,28.29073866559196
69.0,74.42713306074569
69.0,70.16859176484235
51.0,54.006030335893
51.0,51.44142157124355
50.0,51.1731885170509
50.0,69.37813786964989
42.0,40.579971349484026
42.0,70.63817478067051
70.0,70.78910824117082
70.0,80.93125319870057
45.0,40.71919707692399
45.0,32.00074593014443
59.0,64.92900002788912
59.0,60.68068466847751
53.0,56.16427365509037
53.0,75.46976434412647
72.0,77.63344222535943
72.0,58.84890346204463
70.0,76.54047614115404
70.0,65.22270573648751
68.0,74.22654119201763
68.0,32.524803093218736
62.0,65.93161699484773
62.0,72.29644602002355
49.0,52.5319738908114
49.0,35.04937040708609
52.0,51.21743576407266
52.0,51.704140234196416
58.0,64.22670423015308
58.0,70.06968216465066
70.0,74.40053279964633
70.0,70.7044551448347
59.0,60.53635457698988
59.0,57.663955333123454
74.0,78.25921174045277
74.0,77.8819639285989
63.0,68.88945107462638
63.0,25.295872661861722
43.0,44.75433699659607
43.0,70.14133204136994
47.0,53.46383404443509
47.0,64.07401899007601
73.0,75.08653375910097
73.0,65.14199652094089
67.0,65.9156479972832
67.0,42.807407669084114
70.0,73.15368212295436
70.0,74.39507724810346
79.0,86.01662931562095
79.0,69.73598227363755
69.0,74.07742164025711
69.0,66.90828937873806
85.0,92.27546739202387
85.0,81.71546661871389
77.0,84.0671291351851
77.0,54.4081434228234
56.0,58.903543518206675
56.0,28.632002670337613
44.0,41.79078245443759
44.0,67.38533241756653
76.0,82.59236794075821
76.0,60.014311484579764
53.0,56.82150484236524
53.0,78.71464522611751
68.0,73.83867553200014
68.0,52.464725859586906
34.0,30.53175011489151
34.0,74.83536440055144
66.0,69.1201985421688
66.0,30.570303716690887
59.0,56.34474618876891
59.0,53.10025286334553
54.0,52.86826469729834
54.0,72.50531167311783
64.0,70.1845951491
64.0,73.72712240782096
39.0,39.44014779004567
39.0,58.68373871980208
72.0,77.72618338301908
72.0,56.67835379369609
24.0,12.034351221526833
24.0,54.060224905461155
62.0,61.16683001706389
62.0,66.52717817591895
76.0,83.10350469209203
76.0,48.994691867888605
37.0,24.306549194762397
37.0,14.26236486148349
75.0,81.68511532712557
75.0,70.94158168650006
55.0,54.12959463634604
55.0,75.359894072298
60.0,62.063269141534875
60.0,87.33240587100215
73.0,76.3505057265076
73.0,72.22629166731036
38.0,34.71245298828023
38.0,86.48425847107842
47.0,47.173296138012404
47.0,56.9338235665885
38.0,38.68325692494574
38.0,67.11288387710357
65.0,71.17258863005344
65.0,21.82549703453003
64.0,66.96333193959754
64.0,67.78390370180182
73.0,77.169658952166
73.0,70.63121954402317
78.0,87.09767932617785
78.0,66.42369576352172
66.0,71.73447442462782
66.0,71.39394522886084
35.0,34.57425944057792
35.0,70.74720748997976
67.0,74.92665855911787
67.0,77.29188153792734
69.0,72.11894930899894
69.0,27.842135079968386
31.0,20.480303015842082
31.0,86.91174519774245
67.0,74.5726749508724
67.0,33.754427103493356
64.0,66.47389741578803
64.0,71.66623932227196
51.0,53.35398301585673
51.0,84.91473729042582
37.0,38.86349800236002
37.0,70.97596975422101
68.0,74.41712258101012
68.0,74.07912365301519
78.0,82.3330937517751
78.0,77.03192749697075
64.0,71.58533804878385
64.0,61.51871600643631
66.0,71.90882437312916
66.0,27.76882011892394
54.0,55.754157510505934
54.0,79.83381619349245
64.0,62.14399826018331
64.0,72.50124062664821
61.0,66.71125781643849
61.0,79.73898599465497
79.0,86.26607597175195
79.0,61.25882109825727
41.0,34.50252232014111
41.0,65.84454137211134
74.0,78.93249734446698
74.0,63.92052140612219
73.0,77.64650344567326
73.0,55.330661603516546
40.0,31.118256632862767
40.0,73.83367536870759
62.0,64.82784128749489
62.0,26.297456808348215
74.0,81.76651813109345
74.0,64.93427225383368
67.0,69.95375753020585
67.0,45.18293619029487
38.0,41.01144484262568
38.0,78.40735325655118
70.0,75.83173910253032
70.0,66.30726932171046
73.0,77.59949981050914
73.0,71.77434212156766
40.0,35.20862164556371
40.0,65.44591564830642
47.0,43.98343057686651
47.0,16.461007372816027
49.0,42.39284256698329
49.0,69.00272947382558
69.0,73.80790181159114
69.0,60.44348247153533
70.0,76.68039162496137
70.0,46.40821868667592
71.0,75.58290719736885
71.0,75.21451347041528
78.0,84.07764179188706
78.0,79.78559171329277
77.0,84.06022111674241
77.0,49.722897072932255
30.0,20.14370854497207
30.0,71.93195770209064
71.0,78.66787111017118
71.0,62.45523346144046
66.0,74.28031883247405
66.0,55.58634945161623
60.0,66.35851461851377
60.0,77.40150658966616
75.0,79.73517828197987
75.0,68.62097005251997
59.0,60.77170373784452
59.0,68.29668368444504
44.0,49.0081520175151
44.0,81.44530221014008
56.0,57.04570237007448
56.0,59.84810686065924
28.0,29.076554449947594
28.0,56.979307370157926
53.0,50.940744539333764
53.0,56.9660651966268
65.0,66.74749751392642
65.0,62.31996614817075
53.0,50.462301252571706
53.0,67.48487127393781
58.0,61.81681056819343
58.0,64.70738004834254
75.0,79.92772100132817
75.0,60.937043617286406
69.0,73.11152565539197
69.0,91.65575263845938
72.0,77.169658952166
72.0,74.78341168881298
75.0,80.83630199234682
75.0,72.33595941321812
47.0,43.70637712724499
47.0,79.28034998657989
24.0,12.034351221526833
24.0,67.88905050434755
74.0,78.07292682568038
74.0,79.81095178318128
74.0,80.28647256710599
74.0,2.0486575875968924
53.0,58.65599430800626
53.0,63.60419161006132
40.0,40.171438648916876
40.0,81.19121895730291
74.0,83.05226396529105
74.0,81.2773487691029
72.0,73.9261705081388
72.0,69.25413886863112
64.0,66.93786471982963
64.0,67.91408823727971
38.0,37.95331352781312
38.0,60.44764899978844
36.0,24.829697431017678
36.0,52.27901567021007
62.0,59.80533814911735
62.0,87.98396025257642
70.0,72.94063967764788
70.0,69.34097341936086
67.0,74.44458266877166
67.0,83.07434796488349
70.0,74.26834195679754
70.0,36.10934773510644
60.0,65.26067216838771
60.0,71.02914331862502
69.0,74.04994028801451
69.0,77.34920109825316
60.0,65.55217742876425
60.0,47.55336454207395
70.0,78.7059271322704
70.0,62.24266390768031
34.0,38.54047469109622
34.0,73.37129915089525
54.0,57.83369150596974
54.0,32.16260501913945
73.0,80.18764351741265
73.0,81.26943154381496
63.0,67.23152672980376
63.0,87.49212489507266
20.0,17.340332088820105
20.0,75.1413655166233
73.0,77.83701602012479
73.0,75.97879009475542
39.0,39.214234062922515
39.0,74.83622500087381
27.0,30.406949286314727
27.0,55.64451415182327
66.0,68.48363907080306
66.0,76.4359755311201
52.0,50.945727608581194
52.0,45.64043504970488
49.0,45.394422768738764
49.0,44.11461928850531
57.0,57.91507919890768
57.0,70.89788924954587
64.0,65.38269864613108
64.0,57.942890198661985
37.0,39.34600326188439
37.0,66.41593064170445
56.0,58.235455145055425
56.0,80.41228460777921
36.0,40.08118358207423
36.0,25.248530690187238
43.0,40.413548496618716
43.0,76.78242463730362
43.0,42.404336411641
43.0,14.038116809828125
69.0,70.25004798029863
69.0,32.71671438463005
74.0,82.65753814050981
74.0,62.807057203275804
66.0,71.4584209978355
66.0,69.68649819090342
60.0,65.5821358970893
60.0,83.36968804005687
40.0,38.39692104853543
40.0,58.01043263794196
79.0,87.41289277067614
79.0,77.16092572690019
31.0,22.97680032148321
31.0,82.97563799017922
52.0,48.7070919173384
52.0,75.92508893189529
73.0,79.80463946757669
73.0,66.7994251744089
78.0,84.18964191893957
78.0,70.66174619858094
55.0,57.48399720083512
55.0,63.18742817273568
66.0,71.45604897481928
66.0,78.4585051924173
64.0,66.63079890500853
64.0,78.08592903149616
54.0,53.71599913708036
54.0,63.23426626881138
78.0,85.73310564488884
78.0,88.37053934653267
59.0,60.74514469486974
59.0,73.49051007454295
56.0,56.829747581371464
56.0,81.79989438746833
67.0,71.50790199447681
67.0,36.20650361582301
72.0,79.12194895378263
72.0,80.20471880114701
54.0,56.22957754289439
54.0,47.32763928110961
69.0,76.8035774423401
69.0,79.267647635309
56.0,58.02920273901685
56.0,65.81881251090459
56.0,58.20945053172841
56.0,58.968538205895584
39.0,40.52893507225599
39.0,65.79998858325445
61.0,67.15297347453338
61.0,70.72217328164157
80.0,85.7500152603111
80.0,69.31845730734602
49.0,47.499688348245456
49.0,70.91668057376125
65.0,72.09613909765397
65.0,75.26508990427749
66.0,69.82153481177471
66.0,54.457750412824055
60.0,59.448748393959875
60.0,44.54686487165145
51.0,46.46230140795427
51.0,67.89191167899565
53.0,53.31618677860939
53.0,37.947063654912654
71.0,75.7193292127871
71.0,86.97676549974835
24.0,27.33422799850871
24.0,64.6036531486389
27.0,19.553029511650664
27.0,52.006746807215336
35.0,30.779568032969678
35.0,19.068214854788152
53.0,52.375151781292686
53.0,37.5658037184437
11.0,10.725673298541778
11.0,80.35876081212382
71.0,74.73049579428164
71.0,58.66832218654645
57.0,58.87294492901134
57.0,28.22755578306146
72.0,77.7977439354334
72.0,66.23187779604285
68.0,75.49466642957697
68.0,68.36839721327851
73.0,76.75739560611134
73.0,58.260487620197864
71.0,78.65807927300432
71.0,25.67542309015363
65.0,71.27881333421112
65.0,62.61631456547633
65.0,66.99718230235777
65.0,63.145332739813625
66.0,69.5544375889288
66.0,61.82397769928838
47.0,42.89035017381485
47.0,85.23138906075184
78.0,82.11786416852044
78.0,75.48212400240874
73.0,79.4680851485349
73.0,11.616226838827004
74.0,80.91001308388064
74.0,21.892336797304495
56.0,62.28525477291987
56.0,75.93697342353369
63.0,68.33824977969857
63.0,59.51118473502794
64.0,65.24303375521333
64.0,49.08791226015012
47.0,51.48447629175257
47.0,54.285644658232286
28.0,27.426794961429607
28.0,30.486496752629023
31.0,31.973291557238838
31.0,62.99453479802099
59.0,60.600994243161495
59.0,14.0266953346038
72.0,77.01743234324283
72.0,86.95521936468634
73.0,76.41971478128244
73.0,71.01890780192718
54.0,51.82840286327803
54.0,45.026921906385496
68.0,72.41521930606945
68.0,54.46267138359235
47.0,50.27783224894017
47.0,63.15440707862166
49.0,51.32172261404338
49.0,76.35430388729327
68.0,74.99422107133512
68.0,53.19180546112119
66.0,70.93259475964152
66.0,66.2190107371182
15.0,12.526558007791095
15.0,85.98068492668887
76.0,82.60324922485677
76.0,42.91278124650648
42.0,40.40695573279197
42.0,73.21673158630904
57.0,55.17270735021765
57.0,62.86444540477743
43.0,47.693738316583506
43.0,75.71925163822442
50.0,52.53845746394319
50.0,48.183376666204765
70.0,77.40418336932038
70.0,83.38463677208819
63.0,65.20876159460647
63.0,65.41669224186393
69.0,71.94653127645029
69.0,57.553455476603176
68.0,72.7124651808893
68.0,42.43457135350684
79.0,82.81001924111337
79.0,54.711170529784795
29.0,33.080764358610224
29.0,87.13636318495321
58.0,61.38475397562138
58.0,78.962433344403
52.0,57.189269367022234
52.0,56.225125361268056
34.0,31.035097788124176
34.0,70.11594543450514
70.0,76.43526969779543
70.0,81.42094499672345
54.0,57.70231435803453
54.0,85.04670432923223
62.0,60.179209367740555
62.0,75.62179655868772
55.0,55.84201469396362
55.0,78.95596415337519
55.0,56.7179372525253
55.0,37.601368726250314
67.0,72.70054567283745
67.0,46.440968745838404
67.0,72.93239295170088
67.0,84.12261044530078
71.0,77.3895781045822
71.0,48.48263406152796
63.0,69.8468939131327
63.0,65.82149324453826
54.0,51.161428452486746
54.0,15.828454747325338
58.0,63.28830331855107
58.0,66.99344350372763
66.0,66.99137047210615
66.0,53.2965818274659
27.0,16.77832193275043
27.0,62.11109445704676
61.0,61.22785414429717
61.0,80.49652674286972
64.0,65.01853413387471
64.0,69.90645725245008
42.0,39.80208955472773
42.0,48.86741962923958
68.0,72.07887424272701
68.0,47.26012849969078
23.0,21.092364562712362
23.0,48.617950137517425
69.0,77.76333319470064
69.0,51.336353991224314
71.0,77.77380427828456
71.0,78.14235812694187
62.0,63.95761799533625
62.0,72.09849367843839
63.0,67.5305602758877
63.0,45.44771378250783
46.0,51.16706044396477
46.0,66.08878170798658
55.0,55.14046190417832
55.0,82.90881768916688
57.0,60.79935567947115
57.0,42.36010892947172
68.0,72.75843264062206
68.0,77.19504628711826
60.0,64.06420275141647
60.0,74.7741246411278
64.0,67.36465508829338
64.0,43.960928999437215
54.0,55.76237260859949
54.0,14.208766775822028
51.0,48.60644772748674
51.0,70.79636143308772
72.0,76.65898306274596
72.0,55.63133551867793
36.0,34.75009812361037
36.0,72.89639249136502
20.0,13.773128531477994
20.0,67.04277722697617
32.0,32.677629318201525
32.0,76.35315950636277
65.0,70.52751044651126
65.0,32.280852757698995
75.0,80.77376359852929
75.0,81.70404084062744
61.0,64.14929083477483
61.0,92.46274230008197
28.0,24.62150380809976
28.0,62.39844362241854
62.0,64.15994850953012
62.0,59.41161448862334
69.0,74.98460401083014
69.0,76.79870849844468
51.0,45.688529966692954
51.0,82.83846190151888
51.0,50.33116611782788
51.0,77.29443597320682
68.0,72.6374718031824
68.0,81.50171556276825
69.0,77.32795837662786
69.0,71.02261652333073
68.0,74.93054966701311
68.0,58.36314574310984
45.0,52.412021929063485
45.0,80.70940452193696
75.0,78.8877483147815
75.0,31.671198872752598
60.0,62.719978293897555
60.0,79.90089714443388
66.0,72.24338217434115
66.0,71.6826075555399
69.0,74.97815947392127
69.0,46.37689043027683
32.0,30.11603124068762
32.0,37.665517763609216
70.0,73.9602813933327
70.0,64.57740833808424
67.0,70.55936542296058
67.0,74.1441746106301
42.0,35.01186045448759
42.0,48.88520057465905
67.0,69.08779140597369
67.0,61.32390450621767
85.0,89.77844725754585
85.0,73.87827037416577
79.0,87.60274525877196
79.0,68.0871642992127
45.0,46.098095252797066
45.0,85.36959320736344
66.0,69.7787483632369
66.0,55.55503444251519
66.0,70.96570349062091
66.0,5.680661971676102
53.0,49.280663709668886
53.0,52.04555613621153
69.0,76.61437543081962
69.0,88.05680126758898
77.0,80.71311238390399
77.0,63.571732419614705
45.0,45.81604056481336
45.0,53.35484577405123
75.0,79.06423636480645
75.0,16.789916707985185
20.0,24.11623261857727
20.0,87.31362410870776
61.0,63.953102603182174
61.0,75.20461928986919
65.0,69.28739913601964
65.0,59.85349895952112
72.0,79.79250039428734
72.0,45.89734236129328
43.0,41.679014808799366
43.0,71.80505319604333
57.0,61.44962554053268
57.0,41.438931755382725
64.0,64.67462371788383
64.0,74.88648481708248
83.0,92.16859918505281
83.0,78.6986483675704
76.0,84.68792994207013
76.0,32.2697946568627
48.0,42.947426158429835
48.0,65.54560966027691
33.0,27.519862864268703
33.0,71.39151165449488
37.0,32.580778042079714
37.0,74.91392099013802
65.0,64.35963631580182
65.0,86.65192601048454
41.0,41.51866583490482
41.0,55.98966906212331
47.0,45.01297413822539
47.0,70.32919749667053
34.0,26.67985741265761
34.0,61.986354488079144
72.0,78.48309923502717
72.0,41.438931755382725
72.0,76.26280953067038
72.0,79.29289931301514
79.0,84.79891989926557
79.0,42.250171875227636
63.0,62.72950495663832
63.0,57.933950908507995
65.0,68.38967576608974
65.0,79.16567323238615
46.0,40.19159435658031
46.0,57.45419960366701
57.0,60.382391211838865
57.0,74.26108004901647
52.0,47.497714055841186
52.0,91.72579178574534
70.0,73.92665450102078
70.0,41.45691845263076
72.0,79.03718915793411
72.0,74.40547548672515
71.0,77.7493534744928
71.0,73.45156397048703
74.0,81.96596417471221
74.0,70.28899777879138
75.0,80.46066201356683
75.0,44.30940709744874
74.0,78.47854806441177
74.0,68.68324839259958
55.0,62.06414058488508
55.0,12.10356483751059
56.0,52.596092359558554
56.0,78.4552438987941
59.0,59.541868890387605
59.0,44.27861442583537
63.0,67.37305643034273
63.0,61.68982603626665
52.0,53.14514461105256
52.0,74.14715085810178
59.0,61.81432499257829
59.0,67.03484859765348
15.0,3.718871510346503
15.0,46.37307517251395
66.0,73.06234055385926
66.0,24.210936822019676
37.0,37.72056225595992
37.0,17.336022122930956
65.0,72.39234498127757
65.0,74.06918409528203
39.0,38.157058397933724
39.0,77.9025249723237
59.0,66.19946516018558
59.0,64.33562690169856
41.0,42.61641673110415
41.0,73.60238711395283
69.0,73.47053210672658
69.0,54.17895138008532
22.0,5.549596509673279
22.0,60.47214195553431
66.0,72.00746947704249
66.0,79.70084544378096
50.0,50.1762675723196
50.0,76.89942085131958
52.0,52.76496072260801
52.0,59.38594922042466
65.0,73.59559582187961
65.0,50.53148921815034
41.0,36.830997455838656
41.0,61.09385477399729
73.0,79.41599286456102
73.0,68.51048945267735
71.0,73.48128027914709
71.0,68.85180808124346
76.0,82.60270730262113
76.0,52.1211560103398
69.0,71.46624262717046
69.0,59.77432695013442
62.0,64.16368895260501
62.0,28.66470701117538
76.0,84.03667749130841
76.0,88.52498138448345
55.0,54.553444315939885
55.0,69.1387861165316
71.0,78.49604285717436
71.0,58.74657930832876
62.0,65.5865664828338
62.0,74.14613769946573
75.0,82.44854671842455
75.0,81.97021123376413
71.0,76.4163143357917
71.0,47.11848584134714
37.0,33.41409195344738
37.0,68.68383936981985
66.0,72.3192663857073
66.0,25.169666214583287
54.0,59.05197447644565
54.0,72.18512714798032
68.0,75.2647709795142
68.0,50.7337271456916
53.0,59.096365114611956
53.0,54.91105835758759
63.0,67.46872928721393
63.0,85.56351684045791
74.0,78.10937189945815
74.0,76.51171099778969
71.0,78.95580656528085
71.0,77.18183308753328
50.0,46.17049641074345
50.0,59.2979596573133
64.0,64.62067444278347
64.0,75.70411268105988
65.0,68.0070600405337
65.0,62.03428337642646
69.0,71.57544788219832
69.0,80.8759395842556
72.0,76.9574476987595
72.0,63.571110247188244
65.0,65.7516102782916
65.0,18.16012869695578
1.0,-6.699850046371296
1.0,61.34636592918281
80.0,88.43825692052172
80.0,70.94396660447507
48.0,49.60471097409936
48.0,73.2752941432077
75.0,81.53774418669411
75.0,71.64591113542218
72.0,79.50713751918539
72.0,72.63209494283439
43.0,51.024931303474546
43.0,77.90973921426917
63.0,67.8950177238242
63.0,46.894587160710216
22.0,11.89731421566671
22.0,81.60117815282587
81.0,87.34990385374363
81.0,64.44060369895902
78.0,83.18600685553838
78.0,71.46809997809856
70.0,72.46889199185279
70.0,41.05639786747736
72.0,81.2081645101328
72.0,61.38765369093994
62.0,64.11117359607721
62.0,17.402955141850896
46.0,43.28775009232157
46.0,69.53312877826698
60.0,64.76430505650592
60.0,73.46370727787854
79.0,86.79253245493351
79.0,80.17784990037944
57.0,55.18747462538454
57.0,52.729287947371915
62.0,64.09839640453458
62.0,60.37360573613961
52.0,52.57612931897734
52.0,61.69328041471698
56.0,61.47526427513196
56.0,79.0490286840332
61.0,63.407098519603835
61.0,66.08329508290478
22.0,20.2592624729985
22.0,63.361601576285466
83.0,88.94083006272922
83.0,20.185421600532152
59.0,60.08308652305681
59.0,73.05402164114105
77.0,83.89904405921732
77.0,52.68937566411239
65.0,68.44394202334456
65.0,20.853899843847955
57.0,63.29923638942512
57.0,75.37072169625566
72.0,78.41116979265564
72.0,22.99530239371967
43.0,47.60674476302603
43.0,45.22676583403336
81.0,87.67360904715855
81.0,88.04071501821267
71.0,76.59821324894097
71.0,43.82656984897034
49.0,52.77625174220657
49.0,16.048669731873645
35.0,34.83742742262734
35.0,78.46870331479067
20.0,21.564461708432816
20.0,62.52986054753359
61.0,67.42960412676695
61.0,79.4961006017981
50.0,46.794144976133566
50.0,64.33478255957095
63.0,69.35626450890322
63.0,68.68103965843716
37.0,31.772544575749635
37.0,60.18754418984071
21.0,26.17815174796891
21.0,56.94327816469496
71.0,76.82091879586949
71.0,65.04816436224729
50.0,51.37181669127688
50.0,75.60936521171095
42.0,36.23902412038751
42.0,67.84891153654866
73.0,80.02592148309878
73.0,84.40767948012501
44.0,42.6180690939741
44.0,65.13933097048715
80.0,89.05081305062043
80.0,84.25601308115796
70.0,74.4395511728593
70.0,78.89834910657754
68.0,74.30263263031907
68.0,47.816256694284505
46.0,50.8628495788202
46.0,71.1106471649465
52.0,51.733258273826095
52.0,32.956223561265745
67.0,69.02302790486704
67.0,64.37707562642657
35.0,35.23829577378848
35.0,53.49618431096491
79.0,83.96900585659472
79.0,23.917770515356324
39.0,41.12119955424453
39.0,48.631638337021116
77.0,81.89405039342313
77.0,76.26782843312355
68.0,75.32831173882579
68.0,75.97434210512421
48.0,50.38425057100642
48.0,70.75277009938333
27.0,17.91691817198881
27.0,46.78230183721456
64.0,65.31530774101253
64.0,59.66970677112431
69.0,70.56164115484239
69.0,41.00856219155139
73.0,79.55291213642596
73.0,44.127141938531906
71.0,77.692674264098
71.0,57.248128051304604
25.0,7.998658566163499
25.0,50.742731009872614
62.0,64.97581797768618
62.0,72.25949505061044
75.0,80.44219496825986
75.0,78.85063060033161
73.0,74.62645321780252
73.0,78.28484358184312
59.0,59.39420786890514
59.0,37.035707266242184
65.0,67.44242254946244
65.0,72.01272104874096
65.0,68.63858390280478
65.0,36.135424055673354
72.0,80.72434484035591
72.0,25.933914874285563
48.0,51.78345053688787
48.0,21.745724826476305
73.0,77.81520868961644
73.0,78.30993834888034
44.0,46.281169754409234
44.0,60.24788543990633
46.0,46.255369710850175
46.0,68.46393138487645
62.0,66.08725644977619
62.0,67.29668982807601
27.0,23.536142674741996
27.0,75.85504864262674
74.0,80.18842578635326
74.0,65.88336641889924
57.0,61.31887892392592
57.0,59.5260380080266
42.0,41.67828495215787
42.0,59.365053579365394
48.0,50.977494061960726
48.0,79.59967421058451
71.0,73.0346133649175
71.0,49.2248662396089
75.0,82.49267316006745
75.0,24.00761259260895
70.0,75.63179251135512
70.0,94.3073934255093
61.0,61.85197760864992
61.0,85.44026820754232
71.0,75.26328975695066
71.0,43.655146779520464
81.0,88.10720674507144
81.0,78.8868108072258
69.0,71.63974020184122
69.0,62.77356763643172
76.0,85.11569246646718
76.0,74.24687574039768
72.0,80.95823126161866
72.0,57.849889802874316
70.0,74.87841127879415
70.0,74.45313541231877
67.0,71.14216119017954
67.0,70.35216552334276
62.0,64.97581797768618
62.0,53.218302831322944
54.0,52.440211289075194
54.0,43.95658722509978
49.0,51.55976708152076
49.0,60.19066095086572
74.0,77.12790744036187
74.0,57.164600006799674
74.0,80.47576686286016
74.0,75.63064200709698
43.0,39.1254809831824
43.0,72.12143129025634
60.0,64.99689929012459
60.0,66.51113943708822
63.0,64.03145963005312
63.0,15.497811712750945
60.0,59.26183481914006
60.0,68.19385528572707
57.0,59.153229451968855
57.0,73.9400998243492
72.0,79.13098835605052
72.0,52.67898882506108
67.0,72.68244629141776
67.0,61.52986735140479
46.0,48.04666411611419
46.0,45.81604056481336
55.0,46.61088769064804
55.0,47.89357229286338
53.0,58.60269781269676
53.0,70.85233558829816
61.0,60.79961135525775
61.0,73.67934237478107
67.0,76.77137738940502
67.0,74.13766483867431
79.0,85.59122442416299
79.0,75.62917490914924
37.0,32.7606420023119
37.0,53.91250527377741
78.0,83.29218557145845
78.0,63.10568649108228
68.0,73.35840766542731
68.0,86.35351345312421
70.0,79.65614791769269
70.0,69.45458672893636
77.0,82.76789643014433
77.0,75.88345633565552
61.0,63.84500041192854
61.0,77.90367993669037
49.0,49.95017305313877
49.0,77.68014375384479
24.0,9.011845320465454
24.0,74.47467071181399
61.0,64.21354945179968
61.0,83.48134341654509
66.0,70.16562707886555
66.0,75.2299757602737
69.0,74.57094812265365
69.0,57.494948389254944
40.0,44.39688172174135
40.0,62.78415223278785
65.0,68.04558547258625
65.0,80.72119845913903
61.0,62.097017862119
61.0,51.597198232728886
76.0,82.11723191489779
76.0,53.19851787167181
44.0,49.3240976060531
44.0,81.2299602777482
74.0,82.8129133886847
74.0,58.18941645421859
72.0,77.40294538854226
72.0,83.52334143957154
57.0,55.893367065897735
57.0,67.9279613825866
50.0,52.66330841604815
50.0,73.042020652146
69.0,73.39161425838415
69.0,70.49318777953829
76.0,81.17830437845504
76.0,86.33561861726201
23.0,26.448830763358842
23.0,78.50374148015197
78.0,83.83151493145175
78.0,72.9644452840376
66.0,75.14992264322268
66.0,66.43536404310237
61.0,63.911370496944414
61.0,59.56688143616856
54.0,59.092461677926224
54.0,73.0418900952568
52.0,53.85917516618355
52.0,73.74003649421252
58.0,62.87781553496984
58.0,75.3372240573633
62.0,66.3200023491126
62.0,66.222826012837
53.0,51.45636306362195
53.0,89.02826620053435
73.0,80.01167773808402
73.0,77.2588937019442
64.0,66.90913863809067
64.0,66.46546831560545
51.0,55.190073146543284
51.0,48.16832678901295
68.0,72.80247565126069
68.0,62.43720220988121
72.0,77.07997209573955
72.0,53.63295056628709
69.0,72.46461074929425
69.0,68.5548513705283
68.0,72.71216354639665
68.0,66.4207458617114
64.0,66.92814470050831
64.0,80.06213483738367
75.0,84.77472427960947
75.0,69.84015917672792
43.0,41.562839984766526
43.0,41.00856219155139
71.0,78.65906629903816
71.0,18.074502208230285
62.0,58.939434371152515
62.0,78.87380643636538
74.0,80.34970469140035
74.0,64.10906879398652
71.0,77.2345723434608
71.0,83.03093744614523
40.0,36.581459698934964
40.0,73.55830098631856
58.0,60.77715069280168
58.0,46.904122251702745
65.0,71.58425518514923
65.0,67.35116533708805
54.0,55.66849832572075
54.0,61.46025714749567
51.0,47.032710243385054
51.0,24.62150380809976
67.0,70.70066322844315
67.0,67.59502451171886
83.0,91.34615666895832
83.0,79.88976198030429
66.0,71.31133968924672
66.0,77.6384317222018
81.0,88.60725941765071
81.0,82.23084409190523
69.0,76.09327856602232
69.0,48.962783802782894
51.0,51.147566951255214
51.0,75.4743270439842
70.0,75.27287137266347
70.0,63.51930618677562
65.0,65.97935490940449
65.0,55.10461072903672
72.0,80.98446116974031
72.0,65.70855065577348
75.0,80.39880758598377
75.0,22.22369708206577
72.0,76.2923986285225
72.0,35.57446687090146
59.0,60.733955235651024
59.0,71.44129454699811
29.0,33.080764358610224
29.0,75.11167517351481
74.0,76.30662034138231
74.0,31.179847606446913
65.0,67.78532504598428
65.0,74.77016063521012
54.0,57.07706496207936
54.0,78.31409216276029
21.0,21.63972526135558
21.0,73.60716720271307
76.0,83.51139659766784
76.0,83.4760320846379
74.0,79.42343874660992
74.0,70.7564264672169
66.0,71.22909948775907
66.0,43.85390233845442
55.0,58.78477474906185
55.0,40.81377996080539
63.0,66.26847434655957
63.0,71.4524822395731
73.0,79.46113276594531
73.0,40.5469303861301
75.0,82.24613189799896
75.0,16.470021200326528
67.0,69.23129158035317
67.0,75.46567050284801
52.0,53.6362971005874
52.0,60.54521719877948
71.0,76.58010099063813
71.0,32.53889854295511
69.0,74.92126634352348
69.0,48.788478394212405
69.0,70.18902229152548
69.0,25.345987684762292
61.0,60.87535955605796
61.0,35.787579618610664
59.0,65.02234377323543
59.0,76.75823419603267
50.0,46.433980490844476
50.0,70.1446298792772
72.0,78.34998231928415
72.0,75.77087442125946
61.0,63.61875576373734
61.0,56.650440921487814
66.0,68.74509846955817
66.0,41.394016420216985
70.0,75.15501202855364
70.0,69.68349858199815
46.0,46.185039185350035
46.0,64.29665951713588
64.0,67.07989309119563
64.0,74.86340983014276
64.0,66.05274664178665
64.0,22.082263806831747
75.0,81.63256060450362
75.0,69.48499923212717
62.0,62.1065092207121
62.0,78.74573786067765
46.0,44.136170675029916
46.0,73.49796835944392
69.0,74.36634041123199
69.0,75.28655309463545
63.0,63.50439467745758
63.0,89.44381667133581
71.0,76.93652984100163
71.0,63.60989605393354
38.0,37.05682058510058
38.0,57.2153764594085
73.0,79.86284434538612
73.0,36.32592343820892
63.0,70.92042137560418
63.0,56.3435536118958
78.0,86.99621774142014
78.0,34.096961395579854
40.0,43.665958138827364
40.0,73.69441633850704
55.0,53.32316874917643
55.0,13.831293966954945
59.0,63.36865481387963
59.0,28.7355600657977
35.0,28.62472424214002
35.0,62.57682369193407
72.0,78.80622879088634
72.0,62.02178912114812
67.0,74.53122962536924
67.0,82.49663358286358
75.0,81.70895867414401
75.0,62.644874296120236
53.0,48.894361731518075
53.0,66.14671611379316
72.0,76.98194103188683
72.0,83.97812176446018
66.0,72.0699440498829
66.0,60.83967849682239
46.0,39.072478917641035
46.0,67.42275296588718
72.0,76.97718874975311
72.0,24.583100664975007
65.0,69.99173968826977
65.0,30.184953506530576
42.0,42.41351779435365
42.0,36.66815515457091
64.0,68.97091579942429
64.0,73.3398972737512
25.0,18.40480697898954
25.0,40.02275146919351
70.0,74.12623022141844
70.0,63.99665293370492
72.0,77.07121095359219
72.0,62.754454389374075
65.0,68.71855825792488
65.0,62.39723089847212
77.0,81.63934861836645
77.0,74.04272257524514
73.0,79.48307053553583
73.0,82.51730385459291
73.0,76.32454862478488
73.0,35.97472847958204
51.0,52.27213199909215
51.0,26.78682410226844
74.0,79.73204728816364
74.0,49.960378072201706
53.0,57.82142604186106
53.0,70.4388936616009
71.0,75.62546229368832
71.0,90.74727027907272
71.0,78.76504547413151
71.0,33.06875630927965
71.0,71.72103101047708
71.0,74.30587499693655
68.0,75.67714286133173
68.0,58.21868066665138
40.0,35.99694668626108
40.0,73.49207765037033
59.0,58.43752988669905
59.0,82.96091927266576
76.0,82.83890641126897
76.0,75.19522488781541
73.0,79.37157824617634
73.0,5.395669454291692
69.0,72.00759308473278
69.0,78.2775236352698
52.0,51.21688058596419
52.0,73.63053962320782
79.0,86.88974979477535
79.0,28.843582747140317
77.0,82.95003394903199
77.0,63.87759475679508
71.0,74.1753267454319
71.0,62.81894051794029
36.0,30.0237466876751
36.0,33.186187682976254
39.0,43.84182553235968
39.0,39.042776049143356
26.0,21.14325952326857
26.0,81.9370877944599
69.0,74.1383115605243
69.0,72.85229114547536
58.0,60.908320777443976
58.0,59.80387252842803
52.0,54.89030627465996
52.0,32.69667093649423
71.0,77.94094256374552
71.0,74.62768719387373
33.0,25.26519530724414
33.0,79.7279586436216
64.0,67.23955032945088
64.0,30.734769323363537
85.0,93.1287214624536
85.0,84.09303200919294
47.0,52.06996735302454
47.0,41.656828462165834
68.0,70.8728315520791
68.0,77.4686933518023
66.0,71.22715632337491
66.0,43.30675740399528
65.0,65.53282771366747
65.0,75.73041730035953
7.0,8.596344584250176
7.0,45.0268137884392
46.0,47.09155582037579
46.0,85.23752989735686
25.0,18.614642041460115
25.0,75.45728276586453
49.0,53.920611153770324
49.0,-3.706448705800483
69.0,74.71359489141298
69.0,48.593390300344254
69.0,75.22001686317071
69.0,82.44260588018369
72.0,79.0240755068557
72.0,49.447159853625635
45.0,47.22871558885424
45.0,65.13663301809413
62.0,62.154619306523614
62.0,35.518146231193725
64.0,66.39446919968395
64.0,71.05990641116892
76.0,83.87669622101669
76.0,69.34936518598653
67.0,73.77090402040187
67.0,46.30811267204251
71.0,72.94814456522329
71.0,63.431717478979465
40.0,37.940638397499185
40.0,80.85619395007603
63.0,64.33549661088517
63.0,84.19114419520389
71.0,76.96463283599593
71.0,65.77724647116105
79.0,85.62681685626399
79.0,72.53729726248565
42.0,42.74826888465907
42.0,64.27901934333659
65.0,70.79634814491186
65.0,77.82627569786831
53.0,52.435924783444534
53.0,63.02217293984637
36.0,29.49453971329723
36.0,82.8841078432115
44.0,43.63927369132739
44.0,70.58460706309734
49.0,53.87756313582315
49.0,59.14398739624926
73.0,81.68765868963408
73.0,59.48167130300328
59.0,62.71629018580785
59.0,65.73687859510295
38.0,35.43057094079296
38.0,69.39197757589739
23.0,21.092364562712362
23.0,78.62432395797128
80.0,86.41847391038732
80.0,62.118325499252705
49.0,55.32087927827996
49.0,67.66203606352946
57.0,60.68903779227077
57.0,64.78857171909414
72.0,77.32754498876034
72.0,73.23926125245612
43.0,36.112532448241325
43.0,30.195978944177398
57.0,60.093116977283444
57.0,82.07704567324083
73.0,79.75906869699571
73.0,80.09819697207132
52.0,52.585866951253706
52.0,43.421858561437205
25.0,30.035656741771447
25.0,71.55741407134951
60.0,63.3770376005416
60.0,63.33751125527152
66.0,71.36071769273508
66.0,74.21665806454791
69.0,73.24354843748893
69.0,3.9691313627311615
31.0,24.73846854509719
31.0,48.55887856796875
53.0,50.59579278344921
53.0,35.05104442438403
60.0,65.36535181422892
60.0,67.84478562619518
81.0,86.83066349806927
81.0,71.25580593886838
80.0,86.90582313738702
80.0,70.83615037287854
62.0,66.88985638366938
62.0,71.10228168178338
52.0,49.04179308513295
52.0,65.74000966248218
43.0,40.72821251807784
43.0,28.493243551073192
53.0,53.377617746560645
53.0,69.23359488340986
27.0,21.415536378798038
27.0,55.313330621040734
52.0,50.16355177411418
52.0,81.0078294204435
19.0,6.757309775429178
19.0,86.71111367402597
71.0,78.02643490558529
71.0,52.89724585138498
73.0,75.61317012422165
73.0,71.20821866176368
57.0,56.8126539496526
57.0,68.26774296171982
28.0,25.429732199056218
28.0,82.66332491611149
73.0,80.73239839892403
73.0,68.32230223703453
42.0,36.20330110860522
42.0,65.5594643358553
60.0,59.28036744503868
60.0,71.90823615397773
73.0,80.44705438910387
73.0,64.45074473321927
67.0,69.38459568424031
67.0,73.2674116549349
33.0,34.29589298257821
33.0,58.296930373532405
49.0,47.70000085028056
49.0,62.30557008869039
55.0,59.52502460788082
55.0,70.17766688708912
23.0,21.041372237924236
23.0,91.9801111254045
74.0,77.23997417836523
74.0,26.009419921127687
56.0,59.63295463049923
56.0,65.35246628918298
36.0,37.630667457444474
36.0,92.31839321030134
46.0,56.60974005995877
46.0,77.63090697290033
56.0,58.489231632182566
56.0,26.640434130407073
35.0,27.030007630941384
35.0,79.10096199123046
53.0,54.14281231600455
53.0,56.33550679258411
69.0,73.40471927451227
69.0,76.9022169148862
82.0,90.15405475431265
82.0,37.216849755955195
59.0,58.92882970014483
59.0,44.1299612816195
71.0,78.26845940588157
71.0,37.83631442142632
75.0,78.11959902358717
75.0,70.39758910015951
66.0,68.24413354699146
66.0,88.06010795482945
64.0,69.13813692972377
64.0,69.68321421917307
41.0,42.00666259708595
41.0,80.28619993693178
59.0,64.5075774380719
59.0,24.083989472149653
67.0,69.83592183206554
67.0,31.744490791918338
62.0,62.10790953820043
62.0,59.98145074976486
70.0,76.37645663086977
70.0,64.10818875695014
36.0,33.98733651067937
36.0,81.43886314138626
63.0,68.45993551404143
63.0,80.79359329958538
63.0,67.78660212736219
63.0,63.194980108530615
53.0,59.77231732380977
53.0,76.76537241223872
19.0,14.208766775822028
19.0,56.87633205742139
77.0,84.29778968193489
77.0,26.714467275031836
63.0,64.55799743661618
63.0,77.36232424128633
54.0,52.594808907129845
54.0,81.46493203800213
66.0,68.93603582327722
66.0,63.28327815823587
68.0,69.00128750203987
68.0,79.40987438455721
79.0,85.27528213723679
79.0,53.51485273469649
41.0,36.10934773510644
41.0,46.58644812261605
70.0,74.92111388936274
70.0,47.6782770866418
48.0,41.56097425750738
48.0,61.78755424725932
72.0,77.6120385002759
72.0,60.39265846793921
30.0,16.751044183150043
30.0,78.74621875835362
66.0,71.12975029389509
66.0,49.3968350340204
18.0,5.166723978302002
18.0,62.57372008926097
65.0,70.79853630400038
65.0,41.62615410232189
79.0,88.41484974747226
79.0,67.98925331988227
76.0,83.38128505232311
76.0,78.36232891065913
60.0,63.0230572682575
60.0,31.542555012618664
64.0,70.0236641164758
64.0,51.68155350957784
52.0,47.589615817522656
52.0,74.68847615621627
54.0,56.42248201118173
54.0,52.04469271226162
28.0,25.77295308974317
28.0,72.94539997341514
62.0,61.3110519260739
62.0,17.581150937559357
73.0,78.02863000627474
73.0,52.08322935404317
67.0,68.59863488500457
67.0,73.2991433535147
39.0,39.35900035113656
39.0,76.62567481897906
72.0,77.46347359536321
72.0,58.33022471160547
68.0,74.97494936779282
68.0,32.07709411315193
51.0,51.61683484806764
51.0,68.0195267100072
52.0,53.85917516618355
52.0,15.426919703544797
67.0,73.28491160979843
67.0,16.783348982513303
68.0,75.34192304386363
68.0,34.29093319646796
63.0,65.66814881435312
63.0,37.06797759834171
51.0,46.82096246274955
51.0,62.089633414787954
70.0,75.63286296707673
70.0,91.4104838549776
51.0,54.675631914998746
51.0,41.481998688882186
68.0,73.54500138718231
68.0,38.80320140801484
76.0,78.9916621599956
76.0,81.19362756267765
67.0,73.6602508521409
67.0,75.98144798885005
40.0,40.883269879773934
40.0,37.26298202528534
67.0,70.0049896717635
67.0,18.332179010051107
66.0,70.69079830285449
66.0,61.6289078947425
45.0,35.987463257415925
45.0,52.876490882808355
43.0,49.063718729296795
43.0,37.8435612824772
39.0,37.57014348351902
39.0,30.642681096315016
49.0,43.99834517014824
49.0,82.38154246586646
63.0,68.2162188745773
63.0,45.92684675407787
46.0,46.185039185350035
46.0,73.30749922401816
70.0,77.99513547055847
70.0,80.33501830798997
31.0,29.518587837636687
31.0,31.64057898620632
74.0,81.71050003172081
74.0,38.37258934885921
28.0,22.404516852482004
28.0,41.43768049225014
67.0,72.5204323399289
67.0,42.62176350965308
29.0,36.50821402721755
29.0,66.25518308625527
74.0,81.88580204019877
74.0,78.45507778317227
31.0,35.92112045630091
31.0,76.00078769586327
74.0,81.8095612636892
74.0,61.43433094856323
43.0,44.942987937948146
43.0,78.41668291282161
53.0,49.93418132406839
53.0,39.973565668023866
58.0,64.94191164695121
58.0,61.22814908900489
68.0,74.03988883927389
68.0,60.099736421318255
72.0,77.17640596417493
72.0,64.49344462387302
65.0,69.06347972625042
65.0,75.50581780344271
73.0,79.14100942435022
73.0,27.280611541600308
61.0,62.11365992266116
61.0,56.497484201517466
44.0,52.10965694927074
44.0,83.75347691867046
66.0,67.68840235799081
66.0,78.15753660984109
66.0,68.25100076650381
66.0,82.72923373487254
66.0,66.23109184797875
66.0,65.91660034989985
71.0,77.33685913505121
71.0,61.71952739671269
74.0,82.61947030422391
74.0,66.01733397241031
67.0,69.77012277350741
67.0,54.373452045932424
42.0,42.005285922896974
42.0,82.97653406894278
67.0,71.15222687108547
67.0,76.4589986432648
63.0,67.15151118848223
63.0,53.898159943314
35.0,30.94300683783382
35.0,63.84180466899579
56.0,57.99308630605037
56.0,7.0065440337231735
64.0,68.32493904600835
64.0,79.15150052150193
61.0,66.02149072887016
61.0,80.7338084923777
76.0,83.09877152286714
76.0,63.976987309460355
67.0,69.95626195531611
67.0,25.240892842235496
40.0,40.421032322705855
40.0,62.98169249225117
46.0,49.203512318077344
46.0,72.43771796812575
55.0,60.027719736137726
55.0,23.930097632792013
61.0,63.63477981731444
61.0,78.0205706213307
68.0,72.51556799443046
68.0,61.932347270099626
42.0,35.00121742776372
42.0,44.86156530626158
30.0,28.103812599125035
30.0,41.76470657290196
42.0,42.29532567842193
42.0,90.15074635260208
52.0,57.22999986738705
52.0,81.70270499820691
63.0,71.104141502554
63.0,58.62371444299578
58.0,57.686955407929815
58.0,6.7799659009361335
70.0,74.86890542063333
70.0,74.67041856918297
73.0,77.9541051006521
73.0,26.329605038142745
78.0,85.56458988489516
78.0,75.07763262234482
66.0,67.53275960666673
66.0,70.75549757726105
67.0,71.16209235231736
67.0,35.25095876822155
60.0,64.11712518735163
60.0,50.454600373710605
66.0,74.89248039640114
66.0,56.43516192535998
40.0,42.27255169455157
40.0,53.80529834827422
58.0,57.134654049731694
58.0,60.755797384460834
75.0,84.12350472029368
75.0,31.475876980451687
48.0,46.15322029526067
48.0,68.62227460959957
56.0,55.40538789663998
56.0,81.00808302958359
57.0,57.32776238576815
57.0,92.32400432493012
60.0,64.45146525985223
60.0,77.34588367323863
55.0,59.06200525572609
55.0,64.19549566749697
63.0,64.69475128706159
63.0,54.81892419861566
71.0,73.19427735828077
71.0,33.235437606394896
57.0,51.78917311529608
57.0,30.79945694817826
41.0,41.21290694468621
41.0,78.28104192289237
37.0,33.06875630927965
37.0,51.20363364860418
60.0,57.32951539047792
60.0,80.11364312330744
68.0,67.29740140107037
68.0,50.95944991720893
60.0,63.70312380579264
60.0,62.62038548620819
62.0,68.69520860190096
62.0,78.89989403165748
67.0,69.2248442128818
67.0,80.10523608306733
74.0,79.1275963982381
74.0,74.13369813634006
46.0,46.10232331172239
46.0,75.73338930653796
75.0,79.49807428945803
75.0,78.09497290373372
46.0,45.38555862686991
46.0,84.2070777560395
59.0,63.081344687222156
59.0,52.57557191054423
75.0,79.29433424873827
75.0,68.92927849014347
41.0,37.442763151684176
41.0,65.26316809893541
58.0,60.103449801607724
58.0,34.110548859780295
73.0,81.29904531657127
73.0,53.46076080742512
66.0,73.15556111961428
66.0,14.693790688268564
20.0,13.283099319382757
20.0,57.67994319287902
55.0,59.06522210332429
55.0,79.11400944716019
39.0,41.13871588391828
39.0,29.14149254951161
63.0,64.66224661470181
63.0,72.1975645868174
66.0,72.89545648678342
66.0,67.33841514328748
72.0,79.91106892623776
72.0,81.37502412547195
64.0,69.59922152102314
64.0,73.87189590500128
32.0,25.443978103986183
32.0,72.81045438306597
67.0,69.27915586085055
67.0,34.87197265507791
82.0,89.45039880944506
82.0,56.06279252047682
68.0,71.44675976674841
68.0,83.14934931687236
49.0,45.364087251940475
49.0,32.2796606992527
27.0,17.91691817198881
27.0,79.42983757070971
77.0,83.19781722283273
77.0,73.40286375258717
70.0,73.59674135839668
70.0,58.06053370665836
60.0,61.244619492914694
60.0,61.13994437031329
57.0,61.094426420921764
57.0,87.86274383999876
78.0,83.19290353498076
78.0,86.41296657100298
73.0,75.76458270044287
73.0,69.505888836329
75.0,79.62190963003917
75.0,29.950075690213964
60.0,64.6262299474651
60.0,70.57042256062124
39.0,38.140866445394124
39.0,2.0139813547912127
69.0,74.70049515080245
69.0,73.7520588678205
71.0,76.94850563690517
71.0,74.34107060248618
57.0,54.65012732467045
57.0,33.12163879856445
57.0,59.67451868995738
57.0,65.99958364802399
71.0,78.14067948412043
71.0,41.81565593838968
74.0,80.22962125109518
74.0,81.2895468325309
58.0,57.6170873502283
58.0,80.22180574851211
59.0,60.47037325741917
59.0,74.06523602229032
43.0,45.515947566313855
43.0,80.24425202317195
33.0,25.295872661861722
33.0,39.53982031760347
43.0,44.395210218995146
43.0,83.90728196101611
70.0,77.73149364913263
70.0,70.53369925682955
62.0,65.62440529545535
62.0,82.80929727368016
62.0,68.26907624946591
62.0,65.96069629848148
79.0,85.60527767189967
79.0,53.67001198548968
54.0,54.99594722623692
54.0,68.93557412892392
65.0,72.00178450052317
65.0,48.809040116068104
74.0,76.74287827992151
74.0,5.0311620151013585
51.0,55.16595096774216
51.0,82.90534382737957
74.0,78.77018298848617
74.0,79.22817883684274
43.0,45.87441685393458
43.0,43.31297143576677
60.0,65.58905664609676
60.0,51.564839662716565
57.0,63.351931780103655
57.0,93.28080560918147
72.0,82.01855633826187
72.0,63.354675074448096
52.0,52.793857217137884
52.0,71.21361696673841
58.0,67.63941479672303
58.0,80.84666492432353
46.0,39.57912254592736
46.0,60.278875470322305
63.0,62.497734126309126
63.0,91.74023005360743
71.0,72.54166056182049
71.0,68.13229286968453
51.0,54.141132248630925
51.0,52.021361872849695
66.0,72.10490011141343
66.0,39.78366248554016
63.0,65.34956971223158
63.0,73.42212975137778
48.0,49.768377349846105
48.0,81.93889000186022
62.0,61.87111069372554
62.0,85.74674441073881
73.0,78.5502661275533
73.0,75.36261866641007
63.0,65.607495201419
63.0,66.10553801248199
67.0,74.0235790663495
67.0,72.01294759896439
68.0,74.93612125221875
68.0,40.83985617775943
20.0,14.676494627201066
20.0,80.89867549221748
74.0,80.15061781685972
74.0,62.8627014341381
63.0,65.32304434355228
63.0,78.67165248567534
66.0,67.26224778265305
66.0,27.406768925657616
62.0,64.13079809775212
62.0,59.88232480197689
64.0,68.40339750421288
64.0,77.75815960423597
72.0,76.76242411673542
72.0,37.49373188546883
58.0,62.07793013198693
58.0,85.73828387954057
48.0,48.34165837083748
48.0,59.943205714795
42.0,40.98210799100417
42.0,20.94477564906441
59.0,64.43561941433592
59.0,61.09988872087837
64.0,68.19687689292795
64.0,34.96840723768685
56.0,59.378815882573576
56.0,74.50153104477471
75.0,84.17468897008968
75.0,40.5662383781156
66.0,66.76288811357273
66.0,74.10160121946029
64.0,65.428762791736
64.0,66.87380910888339
58.0,66.07582808331767
58.0,65.29798138664029
76.0,81.36875856614643
76.0,68.383428666094
72.0,76.91668439086692
72.0,88.68045945100135
56.0,55.609917730893244
56.0,32.01740560120544
46.0,43.44883456820759
46.0,67.8911282334351
57.0,61.497750191747116
57.0,77.14732754108854
51.0,54.314995706550064
51.0,21.628240060555868
62.0,62.66701067456319
62.0,73.3358573955378
62.0,66.47953930158127
62.0,82.00155061954757
61.0,62.48402076074103
61.0,64.24525660326668
66.0,73.96920525554361
66.0,69.83397874702814
63.0,68.16691978009231
63.0,72.0192778072053
25.0,21.032630927655532
25.0,70.78148993453948
55.0,60.78917924718547
55.0,55.816803381527905
69.0,71.2331497291633
69.0,73.37239772179538
57.0,56.626374392429
57.0,28.448525318100508
65.0,68.67816767626994
65.0,62.01242706529524
47.0,45.96138790199018
47.0,89.8399247306375
71.0,77.28700784251168
71.0,44.834236476304056
54.0,58.32204194185948
54.0,78.11523648301034
69.0,72.47572181285659
69.0,12.73812071613645
73.0,82.81662256995043
73.0,45.40044010359918
69.0,71.48393337173877
69.0,23.867360890932844
68.0,73.51956355658132
68.0,77.18205592448402
47.0,52.64571498540283
47.0,46.027213137774766
60.0,64.92623637122915
60.0,80.29411820252255
68.0,70.23597836836672
68.0,26.63941917676692
54.0,59.569680844030415
54.0,79.22454460991207
18.0,13.76937768118188
18.0,49.32092757693255
75.0,81.29311987427064
75.0,76.99351041002251
73.0,83.6435237036855
73.0,77.88013080830325
64.0,67.33900796482476
64.0,57.99664928336887
49.0,53.92252493502451
49.0,50.10910213079313
42.0,41.636054390090976
42.0,61.05565910990185
27.0,25.83459662294746
27.0,65.42685347536701
75.0,81.84101543954205
75.0,24.484541195252973
31.0,30.09489095920884
31.0,80.05834154911702
65.0,68.02004324845296
65.0,43.323636043068916
80.0,86.37286224523035
80.0,57.04025365655116
61.0,61.11004327878072
61.0,67.98743550387508
69.0,72.64525468827799
69.0,74.237097674896
72.0,79.79089261378977
72.0,39.20360196546454
64.0,67.31044847023213
64.0,78.00598426490222
23.0,27.849741230661834
23.0,66.70649625971083
58.0,57.14101911224293
58.0,73.34671332218852
75.0,80.13882581415203
75.0,25.144531173153155
26.0,27.847838081604493
26.0,64.06609902797231
36.0,31.823640867714857
36.0,72.0843636495207
52.0,48.620057250622324
52.0,76.77805210090571
69.0,74.80843192387437
69.0,25.78917715889372
62.0,67.86090701765488
62.0,69.24387863986874
63.0,67.51114780357574
63.0,82.83859566949991
59.0,57.89489666626872
59.0,55.81155574614854
71.0,74.59479867699184
71.0,77.36956141248879
76.0,81.77570198162675
76.0,50.32691629370038
69.0,77.09987081738149
69.0,55.6789718269485
72.0,76.37467242163865
72.0,68.32104900272662
67.0,74.68024208995797
67.0,68.89998736254188
61.0,64.21789872039602
61.0,66.57096564731665
75.0,78.20516629910253
75.0,63.44662201988575
79.0,86.43486472590342
79.0,67.67308968435447
25.0,24.251858797836633
25.0,82.55369162682899
76.0,84.03500686599415
76.0,55.86548669891181
43.0,40.44353643750384
43.0,70.69443285101659
59.0,60.249285411990115
59.0,74.2500810578411
45.0,42.90625683665428
45.0,65.04169363856238
73.0,78.7959446210973
73.0,72.84153241734145
70.0,74.28921441629984
70.0,59.03080243598879
76.0,80.26064690466626
76.0,71.80282629774638
75.0,79.21706975961877
75.0,82.67238097474319
64.0,64.74965058691384
64.0,66.29891928406971
74.0,76.82101399982906
74.0,30.779568032969678
71.0,74.7322883572977
71.0,68.98562557219913
81.0,86.87374786212206
81.0,45.86391669872228
70.0,73.97234789415882
70.0,31.14441507987857
69.0,67.90251205909033
69.0,55.9859689888591
56.0,59.042981925928586
56.0,80.29964630204029
47.0,50.34205508037104
47.0,25.16818785454285
51.0,52.31100087291787
51.0,31.868449012024257
66.0,69.5778285519292
66.0,55.79948311672456
47.0,43.4854022462186
47.0,77.53700008937028
51.0,46.85973717287209
51.0,79.43563281893523
41.0,42.54709796850875
41.0,73.83174990928967
67.0,74.24674783203977
67.0,22.44865345067973
41.0,43.90596254402942
41.0,81.36828114980926
85.0,92.51503692266226
85.0,81.97759867894985
73.0,79.35005343058356
73.0,63.37093150483685
15.0,19.15141606468825
15.0,85.79400416087117
68.0,68.98150810798933
68.0,78.55916706775776
62.0,66.00967463350133
62.0,80.97561026120133
53.0,54.66444824729638
53.0,83.16101370354289
75.0,80.39964618595155
75.0,66.5978781390935
52.0,50.599612350096436
52.0,26.73628551647721
71.0,74.76448838598844
71.0,56.523355875140226
54.0,56.62486640140884
54.0,70.1849022178983
37.0,30.427452073785958
37.0,31.06524424067004
69.0,75.02530615616217
69.0,40.353932735168144
69.0,72.20424168286587
69.0,12.383863293489242
63.0,66.37327369013167
63.0,37.488833047487674
60.0,61.927053628887734
60.0,63.996111270436984
62.0,64.75886105222895
62.0,82.04706515502068
69.0,73.05215643401846
69.0,83.58981240518517
42.0,34.32396198458298
42.0,66.36282824149646
60.0,65.06692733741096
60.0,46.23527920412192
65.0,66.72087180446448
65.0,45.24091132177983
17.0,2.0486575875968924
17.0,18.12459274318752
34.0,34.820120263999456
34.0,64.00246643792246
48.0,44.69064925857492
48.0,66.19554376429494
55.0,54.83609778877627
55.0,89.73202083165825
68.0,73.82739422348624
68.0,74.21010570393565
48.0,46.46701817836464
48.0,27.74479202546388
70.0,73.78944986004547
70.0,59.98306529786316
70.0,74.8189215058016
70.0,65.3280685447715
75.0,79.20951248735156
75.0,55.083390350066
42.0,34.92926873428473
42.0,86.92523065939457
72.0,75.89004814238604
72.0,73.40371673597696
72.0,79.86494103496301
72.0,66.07796421693189
52.0,55.29029411129255
52.0,51.761015873385304
36.0,33.36722565409457
36.0,72.43993047653117
55.0,60.07800384384433
55.0,66.86371739412425
70.0,76.03115895591208
70.0,72.32446399759084
49.0,55.48262594269306
49.0,80.59047495922795
58.0,57.989001241758615
58.0,83.9693402196985
47.0,47.846028473842125
47.0,59.14642249730923
31.0,25.78917715889372
31.0,59.461359701575134
40.0,35.20442272066799
40.0,47.64305853907649
39.0,42.80170012892239
39.0,66.01564342083714
74.0,81.12403849145909
74.0,76.16346019306076
57.0,60.08656738904938
57.0,84.23264452068418
57.0,55.64970539121646
57.0,76.14047738752674
57.0,56.28353989822955
57.0,81.42360231980996
51.0,44.5562612322924
51.0,64.68956070067338
63.0,65.21941218714625
63.0,81.18345257157716
39.0,38.67462322726823
39.0,79.74997332896805
60.0,65.75100890945077
60.0,58.837171513297505
70.0,74.5136710978544
70.0,61.91020543698289
60.0,62.34489267946185
60.0,25.055368580440586
72.0,76.89643564876985
72.0,84.13559902021996
65.0,66.98294441501497
65.0,71.4254570981775
70.0,74.33905138868249
70.0,59.99548142298738
76.0,82.1987142624468
76.0,78.09283469579947
78.0,83.75333991875618
78.0,66.73832226050621
50.0,42.10971729484078
50.0,83.32335144833763
26.0,20.030772765178426
26.0,51.579063649243494
53.0,53.04775513932458
53.0,63.81988625373816
66.0,74.19437026407724
66.0,86.05179124058884
34.0,39.1218972912435
34.0,48.51234707225086
74.0,83.444788579864
74.0,71.01845099022376
75.0,79.20710293518488
75.0,78.33857471259881
74.0,81.20121842506899
74.0,76.73290131317532
58.0,61.257435087166016
58.0,60.89011308575624
64.0,65.61682762927643
64.0,52.8152107326012
69.0,74.87560020449814
69.0,76.01450955568191
58.0,62.89481970489203
58.0,42.344945040464836
51.0,55.62011711173574
51.0,70.19351821662218
69.0,72.92432252504392
69.0,57.77411143398706
72.0,78.0442433174752
72.0,69.4244622535154
78.0,84.63607224775586
78.0,58.013606734573955
80.0,85.58870887383915
80.0,76.46319733427168
75.0,83.54521388594128
75.0,32.43909646107187
76.0,81.17941012910836
76.0,76.73871535371171
40.0,44.407755860624036
40.0,59.61558677674361
24.0,23.336797351649807
24.0,47.1510706132392
60.0,65.42120189045636
60.0,82.78842866137137
64.0,66.31826613231999
64.0,76.1094116355734
69.0,72.26007802296868
69.0,63.96348111269009
41.0,38.05791526080725
41.0,55.69987508599132
71.0,79.17008265853622
71.0,70.50958009733961
74.0,80.18790630630565
74.0,59.191784611872095
69.0,76.45448740316192
69.0,53.18792086244002
67.0,71.97133777537312
67.0,24.833322697190795
70.0,73.62638945213922
70.0,26.51057478807587
60.0,59.770314039828804
60.0,84.11284603618066
73.0,79.5006093460675
73.0,58.18850782169454
47.0,50.33559570380049
47.0,81.14493836308765
28.0,22.739695812334503
28.0,29.56313996044281
56.0,55.114120993835684
56.0,84.90295548496806
77.0,84.61253125110733
77.0,71.40939750219843
33.0,38.458082417978346
33.0,76.61858639248982
64.0,64.39040215767312
64.0,67.7825750494718
75.0,80.40141462433968
75.0,68.10478977469984
23.0,5.947224579962551
23.0,65.07773407247231
67.0,74.31978483811787
67.0,60.19349557898914
45.0,45.9702817162007
45.0,40.7375313017302
50.0,51.98927967536957
50.0,67.12238144816826
35.0,32.568384337223335
35.0,71.8003014319462
46.0,48.43282911333989
46.0,61.2583681305872
63.0,64.81383246047085
63.0,2.2780452908085635
63.0,69.06003202736832
63.0,80.70979048961982
63.0,62.89700223437313
63.0,67.66911021885892
51.0,48.72783248551167
51.0,72.26227226003454
63.0,68.9229096950973
63.0,23.293224421662615
52.0,57.59553929584047
52.0,80.67182388021456
31.0,25.933914874285563
31.0,74.20088831768066
33.0,33.013616676851825
33.0,44.66464726885113
76.0,81.3366607540811
76.0,50.871098172566576
59.0,61.23109239723203
59.0,23.794199207941745
39.0,46.5269520058863
39.0,60.31508830714711
74.0,80.58879268251775
74.0,81.07615517815174
32.0,27.105154666928627
32.0,76.47114318428567
81.0,85.65610721549484
81.0,63.178632147189546
46.0,45.56727858030007
46.0,60.179705640736586
49.0,43.530451691646874
49.0,60.57274491998146
59.0,59.00230648539372
59.0,15.970606987651308
68.0,74.70837738977269
68.0,16.092187044330558
71.0,73.8400878212135
71.0,65.9049611756733
64.0,69.57774654503987
64.0,62.65844097090343
56.0,61.885890487051086
56.0,66.16640035632008
77.0,81.42025471589227
77.0,73.46365772995159
59.0,54.50392333085176
59.0,56.88691573192136
74.0,81.45190610082886
74.0,30.73107936260658
42.0,50.60970846816451
42.0,76.22890596930989
72.0,81.00574098148076
72.0,69.98210976576223
28.0,14.226169605092139
28.0,65.81112021766552
71.0,74.28801645943201
71.0,58.51126672169107
62.0,68.32357781579157
62.0,42.237612852906864
80.0,87.30471232426606
80.0,70.35635303053783
56.0,58.916292769989695
56.0,69.92283699960149
27.0,21.42130002319942
27.0,10.998599012879652
70.0,75.01440883143027
70.0,57.97741320080195
54.0,57.03737851723855
54.0,76.88386209086593
65.0,71.05971596315806
65.0,44.00371369720813
46.0,39.61215291145487
46.0,81.82826931485607
70.0,73.1240645188604
70.0,49.50666382980842
64.0,70.83876990971982
64.0,80.99549887347905
64.0,69.1845682551641
64.0,77.32158503496726
63.0,67.78557642986772
63.0,50.47765982602607
54.0,53.370345967581784
54.0,69.25451280557104
66.0,69.69323097621685
66.0,64.78986390717574
61.0,65.41936277801176
61.0,80.04532116690268
75.0,82.40821702500159
75.0,70.86539379731056
60.0,64.84047366071815
60.0,8.596344584250176
60.0,60.65758869381949
60.0,67.38982224851401
71.0,75.2287019101712
71.0,31.576550290229875
84.0,90.04807037384859
84.0,57.50797379958692
64.0,68.84839691791433
64.0,69.59913495852311
37.0,31.63635998478094
37.0,67.6274056933234
51.0,50.362071455708474
51.0,65.3075477016697
79.0,87.54126261374421
79.0,34.38776206178977
60.0,63.665248102692544
60.0,77.57336784880636
69.0,71.57029194405317
69.0,65.48916535003019
48.0,48.75030556442448
48.0,59.4453158922376
59.0,62.24266390768031
59.0,67.48170335908026
71.0,77.907133358039
71.0,56.737745029483506
49.0,48.48045390960732
49.0,68.73217507469337
54.0,59.41722594141817
54.0,65.04975653567931
68.0,68.74243854553163
68.0,84.99555645351904
31.0,39.44190064074621
31.0,70.00102560549499
41.0,37.89988663781389
41.0,59.426852628310826
44.0,42.80255653725641
44.0,74.58474588699056
52.0,56.29701191803184
52.0,76.88887573585731
73.0,77.10201071614063
73.0,69.09192974064842
57.0,59.386644319809875
57.0,54.837220137170675
31.0,29.30201204606749
31.0,71.31550088974114
42.0,42.46784521214079
42.0,50.51892433953634
77.0,79.74863848380738
77.0,80.53018781464493
76.0,83.71751414537539
76.0,60.47756310718444
72.0,79.26857654850676
72.0,78.48618869376418
80.0,87.51908462607463
80.0,72.52994332385225
78.0,86.0094640919711
78.0,70.74175112076978
67.0,69.45946370993141
67.0,63.47258864674353
63.0,64.94016520536348
63.0,42.344945040464836
54.0,54.293815503698
54.0,72.74713555296165
72.0,76.03188239175631
72.0,32.00642575716648
51.0,46.00926733510374
51.0,43.645358583396785
71.0,71.73241381388118
71.0,50.6848474224239
59.0,61.99781109743839
59.0,77.55268107426127
72.0,77.07320426986956
72.0,62.09549519603718
62.0,61.16683001706389
62.0,73.91540510442366
75.0,82.32422351591634
75.0,49.6235209551524
54.0,57.18844993267271
54.0,82.88111832187104
61.0,64.1308635947658
61.0,74.05213384818649
64.0,64.45894167908529
64.0,54.46906285305408
46.0,44.57708664269239
46.0,73.4990025009451
70.0,74.60854906678168
70.0,68.78265827232025
72.0,77.90851578426344
72.0,83.78777498246313
61.0,64.66743800324298
61.0,69.04258820982875
69.0,74.20190790335579
69.0,49.173212362632626
69.0,74.56299057121464
69.0,57.44635740980863
69.0,70.45408377627035
69.0,87.27035123283883
38.0,37.01221221502993
38.0,67.31308724144321
69.0,76.85577694024465
69.0,64.38103613211689
63.0,69.75814167211485
63.0,16.94514706141274
54.0,60.17821153571839
54.0,46.79806249843506
80.0,89.06703056726201
80.0,80.19940359242258
53.0,57.68881784618651
53.0,37.52905077954773
70.0,74.49267594872663
70.0,71.97050180327165
50.0,50.362671246680975
50.0,70.10401803007034
62.0,65.30935094246223
62.0,59.60546668052882
64.0,69.75683054489559
64.0,76.62715675827837
63.0,64.68447072822994
63.0,54.92018143049154
61.0,62.562091043212604
61.0,78.86254023051669
67.0,72.54734367312972
67.0,72.75259914367382
62.0,65.37494975805288
62.0,84.59599355578683
65.0,70.17116545338115
65.0,79.52098348037418
62.0,68.36565254694358
62.0,36.959184568767114
73.0,76.15987349230295
73.0,59.14446539267033
82.0,89.69496040484546
82.0,78.58626968723189
69.0,74.18285310360989
69.0,78.96414157858817
20.0,18.67465127411947
20.0,5.170239472998617
58.0,60.343868889227906
58.0,81.45756975082537
70.0,73.99043057717546
70.0,16.013370780066168
64.0,71.51307015519126
64.0,70.9859694702622
74.0,80.59133997251729
74.0,81.8006752734533
70.0,76.23436510248177
70.0,26.63941917676692
40.0,43.279931789839054
40.0,41.17522048698265
41.0,38.98451658219642
41.0,39.55625501919383
19.0,16.291826237838166
19.0,74.26384444445785
71.0,75.67590482576696
71.0,37.32245550946129
45.0,39.610321936513174
45.0,50.86970921414269
57.0,58.683366813757004
57.0,69.97028289249556
64.0,63.485731922097386
64.0,69.28536490788832
56.0,59.60265874761973
56.0,64.44789061048692
75.0,82.8049911664528
75.0,80.88462263972616
64.0,67.36465508829338
64.0,77.5014821400024
74.0,83.37904573923112
74.0,67.43902352546178
61.0,59.904347911266484
61.0,53.388484225233015
54.0,59.62090007467549
54.0,71.54493904622939
39.0,30.54702875076424
39.0,57.78149013660777
79.0,85.56066516785052
79.0,81.2457562015943
50.0,55.45907095731957
50.0,78.06069696677008
72.0,77.31019910918178
72.0,76.79481603727379
30.0,28.73449654698652
30.0,76.84548375234237
69.0,76.54280175405233
69.0,72.6153521473691
26.0,21.14325952326857
26.0,36.031636546823506
14.0,9.397910293421546
14.0,34.110548859780295
32.0,29.919163951696646
32.0,70.12638842798026
52.0,49.647170242566176
52.0,36.553337353378254
68.0,67.75848748882817
68.0,70.38194391636955
70.0,75.2854541801093
70.0,76.93692378578737
58.0,60.92713467369657
58.0,63.787923941130316
69.0,74.90152756860266
69.0,58.672660957729704
25.0,17.56357951142178
25.0,43.00454188936186
54.0,56.05731672177336
54.0,63.24024453463744
46.0,45.205589961496514
46.0,81.03554071656691
73.0,79.53959442618697
73.0,75.976425509141
52.0,45.41551113970144
52.0,74.33550567795857
26.0,27.477645220398642
26.0,78.54472989174644
79.0,84.4050865865675
79.0,88.43917722618284
76.0,78.50412919661301
76.0,74.19750582189096
69.0,73.18988091994368
69.0,74.39469211763935
58.0,63.682542351522045
58.0,81.78041191263162
68.0,71.86905031018159
68.0,70.5892779879282
69.0,71.54569232133866
69.0,62.24661521787772
63.0,66.84525677314906
63.0,76.82939476343984
67.0,73.94865886032159
67.0,15.58926886456885
68.0,73.00373176955617
68.0,65.24606149163475
37.0,39.904319357268264
37.0,68.0433264082356
78.0,86.57888937951117
78.0,59.5471314777775
52.0,52.585866951253706
52.0,63.85390929442207
69.0,78.89251408562995
69.0,73.64491387120381
48.0,52.597804631413396
48.0,39.75040922977581
80.0,86.73540173547906
80.0,78.06374746533726
60.0,62.421227947663795
60.0,61.565909058391014
64.0,66.6503110580187
64.0,82.8239317997581
68.0,66.94171930916059
68.0,72.59039294956659
50.0,49.441369940090624
50.0,67.87302007129136
67.0,70.3107798203954
67.0,84.16204273136918
65.0,70.90131222883628
65.0,74.3725030571083
67.0,73.3417127248203
67.0,65.0388984811479
74.0,82.85841685226808
74.0,68.40082033876126
68.0,70.39633112269115
68.0,56.34573164652778
59.0,61.672373411978015
59.0,69.89113134660869
27.0,14.280761211009747
27.0,75.13810980775526
63.0,70.1361728554906
63.0,72.40451138313142
73.0,79.47876687389817
73.0,49.31099227084809
44.0,48.72486768056376
44.0,52.68863470944848
75.0,81.95916998467987
75.0,76.93930133499418
81.0,86.61643502749132
81.0,83.3216344810898
40.0,35.4459741039326
40.0,79.7603656762912
21.0,13.353508835691457
21.0,80.20374557111091
74.0,75.7709296230372
74.0,56.88691573192136
72.0,77.16061070915862
72.0,71.29741039799524
85.0,90.8304460287178
85.0,46.914922500482135
33.0,25.733992927113718
33.0,28.793830765221117
36.0,26.348925438772596
36.0,21.026073632063117
35.0,41.70359836280619
35.0,57.882465353533405
62.0,59.87920593091286
62.0,44.499289213736574
67.0,73.89549446262413
67.0,37.28989387451992
51.0,48.481288102429914
51.0,68.32160103022358
41.0,36.32592343820892
41.0,60.413993176842496
58.0,64.62134493452152
58.0,82.76830132828258
63.0,70.16304879603985
63.0,74.7926128733979
49.0,52.86870408605773
49.0,19.292510372593256
64.0,67.3821953796404
64.0,44.22190653498785
56.0,54.31730608936965
56.0,74.10332716500557
74.0,82.8620015996861
74.0,69.48384398699955
70.0,77.54601763822967
70.0,57.29706505558897
36.0,32.16124141709025
36.0,79.59619795804707
68.0,69.39317325691906
68.0,76.62428435379275
73.0,78.85629355492154
73.0,65.91983319057067
68.0,75.63632319585997
68.0,23.338174989354343
74.0,80.727738594713
74.0,79.59741729843813
49.0,50.17213184457802
49.0,43.81015390803498
70.0,74.50902000691138
70.0,81.31267460484423
60.0,66.6485630970812
60.0,74.56532547846166
67.0,72.83341222223828
67.0,49.354441412960625
62.0,64.17188594870703
62.0,77.09537662131521
47.0,49.1769224883904
47.0,46.6525637414814
41.0,43.04246637875326
41.0,77.88064626348466
61.0,63.50123836360041
61.0,55.75988146477755
52.0,50.467865489742394
52.0,76.3263445507913
78.0,85.14020487925256
78.0,64.09332887256613
57.0,61.45650257096992
57.0,82.92680603669925
71.0,74.71251187073568
71.0,51.497251006857596
38.0,37.796475757176836
38.0,72.8296193373987
59.0,64.1853221933689
59.0,45.95530302720425
72.0,75.66872423757792
72.0,64.2308592247411
57.0,65.06896363266765
57.0,66.73774427953344
68.0,74.58015817473
68.0,20.2592624729985
58.0,60.870940341239645
58.0,45.93132630271464
54.0,55.15985923389263
54.0,75.67606959274173
64.0,64.66586716451263
64.0,12.674190702220358
42.0,35.00678651734563
42.0,70.2106536083324
64.0,68.36373935274304
64.0,63.67345432793053
47.0,42.098227309749745
47.0,51.17881080767381
80.0,88.25093033053872
80.0,63.18544744699659
63.0,70.95959911414684
63.0,59.35175785676449
77.0,83.87709989723112
77.0,57.213699217928934
8.0,9.79499152395806
8.0,78.80551284881443
60.0,62.87488995044703
60.0,81.60243566309754
68.0,73.78484820606087
68.0,51.29609307625884
63.0,62.88343006579822
63.0,60.622344438707785
66.0,69.12494046327339
66.0,69.8468939131327
42.0,45.58505335787254
42.0,18.533271088823653
38.0,32.947337135053544
38.0,89.65157949395416
80.0,88.99233493590879
80.0,32.99866672093282
49.0,51.2880848063711
49.0,59.904661039164466
69.0,75.83904710332371
69.0,8.837468583549764
76.0,81.17546910849143
76.0,79.964199210088
63.0,69.64767717288777
63.0,47.070784904710024
75.0,81.22748158777944
75.0,22.372538449085994
70.0,76.39096770649337
70.0,62.032562275968075
64.0,66.7320240541278
64.0,65.64002292560275
72.0,75.47195805447569
72.0,54.13958028392415
53.0,55.42231814722612
53.0,88.20376026362538
70.0,75.61174697009398
70.0,70.55359575679478
67.0,73.32778502753547
67.0,53.95092127526743
61.0,63.1376033853295
61.0,77.91212084636618
53.0,58.31009797313254
53.0,21.280209954229235
79.0,84.35224057570491
79.0,51.278827430746446
71.0,78.91947329200343
71.0,73.52625869370905
63.0,69.76335725361542
63.0,81.2822875894492
42.0,39.45641533071864
42.0,77.7191510509607
70.0,73.90903827288986
70.0,69.8209164933636
61.0,64.83790817931765
61.0,57.900116475040875
68.0,74.25849478652196
68.0,75.99662514909693
65.0,68.35349429597028
65.0,70.48235123158253
68.0,73.84133624538418
68.0,21.50164134835262
72.0,77.48741610631521
72.0,75.47406065009449
51.0,55.739717876912835
51.0,78.80108646287437
63.0,67.04936509433116
63.0,28.665222589417453
53.0,51.79683416320944
53.0,31.971450425436444
55.0,56.702155053469596
55.0,70.17952457130815
62.0,61.621291772054064
62.0,76.0945941937315
59.0,60.181357367373664
59.0,82.1550478801147
67.0,69.5472116728447
67.0,83.95686638380573
79.0,84.99272443775175
79.0,49.085424527144426
68.0,73.1910527263422
68.0,80.71733164895335
65.0,67.28363080992807
65.0,47.841256464257185
74.0,78.48731338891992
74.0,79.07529883701898
40.0,38.361491861315415
40.0,69.46126784291238
73.0,79.93527811956471
73.0,83.3953046488985
67.0,75.89868810909377
67.0,75.66442091570724
63.0,67.58312457586675
63.0,71.80407072861738
67.0,73.54322661792764
67.0,70.48242870542816
26.0,23.794047266427697
26.0,31.66284011379912
68.0,73.23173514477719
68.0,80.64169683340589
70.0,73.43580768523253
70.0,89.70793950866499
19.0,16.005252000738096
19.0,48.458923531131404
47.0,48.88296299057339
47.0,16.511994279761552
69.0,74.71431871307482
69.0,43.90746306463069
62.0,66.24758866667383
62.0,65.93455639725374
64.0,68.40677728216036
64.0,73.67069801134892
66.0,68.94012216406787
66.0,62.42285775265634
78.0,83.2952876746499
78.0,68.00981753793883
48.0,49.136420433778255
48.0,80.36045486851629
51.0,53.33517971041795
51.0,50.598513274434765
50.0,47.45606049675297
50.0,23.46211793920753
73.0,79.27194506753386
73.0,78.92516730278169
71.0,76.78078129164197
71.0,78.48082232822554
62.0,64.61708062600928
62.0,49.317267542832894
61.0,65.75013239797914
61.0,78.84101021845305
77.0,83.28316927883549
77.0,54.92359848304278
73.0,81.33091067174439
73.0,76.8042512534206
29.0,28.29522799410978
29.0,30.070465159275898
33.0,25.295872661861722
33.0,41.87119639880416
78.0,85.7180768142311
78.0,66.40226662120261
57.0,60.73227716199182
57.0,73.66418107700554
25.0,23.816155897581325
25.0,47.67956032666649
63.0,68.30548636434963
63.0,80.91613291732875
58.0,56.86583024975789
58.0,3.6381660749178764
69.0,73.03057794239771
69.0,23.18364577148708
63.0,73.38465543256115
63.0,28.327387975193062
45.0,47.47602283610462
45.0,67.87929227737283
50.0,51.17821560877172
50.0,19.609028681321035
59.0,64.04170071345197
59.0,55.70218974273956
61.0,63.67524005630332
61.0,49.6099166941558
54.0,53.250287683114266
54.0,31.28378635698374
57.0,55.54923613036897
57.0,68.9571975136547
70.0,76.38392648757326
70.0,74.33550567795857
67.0,71.8408681640052
67.0,64.56996558547462
26.0,27.394475303370825
26.0,77.66685032510253
41.0,40.17082968610799
41.0,76.59132814776694
69.0,74.4421146398733
69.0,76.63879353328798
23.0,13.176002392876114
23.0,42.18950535155102
53.0,59.435579670030336
53.0,19.915414616393832
63.0,67.32436454228724
63.0,68.6244997162035
68.0,71.18707759063841
68.0,73.67684578929027
67.0,68.52136028164631
67.0,78.66353405109311
69.0,71.54526929630572
69.0,68.48523155618591
68.0,71.621155087577
68.0,12.931404991849774
68.0,73.0512048255352
68.0,81.66369638805651
68.0,75.4158681883572
68.0,56.264723438464955
57.0,60.34157052498284
57.0,68.86478469270145
63.0,64.31772181218122
63.0,55.26368573961605
74.0,80.44287224031717
74.0,43.16598955587591
74.0,78.60486663475274
74.0,87.20503229245548
60.0,62.970387669809554
60.0,74.54873292310742
63.0,67.79904494109712
63.0,51.11349680036676
71.0,76.14512509100359
71.0,25.933914874285563
51.0,53.54021595726408
51.0,52.428968085263534
36.0,32.43076289253213
36.0,17.822485079561034
52.0,56.3024020246566
52.0,72.99295272345034
83.0,88.02082763470673
83.0,49.2118082622805
35.0,39.267526023825326
35.0,37.48137566712495
68.0,71.07724355797944
68.0,89.27256542534047
60.0,62.6792090451832
60.0,54.38678098376863
50.0,52.49481139737179
50.0,56.11277403748409
71.0,76.64092118794127
71.0,52.86545070955441
67.0,72.7635183275965
67.0,78.63850136512832
31.0,32.522427280261354
31.0,90.43181528057653
58.0,63.23487137098198
58.0,73.60052284360563
73.0,79.44664046335186
73.0,73.78064943749581
76.0,84.52990043160742
76.0,69.75704714860296
64.0,69.61999582480718
64.0,73.6317118236654
64.0,67.40479061091906
64.0,78.06881686887317
59.0,63.547030341535105
59.0,54.94054154975356
43.0,43.11103510600401
43.0,64.87256719004768
48.0,50.79252860314318
48.0,32.33254302750163
29.0,26.115967835376352
29.0,60.372484909717
57.0,58.96670621056154
57.0,66.37765512258892
49.0,46.074769766748716
49.0,53.572893788548924
63.0,67.40576401641698
63.0,12.310098071152197
74.0,81.76035740780088
74.0,70.72211690985768
70.0,76.42231317062812
70.0,83.48447300440245
60.0,66.99371797613992
60.0,63.98772314319325
70.0,76.46858360966507
70.0,16.26266776565086
51.0,47.41267342615993
51.0,69.77435908161311
69.0,76.03073792113821
69.0,61.145203258411925
70.0,74.22896785725447
70.0,60.930752293828505
40.0,30.656421312547025
40.0,65.63874103515269
51.0,48.68072621195847
51.0,71.36818541628344
59.0,65.1489353481125
59.0,85.87485823127537
54.0,59.777273075352866
54.0,70.78025183250696
66.0,69.01578726637575
66.0,73.69495745572817
69.0,74.10196503885635
69.0,75.93637808520197
78.0,82.78762384176298
78.0,74.60602495249276
34.0,28.44954518419121
34.0,45.774337233804204
60.0,61.15358506459086
60.0,38.000487792129604
79.0,87.149052275636
79.0,58.69187325339624
72.0,76.31566357835413
72.0,21.130971740455834
80.0,85.05206357177838
80.0,81.09387113313971
65.0,71.15934513409786
65.0,11.195611110903826
67.0,74.4737476470296
67.0,67.98777043993385
46.0,47.95057874062371
46.0,68.97708272980105
74.0,81.54564754476337
74.0,56.92977424786545
75.0,81.93795880441661
75.0,47.258317507957315
69.0,77.7686466284672
69.0,71.99438264982086
58.0,61.8172638759782
58.0,35.87053283519981
51.0,55.82676547265862
51.0,32.187285128321776
24.0,19.992840931315584
24.0,69.48456821032966
65.0,70.24415094939508
65.0,42.59517514874989
70.0,74.83120012609936
70.0,33.724115373027814
46.0,41.81630086157634
46.0,69.7396842109352
29.0,24.285461942299833
29.0,77.82119868489542
71.0,78.23939863886125
71.0,71.38063418276414
64.0,65.87911057926749
64.0,37.990575422591576
66.0,74.62215321941375
66.0,10.827424241724088
79.0,86.1585171490147
79.0,74.18269084689189
70.0,77.05375884212606
70.0,63.940057959929675
76.0,79.6136983963579
76.0,60.90756844530142
69.0,73.4261170473419
69.0,66.47414776683223
73.0,75.25964986381405
73.0,82.9812151046911
57.0,56.22395683083289
57.0,74.19351247912562
69.0,76.78678544898611
69.0,71.85040037966235
70.0,74.24226622932503
70.0,78.17054949855913
71.0,74.41190906447537
71.0,60.78120330802227
60.0,58.45005628922041
60.0,58.72975617447457
48.0,52.30925744417948
48.0,38.67616591986467
68.0,69.62683144544064
68.0,61.836863010506136
31.0,27.51214157335795
31.0,62.520908223174615
74.0,78.43898074923607
74.0,62.90781444957423
82.0,90.10927292570295
82.0,72.18737619614058
69.0,74.67624068826592
69.0,17.93226552588567
41.0,41.29333580473889
41.0,78.20349516391656
72.0,76.3244371209496
72.0,68.83905645020383
46.0,45.42885891268014
46.0,74.90822606104871
74.0,81.88277536646069
74.0,26.389882504272975
53.0,54.84746781704996
53.0,82.32955541955835
68.0,71.87489422515438
68.0,58.97279771212618
72.0,79.5203444350879
72.0,68.60770977058075
52.0,56.70076319600918
52.0,16.211170966561838
30.0,19.273052353768207
30.0,78.08982332692187
74.0,79.12786253473291
74.0,78.27167435723038
59.0,60.92459109179896
59.0,68.54357599142236
62.0,67.99620195800975
62.0,69.98639530835965
61.0,66.2833237167365
61.0,78.30702141927088
45.0,49.33982541448967
45.0,76.7420539411466
50.0,52.62757714853552
50.0,83.32173279254806
46.0,50.16113982134959
46.0,78.25125553191924
56.0,56.40952798903032
56.0,84.11177453264008
64.0,69.70777665681896
64.0,64.00933906188288
74.0,79.80531572979612
74.0,73.49851050209213
65.0,68.54439741887973
65.0,51.68309662499723
78.0,84.89444299696788
78.0,38.49757608510521
16.0,8.808976190414967
16.0,85.24127402358567
74.0,80.28363023395036
74.0,40.71639267640239
75.0,79.72022153660419
75.0,74.404584095769
69.0,74.85602225705742
69.0,35.37749628101807
74.0,80.37105350310156
74.0,72.3382314055404
68.0,74.01680127812864
68.0,69.9875156905149
74.0,79.83719249710134
74.0,60.91528919700886
63.0,64.32050202764896
63.0,31.08546454271101
77.0,84.65843276540784
77.0,71.4229273586202
71.0,75.85982331368734
71.0,79.89505588962618
47.0,43.198616362785515
47.0,50.86417711874225
47.0,42.17912860706883
47.0,60.96381715817341
63.0,67.30187116656947
63.0,41.22034585882909
73.0,78.85689252298272
73.0,44.09301792768758
70.0,72.78422161290979
70.0,67.5657222339857
31.0,38.22027981876698
31.0,75.47608138294851
61.0,64.70221916007029
61.0,14.208766775822028
52.0,52.51961018268764
52.0,67.05872626944154
46.0,44.07993896149105
46.0,76.93032347249311
54.0,55.797384662936054
54.0,41.44228442747692
69.0,73.09809555723598
69.0,55.47750548350206
42.0,34.226779438385506
42.0,53.1913953223804
47.0,49.04048361628804
47.0,74.18040868725274
38.0,40.46089794705853
38.0,77.10684816310737
67.0,73.64159069409772
67.0,69.29140640650854
69.0,76.06597954248974
69.0,76.13675751158758
70.0,75.7327002698159
70.0,84.94180645634697
82.0,88.23851771296484
82.0,61.52250361221718
54.0,59.22633221215909
54.0,63.216110298798185
72.0,74.82668254513595
72.0,58.17069254201908
41.0,41.68745106095173
41.0,82.65933062271046
46.0,47.65888830058549
46.0,77.11141828228091
64.0,64.67967580585633
64.0,50.34363333033292
38.0,39.602654709112755
38.0,69.94529028348347
58.0,63.343346483800815
58.0,46.72758794151429
62.0,64.15346457518916
62.0,62.801199005847536
67.0,72.95883640982566
67.0,90.08019547904411
57.0,55.216939464904954
57.0,56.602251673922865
75.0,81.7562093272964
75.0,45.31820385950374
71.0,77.7883216306289
71.0,65.17749028217003
68.0,71.44492412597901
68.0,76.00401962647044
56.0,54.28030148712247
56.0,92.48082707662752
77.0,84.00021616408708
77.0,60.5607558054287
46.0,46.52420596495733
46.0,68.72033979397116
36.0,32.43076289253213
36.0,30.002804557341506
59.0,63.189599596398295
59.0,69.91158534407782
37.0,37.56766756476122
37.0,81.17404514254855
80.0,85.62681685626399
80.0,62.917569979407006
67.0,70.21275088035685
67.0,52.86502910035057
50.0,52.91558997815707
50.0,52.984530115162215
75.0,80.69356829518705
75.0,69.35904953890133
76.0,83.97266986865174
76.0,69.30316058452041
69.0,78.04244844629699
69.0,71.78067742274123
54.0,51.246429639123505
54.0,86.939457193328
64.0,69.31563983628848
64.0,79.81399482368977
61.0,67.70014017302606
61.0,46.89538884133873
14.0,16.94514706141274
14.0,83.4106842869881
74.0,81.31598652412475
74.0,79.81157300948871
63.0,65.76005207623456
63.0,57.600770823884886
63.0,63.210395510113074
63.0,51.52444430559217
62.0,59.9980800044375
62.0,74.38926797610907
72.0,79.05500490889432
72.0,49.53176208876744
66.0,69.24249737385821
66.0,83.34779138330572
61.0,60.84707105219741
61.0,14.934579079476975
62.0,59.880621072956785
62.0,60.78917924718547
56.0,55.7089473573991
56.0,53.96891612708191
53.0,57.299468038128566
53.0,37.06038670385277
80.0,88.67492540185759
80.0,82.29972895516522
55.0,60.39750755804886
55.0,85.5614119791939
51.0,53.274188489279595
51.0,38.607201793251306
71.0,75.77716164504665
71.0,78.24136943994921
72.0,77.6845720038391
72.0,60.456190258671484
33.0,33.738852656696224
33.0,70.65641048177866
38.0,35.333282435786884
38.0,67.17192026218777
67.0,73.55119485697332
67.0,17.20650571388927
14.0,-5.596644374081848
14.0,21.345216107851172
68.0,75.1667410269111
68.0,69.4955452968291
84.0,93.56489869502252
84.0,26.096211410536398
64.0,64.48936014316166
64.0,87.77400683603844
69.0,72.38173006278964
69.0,75.2163200705129
32.0,24.755137338201678
32.0,40.90387512758008
72.0,75.22351712146258
72.0,-1.333191625057168
45.0,44.76548908765818
45.0,55.371303791191735
76.0,82.16055070880554
76.0,74.99622680637947
19.0,20.457250955839925
19.0,47.35409343657312
63.0,70.14126534646005
63.0,64.39827221492442
61.0,64.20717898256595
61.0,77.46126912506736
65.0,69.7841350112958
65.0,80.76203418778874
59.0,63.27922363193022
59.0,60.364867032546044
42.0,35.551191821462794
42.0,84.10119192638388
75.0,78.6438646033584
75.0,66.70910640037755
62.0,62.350536022974666
62.0,46.008797722189286
59.0,63.04623271028231
59.0,49.87793857835686
82.0,88.84258530876474
82.0,84.61371799997403
79.0,89.0066275646476
79.0,44.129253810198634
77.0,80.5558344976534
77.0,49.49702813399227
71.0,74.52311755460897
71.0,62.44296221762619
70.0,75.77622686972921
70.0,57.999618637930496
69.0,71.44574968740005
69.0,72.39214132358387
24.0,18.53240039799897
24.0,75.58995641210538
62.0,68.8621740568239
62.0,72.24866282306994
70.0,77.01882014838151
70.0,28.29073866559196
72.0,77.98864021760727
72.0,41.24041231926708
61.0,68.10234737023472
61.0,44.46327614300213
77.0,85.53849096057877
77.0,57.51442122681607
71.0,76.87567222086136
71.0,54.73003582111994
58.0,59.03080243598879
58.0,81.21938285437523
60.0,59.904347911266484
60.0,68.26651262334576
47.0,49.16915029077171
47.0,73.91623215812331
59.0,64.52597081661906
59.0,1.9623000162521862
72.0,75.4004407197088
72.0,86.47437579143627
76.0,79.9990079304161
76.0,77.20278131588816
68.0,74.5019480528033
68.0,12.891426036360144
44.0,45.112518597614724
44.0,61.77616569458439
61.0,69.1459596198286
61.0,74.79721920567096
77.0,84.54839334433797
77.0,48.74948132962879
36.0,31.391239523920547
36.0,69.5733089808603
59.0,61.93615539709418
59.0,66.52080864232613
68.0,74.46959391815733
68.0,69.32303366633118
75.0,78.48418833117307
75.0,62.58120400564667
55.0,54.28795763049925
55.0,77.71151694549548
60.0,61.67151052042698
60.0,69.4759363206494
31.0,32.5017471740702
31.0,57.149694242250064
41.0,31.469835691181856
41.0,63.99913307113002
81.0,86.88406128070955
81.0,52.21125275174802
59.0,64.02336473639627
59.0,28.13493947941197
64.0,70.69664550669586
64.0,48.75648878633257
75.0,82.4217648472569
75.0,37.365150706470274
61.0,63.409829190219455
61.0,64.43690265421179
74.0,80.78445639551376
74.0,61.9819809218522
74.0,79.22277596981348
74.0,40.54647386686224
58.0,57.83284401838449
58.0,13.855866185803563
65.0,68.02927563227593
65.0,76.8939382074509
57.0,62.289633916772345
57.0,78.71939758551838
67.0,69.0840277756505
67.0,74.27732595510236
72.0,77.23164531953893
72.0,83.58067293793505
65.0,70.5245185029317
65.0,75.96943143494042
72.0,77.81872855067621
72.0,73.48451346463293
47.0,42.172454899936156
47.0,45.13873452192291
55.0,57.74050811200658
55.0,28.06799522015791
46.0,49.11987438057008
46.0,39.43777613943348
59.0,57.745490689400526
59.0,64.72621171027578
63.0,69.41183363764895
63.0,81.41690359074767
72.0,78.74724317067415
72.0,55.39034253304891
66.0,70.01299638702909
66.0,69.10313050126649
75.0,81.4167656707516
75.0,60.90539346923407
73.0,76.71415347810586
73.0,65.02008107797371
61.0,63.173156271793346
61.0,28.67856847228984
72.0,74.66231880161229
72.0,10.175181310172263
55.0,53.061455338248265
55.0,54.50795653885973
42.0,38.725729327410875
42.0,38.17063700682297
58.0,58.794901771786044
58.0,56.866545524059006
44.0,40.43239172439405
44.0,33.356189318793156
56.0,61.80965419465832
56.0,84.95507911349728
71.0,80.82133084548161
71.0,68.05470978840083
24.0,22.53158255377059
24.0,43.69798409160359
25.0,23.05539725561323
25.0,49.96954151340793
63.0,67.3416029712036
63.0,77.37738255301826
36.0,36.083272033996764
36.0,71.31362579675323
46.0,49.203512318077344
46.0,50.71156772574176
45.0,48.4666934492206
45.0,79.7458522180894
48.0,53.16243058039407
48.0,58.27331347738789
67.0,72.27842163682044
67.0,17.154372593622213
35.0,31.84064078842772
35.0,40.62238359767133
41.0,42.38307537146403
41.0,66.50246284944552
57.0,59.67247246889747
57.0,53.78610039939855
63.0,67.67291872688793
63.0,68.77000282953344
51.0,48.65726934552231
51.0,73.88359453625549
49.0,53.12688872030611
49.0,72.82062121599108
53.0,50.315761946876535
53.0,81.83716972261055
70.0,74.05942677975077
70.0,75.5853104504996
64.0,70.58736348224573
64.0,55.61144922101283
70.0,76.39912900678019
70.0,66.2416641659612
64.0,63.797702677274174
64.0,45.668384367228214
71.0,72.73252487493369
71.0,62.617068550461056
30.0,28.160033662627768
30.0,39.84922220718721
26.0,21.628240060555868
26.0,73.44380482162683
63.0,67.97574166410902
63.0,33.7657074377413
68.0,71.2011288829321
68.0,72.0276623099088
45.0,47.30000769177059
45.0,78.08162907118685
50.0,45.07200816121929
50.0,81.21537196170323
74.0,81.10641581256812
74.0,72.85880210882436
74.0,80.80907442430413
74.0,51.18923065852118
52.0,59.9334966320792
52.0,71.07084444686916
55.0,49.34542764532978
55.0,70.49916255996197
82.0,88.80349555831356
82.0,76.71182719968783
66.0,71.47183226110508
66.0,73.73636032093492
70.0,73.20759741948365
70.0,58.63955633156047
25.0,11.372267313891484
25.0,65.6671899114811
66.0,68.2262145485102
66.0,12.065497636237126
64.0,64.04633026150367
64.0,75.23162148552711
69.0,72.94133709103284
69.0,45.51268123149288
40.0,37.46279550209806
40.0,59.55264341653924
67.0,72.55335295810141
67.0,84.82907036356335
65.0,71.64153404484978
65.0,69.0057011696652
17.0,3.5782626998970386
17.0,48.82233924782713
55.0,57.31331487741562
55.0,80.92892131340767
48.0,49.7367009359823
48.0,60.532080597871186
10.0,5.1143074570899785
10.0,48.026122636276455
57.0,61.24947043872584
57.0,76.19169530997732
64.0,69.22121876572555
64.0,67.72152203326783
44.0,39.45942246609292
44.0,60.37065920060803
67.0,74.81277603728074
67.0,53.405211731518364
70.0,77.18810024413489
70.0,26.692651394978327
57.0,59.66921274446855
57.0,68.45899817193833
69.0,76.13526823012131
69.0,78.006224044188
44.0,48.43311842956683
44.0,79.74943716756212
74.0,76.60748451284735
74.0,84.13675760319933
18.0,12.755652305334536
18.0,27.073460579456082
58.0,61.19337028630065
58.0,73.70503109387329
74.0,78.96842613843376
74.0,72.46498810363698
71.0,79.37297381040116
71.0,86.9194825440996
57.0,61.850418258222874
57.0,81.0084962080565
44.0,41.507354077471916
44.0,49.32046866919643
59.0,58.31785596414869
59.0,76.50833012002954
47.0,47.457989261177374
47.0,73.85012460138535
57.0,62.437514044686736
57.0,60.26040718400327
27.0,26.115967835376352
27.0,71.60193105409013
59.0,60.775816857064456
59.0,78.4040520592875
24.0,19.800370673963016
24.0,70.39238090305696
56.0,56.409795473323584
56.0,75.80306378980538
35.0,34.01613843595203
35.0,80.4418636511142
67.0,76.37127622432718
67.0,26.29009409706765
35.0,27.74138829329229
35.0,78.62486501913605
22.0,19.34393084015312
22.0,44.81564094699024
39.0,38.157058397933724
39.0,59.32271630636234
66.0,69.67985278781492
66.0,64.34936523000277
67.0,72.93301423274539
67.0,73.27718061701461
66.0,71.29210637943822
66.0,41.74637933899612
73.0,79.4906421261253
73.0,70.08177367855234
76.0,85.35037550459225
76.0,72.65657191363374
57.0,59.8568054939189
57.0,62.20338055722516
56.0,58.80541426692952
56.0,38.81314468293198
49.0,55.169021348311674
49.0,65.41782671593796
72.0,78.5637049909082
72.0,51.81820462454209
68.0,76.0363504226055
68.0,70.29784057717404
65.0,72.39234498127757
65.0,39.25399377675194
69.0,72.0583040481252
69.0,48.72783248551167
74.0,79.02934033313477
74.0,55.604498383816974
88.0,96.17558671011
88.0,76.31703699356649
64.0,67.74889261218556
64.0,72.06244395115203
42.0,40.57780625736473
42.0,71.53645859094769
71.0,75.68192441580567
71.0,69.07440841099458
21.0,23.925653901134694
21.0,73.41917291948448
30.0,21.84697281591491
30.0,65.53333934355965
70.0,76.89146294048709
70.0,60.78351049776961
60.0,58.99746517184707
60.0,76.42456112650007
67.0,71.23716067216077
67.0,36.796846851038424
74.0,77.93058849082036
74.0,26.95638262046458
12.0,6.7799659009361335
12.0,72.56281426780367
69.0,75.08303723436188
69.0,37.88223830330031
69.0,73.98297782866274
69.0,74.54596199321094
31.0,24.361402747674504
31.0,59.13390428900328
61.0,68.43630286638847
61.0,58.47777649363883
59.0,60.91491540735257
59.0,80.76129869148934
48.0,50.01318517147695
48.0,62.87599038447695
66.0,70.91495546010981
66.0,85.67511313178352
63.0,64.41011769604393
63.0,48.70105742700116
25.0,20.268913339244705
25.0,57.32508909229716
31.0,28.463901123483083
31.0,68.2213863612335
61.0,62.302582218184455
61.0,80.09368845776419
61.0,59.834997797846256
61.0,39.626798271738096
75.0,81.48473693559691
75.0,80.31714563734056
59.0,65.91100033121495
59.0,69.83222540179065
71.0,74.97200996186797
71.0,56.533688619020495
71.0,76.32020843925255
71.0,53.08501125316593
75.0,82.49321895536838
75.0,39.2055416204081
62.0,68.59903454554052
62.0,19.238961710315664
72.0,75.3028978285351
72.0,26.385384441525048
70.0,77.2560901097861
70.0,82.05701774626203
46.0,41.31906551736722
46.0,80.98903832687569
54.0,60.7942864726989
54.0,54.421283569514515
68.0,69.57133814350601
68.0,73.68366763364554
44.0,50.100514311232246
44.0,72.11672151807664
32.0,35.0532063843055
32.0,21.50164134835262
55.0,57.46963227885544
55.0,80.86098639861376
59.0,63.84475591591985
59.0,65.39112176328388
44.0,40.24378748626759
44.0,78.12338516085487
70.0,73.11064300900887
70.0,83.7642907062853
75.0,81.36812483437143
75.0,64.94317520729726
72.0,77.22594955684553
72.0,83.99870184186898
36.0,32.00074593014443
36.0,66.60066414528859
57.0,59.3836856445796
57.0,35.6090993044491
61.0,63.74428079124232
61.0,65.94433992994573
80.0,84.95150250505225
80.0,56.15163471147497
66.0,72.05100944159216
66.0,66.17073356661604
71.0,74.27735291982384
71.0,17.9863053316451
62.0,64.39572745057342
62.0,63.353107241802945
70.0,71.91221397498691
70.0,82.50665996842497
72.0,78.81446575208304
72.0,69.02305086212351
75.0,78.25667199344412
75.0,67.75817820086763
50.0,44.54099581240877
50.0,24.51272873893356
48.0,53.55889403183198
48.0,50.2648611512501
75.0,81.4019208783759
75.0,61.83368358730536
55.0,54.2226312949457
55.0,65.6020703324408
66.0,67.52315426410371
66.0,73.8509858603233
81.0,86.97358322968819
81.0,66.06010243879149
70.0,76.06538211817792
70.0,75.58065035439455
68.0,69.25107763357096
68.0,35.90522527631657
45.0,41.28459200981331
45.0,48.25818178888392
68.0,69.04691341399041
68.0,72.99877140038461
71.0,79.16482137243003
71.0,67.02572285793673
66.0,73.15062577288415
66.0,76.29985431304311
35.0,28.814069177583747
35.0,36.426069533834266
60.0,63.95584839089827
60.0,56.9877452378218
30.0,21.20658961874318
30.0,71.50863854697974
74.0,82.13144765594421
74.0,82.42816070844742
79.0,88.6930340243357
79.0,72.40891011062638
64.0,65.72970982905076
64.0,79.33095283700476
65.0,72.76756637384807
65.0,56.6500639148814
72.0,76.07437267750151
72.0,78.82805468996247
48.0,47.196815053155035
48.0,63.25669397443227
19.0,0.5229625377959906
19.0,74.81584334964418
71.0,75.52686520640128
71.0,68.52495800174682
76.0,82.33004235946112
76.0,79.45262538276137
63.0,67.52981073047613
63.0,67.40630521600451
71.0,74.52311755460897
71.0,64.9946842654785
59.0,58.2329092157085
59.0,47.91453305770483
74.0,80.9989510705397
74.0,64.29235142821204
76.0,82.22148286535281
76.0,88.027967550092
20.0,18.723943641509038
20.0,53.03809656976904
72.0,81.05198015466942
72.0,62.00909865279601
76.0,82.78184498752819
76.0,79.1911527382299
28.0,21.83070106822771
28.0,67.14547041198313
63.0,68.14624571776028
63.0,52.01459582501673
66.0,73.43314733975842
66.0,45.20451858668514
63.0,65.9295200987782
63.0,72.48780183610506
58.0,58.77944339658825
58.0,61.09059879627114
26.0,18.861908523318107
26.0,74.91181211498241
52.0,49.91200150846868
52.0,31.869613887068397
69.0,76.08720918531003
69.0,55.870376300125656
64.0,67.67417148415888
64.0,66.7569630361192
64.0,67.04283424166687
64.0,82.30461337454932
71.0,76.99664229956227
71.0,54.99183089234856
71.0,77.93390984564473
71.0,58.016028825476724
63.0,63.06394556995298
63.0,38.68325692494574
62.0,65.75449956603745
62.0,35.82466928341694
78.0,84.94048375404958
78.0,72.13019807126295
63.0,63.909711868564614
63.0,74.26500856335036
58.0,63.73242587544058
58.0,46.70113082681138
48.0,53.60074910560786
48.0,63.025524689454755
73.0,78.51655117703217
73.0,48.30662538956602
70.0,77.23925202006558
70.0,72.36278414113502
65.0,68.55675428657554
65.0,66.49298757914835
71.0,75.32934910021385
71.0,63.63797297156589
59.0,59.690724324826476
59.0,68.70164404274487
56.0,58.06817562396952
56.0,65.4251736117435
63.0,65.82121691664457
63.0,53.009885540201026
62.0,64.20561686168003
62.0,47.66804533273307
34.0,29.5384425129879
34.0,80.64883497295654
70.0,72.97995064646318
70.0,77.31658390964043
12.0,14.466637896203565
12.0,29.82173863145556
24.0,29.262901155270583
24.0,28.493243551073192
25.0,18.08609892503887
25.0,67.06856407948311
83.0,89.76700510217916
83.0,77.12227879214345
63.0,65.45827658364772
63.0,78.18266222309234
71.0,76.34025149876828
71.0,66.41927532889844
20.0,18.363078274233715
20.0,74.73116565198052
49.0,51.65744163345039
49.0,70.90402153712267
34.0,36.773700205729426
34.0,77.84765225673806
76.0,83.23169205042927
76.0,78.28404521201253
73.0,79.49844218827519
73.0,80.70047196187971
78.0,86.89016949529992
78.0,43.72706009667081
81.0,85.85307945217261
81.0,69.58267168531086
58.0,58.333357302874504
58.0,57.49035414763108
58.0,60.77081473727958
58.0,87.4212157736086
39.0,40.2050083783725
39.0,66.28564453192052
31.0,16.122906467899213
31.0,43.93760761933294
33.0,29.22200787691429
33.0,55.331452261064214
52.0,45.78141862828659
52.0,79.30966301590797
67.0,72.34697462630714
67.0,71.11193296771876
66.0,75.38580712855025
66.0,81.12523887865723
81.0,86.59788936642059
81.0,72.5615845736744
54.0,57.73697306178593
54.0,78.45777543615611
74.0,77.14586587290512
74.0,75.24024637277546
83.0,90.97685188615475
83.0,68.68383936981985
75.0,82.63370641705916
75.0,52.43784514419838
84.0,89.72051010238908
84.0,65.20300795555852
77.0,82.61510403596014
77.0,47.87455802973119
55.0,59.023925301845395
55.0,23.48323528850233
68.0,74.19371325598439
68.0,52.53225454807068
14.0,5.395669454291692
14.0,74.43369051007676
66.0,70.69513440517284
66.0,38.367114470992135
58.0,61.45544913778343
58.0,77.77150552463195
40.0,38.84472130529815
40.0,63.08869898580946
45.0,45.65395114762157
45.0,70.92334742470302
40.0,30.872799234384615
40.0,70.05419190321959
61.0,63.268105225201225
61.0,79.93091162535012
65.0,68.45889153433359
65.0,78.70231192162817
69.0,70.75308023544682
69.0,91.08551396904818
31.0,26.926550029025634
31.0,78.81408095298445
62.0,65.01126298442819
62.0,86.84880991053302
68.0,72.44177790063378
68.0,69.52901763880186
19.0,19.517102874934892
19.0,64.59657762353623
58.0,57.20100421986746
58.0,84.69563043972266
71.0,78.40748125132262
71.0,70.18446171064983
75.0,81.85516729351275
75.0,6.183043985720303
60.0,61.413294892684235
60.0,35.929893093771966
68.0,72.93535207832724
68.0,47.952598659856335
58.0,66.14922831165433
58.0,79.06284319431927
47.0,39.9280584904796
47.0,72.80670458073553
74.0,81.34945094255897
74.0,27.24438562993015
39.0,42.66306512130626
39.0,73.72961879485115
57.0,57.45065879591306
57.0,55.39749596964407
46.0,47.2618455295372
46.0,66.36745556415065
54.0,56.18443288380837
54.0,63.7197713943379
78.0,86.05027550036755
78.0,54.297439364207264
27.0,25.20846879828963
27.0,68.97862771339197
70.0,74.16215326397395
70.0,81.29417512946026
77.0,83.94456493877163
77.0,79.09117023583667
72.0,74.03430310532514
72.0,87.11063187918444
56.0,47.535587339650135
56.0,88.08788741411706
72.0,75.1687349580576
72.0,49.16915029077171
31.0,33.10634154893597
31.0,71.34845346793298
63.0,65.35551649765677
63.0,73.01963547554698
72.0,77.53826871917636
72.0,32.79569708401203
72.0,75.71972945119205
72.0,54.73391395708768
71.0,75.64143329725181
71.0,49.49702813399227
70.0,74.7321780620685
70.0,65.55361910308568
24.0,15.360595019235689
24.0,60.029294925408635
73.0,80.22805528837665
73.0,56.54575787741845
68.0,70.63841075227737
68.0,60.782022619957104
68.0,73.47159882862155
68.0,43.39481877500873
67.0,72.46302825988948
67.0,81.63193691310755
52.0,56.448696853747265
52.0,44.625256868827194
65.0,70.37117090671956
65.0,56.11920546603494
46.0,48.72597259461605
46.0,80.97022453606223
54.0,57.10496677152946
54.0,67.00537439384703
45.0,44.85641004096789
45.0,74.38140099975641
76.0,81.31074680352543
76.0,7.947690609452195
75.0,81.17948332118476
75.0,61.158756806420854
73.0,77.94385686039988
73.0,59.133111373965676
60.0,62.53223253926848
60.0,53.19426039904005
61.0,63.493368211239954
61.0,70.25918492132922
85.0,93.22691759334771
85.0,12.740587982350917
62.0,69.19953178403904
62.0,45.260889041183475
68.0,73.38185151264958
68.0,64.77890149763579
47.0,46.17331490544575
47.0,73.49074749542024
65.0,68.95569434863438
65.0,65.49139819450909
76.0,82.88529255666441
76.0,75.59225062736107
56.0,58.06737927470954
56.0,82.04512263305185
64.0,65.63874103515269
64.0,43.778334308935996
73.0,79.76499224726746
73.0,72.57760865726789
76.0,82.75250132467085
76.0,70.97188384366416
22.0,15.445759727489587
22.0,75.76486501914582
53.0,54.08243228605505
53.0,45.391354748922254
58.0,63.16457780006681
58.0,40.72639488721478
63.0,67.14006808437352
63.0,20.268913339244705
73.0,78.48574880278238
73.0,67.17858325880917
61.0,64.96464133294876
61.0,71.17625325129723
79.0,85.36131536603563
79.0,91.61778502987767
75.0,83.66688415749746
75.0,59.91614114811074
45.0,43.17646365488628
45.0,83.87078444557034
69.0,73.14113774912363
69.0,72.50605501055054
82.0,89.78461700606329
82.0,75.88496030873131
60.0,63.040369595094944
60.0,70.66758257606955
61.0,58.444065004311994
61.0,66.89787370536811
73.0,78.79858453569733
73.0,84.38717518006894
69.0,72.75852589040221
69.0,61.60021601721934
34.0,28.135142086379915
34.0,39.55344900963024
72.0,80.29824247781585
72.0,88.23061711918882
67.0,69.89987355764492
67.0,26.44725462546569
81.0,87.05685356989335
81.0,74.12511007416981
34.0,30.104835795197516
34.0,64.87376386818721
64.0,68.19383205582568
64.0,66.50242418543456
74.0,80.42421889956483
74.0,42.344945040464836
58.0,62.11302160211039
58.0,51.324232448063185
41.0,38.46051016664188
41.0,66.62047165476622
21.0,7.414496048476508
21.0,72.07612509788618
67.0,67.88299345987383
67.0,33.1727080495163
66.0,75.18467547189692
66.0,70.57096254396748
80.0,85.75956650619986
80.0,55.122725327071066
64.0,66.86347619370366
64.0,36.95435062474263
60.0,62.22704371427909
60.0,85.04394761442052
66.0,66.7999487100169
66.0,62.031371667452504
44.0,42.29128696961544
44.0,64.83388301879853
55.0,56.63494332579029
55.0,63.47663703727682
40.0,37.75163051180863
40.0,60.176212054513826
74.0,82.84060234553698
74.0,79.19087318755749
58.0,60.684981235897794
58.0,74.38502384658636
32.0,32.12866741994304
32.0,71.68486482056915
76.0,86.77682970615183
76.0,37.18087298906789
59.0,64.58856899845392
59.0,67.50592987814059
50.0,49.33724722271137
50.0,26.363441760355897
70.0,73.7166235838398
70.0,39.94123827300905
73.0,79.82193425234681
73.0,76.04853369438086
80.0,87.69342242583366
80.0,69.98748183313597
60.0,62.938042182736524
60.0,83.50005867391127
40.0,37.95642037683393
40.0,77.44319666667252
47.0,48.21180374248672
47.0,85.20115054059625
66.0,68.50034994160427
66.0,72.39368020570015
63.0,65.16648446905901
63.0,78.72225874938152
50.0,51.55444255932122
50.0,24.67279155008157
50.0,47.9369255877325
50.0,85.5577239618517
67.0,72.45596191295596
67.0,49.78203812663611
62.0,65.26585406095666
62.0,82.79446014561006
55.0,63.96852137944677
55.0,48.76822000041727
60.0,65.32626390332143
60.0,43.08622819162895
57.0,62.518697876782085
57.0,75.9794389654266
78.0,85.58747275114149
78.0,74.30759916253544
60.0,63.111534023299896
60.0,67.53772698693103
59.0,63.01548670591666
59.0,30.486496752629023
53.0,54.461753331846694
53.0,59.00656924079527
49.0,50.17213184457802
49.0,68.42651080083948
52.0,55.65805671449857
52.0,48.624752580237896
59.0,61.978607499595455
59.0,26.789633084659613
11.0,10.835913340782326
11.0,65.04006892546619
66.0,71.03457700694764
66.0,52.149842227960846
61.0,63.612908220302074
61.0,84.19474780308843
66.0,68.09820616261271
66.0,72.3412200776595
57.0,56.72829876733135
57.0,34.260326203018224
59.0,61.39466986442653
59.0,45.22221433354764
56.0,57.929691395619784
56.0,64.61354811558533
67.0,69.03323093231711
67.0,78.23904767677993
55.0,54.799014760028115
55.0,63.39329398704115
57.0,59.20586287862125
57.0,87.94757386705436
22.0,29.63209454690491
22.0,69.80146638725358
76.0,82.09934789827554
76.0,23.039639800809027
19.0,8.837468583549764
19.0,74.74182951696736
70.0,76.61495513906686
70.0,58.10992199852359
15.0,9.753207939415518
15.0,85.18641801743081
38.0,29.139547215650737
38.0,74.06984186264333
11.0,17.785733497997
11.0,68.52821002970359
65.0,69.26035510900027
65.0,59.55001545385636
41.0,36.76887629962488
41.0,71.86775539864675
78.0,82.93153550423273
78.0,69.39622000161614
56.0,55.78658410746874
56.0,90.51407903142444
62.0,65.28662350472467
62.0,61.16525304851376
67.0,70.7958149386493
67.0,67.44378324732861
68.0,77.74605663632735
68.0,58.30315322086176
68.0,72.90234703178095
68.0,58.55387965201436
47.0,47.32611207832264
47.0,72.84869532582803
70.0,72.50804486979172
70.0,76.41607838465234
29.0,19.432492251561655
29.0,21.956541573258278
31.0,33.3810109203514
31.0,68.94900598687695
68.0,69.51181917249869
68.0,49.22857108036379
69.0,75.37601829877792
69.0,68.07352965314755
77.0,87.23789416878401
77.0,36.86284331316159
63.0,69.33761884340004
63.0,49.37464616284046
73.0,78.73967977928618
73.0,70.89449793092757
65.0,74.38877639212348
65.0,24.124028325264476
72.0,79.19158777285719
72.0,67.64345895895559
42.0,43.81315727730856
42.0,69.26044294675745
68.0,74.44858026477544
68.0,68.88563581376036
71.0,74.74564482925632
71.0,3.1149274670311797
63.0,65.22380991330704
63.0,70.67639664093025
22.0,20.767097840252234
22.0,40.871836822291186
64.0,69.33680379697415
64.0,66.44926278670937
59.0,68.9223547102668
59.0,88.04366106902529
68.0,74.2183181819035
68.0,74.88402054031991
66.0,69.9653475121741
66.0,71.93796653974323
46.0,41.81630086157634
46.0,70.5963397412321
36.0,30.021139475970074
36.0,54.579016675058085
28.0,22.208305830244285
28.0,29.95672040363081
71.0,75.53411376683243
71.0,53.1954302228861
58.0,61.7220818746211
58.0,77.84457052221387
67.0,69.82507363515259
67.0,3.8937980994347186
76.0,80.73033224689993
76.0,78.83657547545886
67.0,69.35128457234998
67.0,51.04865047597656
71.0,76.87466283537879
71.0,68.81423829971277
20.0,11.540026150851475
20.0,64.82322799439083
70.0,78.1039716434596
70.0,66.30089825267197
81.0,90.15221151791928
81.0,57.85214194173636
71.0,72.7378520584935
71.0,73.62592204358765
66.0,71.97244722721183
66.0,54.41218384102268
63.0,65.98707479731326
63.0,87.61188572342951
64.0,72.61938475308494
64.0,59.62634727738828
47.0,43.65400083049906
47.0,77.80507264569144
62.0,62.91762436169813
62.0,71.68229975781037
48.0,44.101231742469395
48.0,71.85681037463178
61.0,63.84737579060743
61.0,74.72757152368314
48.0,44.21605690126165
48.0,49.739087596530624
42.0,40.92380550834082
42.0,75.52481540220401
50.0,51.88869664984128
50.0,83.53858588555681
56.0,55.99561851276576
56.0,52.75425468841138
58.0,63.98152668611709
58.0,57.10735571040783
68.0,76.6286857272276
68.0,69.27598702482243
71.0,75.86336018053083
71.0,60.46941082435029
65.0,71.53772934980145
65.0,85.41391387989461
62.0,68.02559387779388
62.0,75.67379159677671
77.0,83.40377828389023
77.0,70.28840421095259
68.0,73.48952955798217
68.0,36.633957560177805
49.0,47.79641839409476
49.0,50.34363333033292
71.0,78.43095223528866
71.0,59.498022897630904
66.0,71.5346424509346
66.0,71.90216380534673
45.0,43.3892230246405
45.0,79.01559142087615
69.0,76.10090052651174
69.0,68.0876941794084
52.0,52.31117182201717
52.0,82.86870726378584
66.0,71.55028336918838
66.0,26.420305188834902
64.0,69.51269784822347
64.0,73.5745990293234
67.0,70.80000117987697
67.0,31.81814995457404
64.0,67.44978322002987
64.0,64.05560910140963
44.0,46.396486423306555
44.0,63.85345409090314
71.0,75.42580333862009
71.0,79.3309614940901
75.0,81.16368003770032
75.0,50.13182241464136
75.0,80.7906551739826
75.0,52.13661529074983
54.0,51.9888727097582
54.0,78.74847507363882
54.0,57.432306005090425
54.0,71.52056420057357
56.0,59.12760231668284
56.0,72.50910389958068
57.0,55.847503693885244
57.0,82.30278819666137
60.0,63.57604201370361
60.0,55.43081075135518
71.0,77.34009208035502
71.0,35.95345478024592
44.0,40.64956661184931
44.0,82.13649069228302
56.0,63.76920570386716
56.0,51.547220571837215
66.0,71.99438264982086
66.0,57.21411841981666
56.0,51.18939613893099
56.0,73.78968731602913
64.0,67.54260167079786
64.0,68.0195267100072
72.0,78.93473120886529
72.0,19.345549426781872
60.0,61.152942409116235
60.0,49.88004049274082
71.0,74.6982010464207
71.0,64.68893224836467
63.0,68.03193744140856
63.0,93.64639095020965
65.0,67.33550000770356
65.0,47.65307293708452
71.0,78.11621878154409
71.0,30.556584041442136
50.0,53.116514478293766
50.0,21.131552602580143
43.0,45.508456037877295
43.0,71.42278375540184
58.0,60.292741249697485
58.0,84.97878558271492
39.0,43.81015390803498
39.0,51.82840286327803
71.0,78.63089165573291
71.0,50.56075610952945
78.0,84.59821009143167
78.0,74.04714189325273
60.0,63.17614731760858
60.0,61.02810688514563
56.0,57.822078720195975
56.0,35.6961572405653
62.0,65.8937886780451
62.0,56.51354847140777
39.0,44.15971499480571
39.0,74.3004177040645
75.0,78.07057999501563
75.0,72.89910878719655
74.0,81.16466062295007
74.0,46.213800318050176
64.0,62.671297205858025
64.0,82.57363649836111
46.0,46.211431611520595
46.0,57.69713336945688
61.0,62.9659013641928
61.0,60.349142828091715
71.0,78.80040008063634
71.0,46.73708986001935
66.0,70.90148155269901
66.0,79.90078721571103
69.0,73.68530822465101
69.0,51.712602951664906
77.0,83.4380110375347
77.0,79.06074514599447
74.0,80.52730466273164
74.0,72.41319424169279
80.0,85.6872127659397
80.0,9.271156197463995
63.0,67.67856814886056
63.0,67.70735865401474
69.0,70.10232474426209
69.0,64.65592046798247
67.0,72.50605501055054
67.0,83.63186093168548
54.0,56.59040981789468
54.0,52.22353279673854
64.0,67.39685864165068
64.0,83.49367587666416
56.0,59.12803457745514
56.0,52.655958592456784
50.0,49.09992881883824
50.0,68.56986690485274
73.0,78.00068041131453
73.0,6.183043985720303
73.0,78.31087856648725
73.0,49.19505344029295
65.0,70.07769992447544
65.0,70.12261645286242
46.0,51.50801201673056
46.0,37.570702026963204
32.0,32.79160170202772
32.0,74.18085510718146
70.0,74.20367227276819
70.0,46.64132483476476
69.0,76.20728589037827
69.0,48.29222728390454
47.0,44.79420637901558
47.0,45.49977022746032
72.0,77.77849723493847
72.0,62.28116053251665
77.0,85.06678848942636
77.0,73.60069851428182
63.0,69.3458606758769
63.0,62.85847789072284
75.0,79.09646296845091
75.0,78.73967977928618
64.0,70.02505361919293
64.0,44.06253817316201
70.0,76.43119935634166
70.0,61.265096959506934
73.0,79.84223094925511
73.0,64.96740029067382
67.0,69.8568912981533
67.0,62.88946114835875
54.0,51.571357384660814
54.0,21.026073632063117
29.0,23.138786286168852
29.0,77.02011802327002
71.0,74.21115964670048
71.0,71.34940538433085
66.0,71.53256671590316
66.0,60.10526029272381
76.0,80.71667026979839
76.0,70.92612635440395
73.0,77.85465286688645
73.0,75.7827464230067
72.0,78.57101820368473
72.0,79.75820088397035
24.0,22.99530239371967
24.0,84.74506028430062
55.0,53.904511488171465
55.0,58.691271729611344
57.0,52.98566769809361
57.0,51.18372823267771
44.0,44.71892266167475
44.0,75.54679300398772
52.0,53.654769520279615
52.0,52.30120991551729
72.0,77.38720812460474
72.0,18.629606363518576
55.0,57.815514834061275
55.0,30.91755364456378
68.0,69.78072454699105
68.0,75.79327847597398
67.0,70.7367857792326
67.0,71.05612643331011
50.0,55.857270472856214
50.0,34.96840723768685
62.0,66.45806263362692
62.0,32.18963478247599
61.0,61.33560360766745
61.0,77.7396210944504
47.0,49.224550103306285
47.0,81.40187768009719
69.0,69.52831413609044
69.0,69.77396690281557
45.0,44.06766472002204
45.0,53.29169802042571
73.0,78.39183759211505
73.0,72.40505056631986
74.0,78.41562710915775
74.0,70.43027611793434
47.0,51.96165579999422
47.0,78.25829058651033
62.0,66.71276870933156
62.0,37.38133592561883
62.0,67.77030569244016
62.0,70.12799018544092
59.0,64.84860191279353
59.0,68.05072521941196
80.0,87.33400140562162
80.0,78.55276630303649
74.0,77.96244678841595
74.0,67.44369962478555
55.0,53.9712134528703
55.0,68.73029006056674
57.0,62.18357445332515
57.0,23.05649197203394
77.0,83.80843223671314
77.0,53.138204936780255
70.0,72.84633040686083
70.0,87.53064611911088
61.0,67.67853087127276
61.0,52.5128986564751
61.0,68.59550442336143
61.0,73.33408790290224
27.0,29.11515018718552
27.0,49.187756390247785
69.0,73.59192372927839
69.0,40.09498113702551
50.0,52.45577429737705
50.0,63.256616655258426
65.0,69.73684704455712
65.0,58.192975822841106
67.0,73.19714253685726
67.0,78.96294258539268
65.0,65.38222939932825
65.0,90.63905312925226
51.0,48.14944371955926
51.0,40.062758080139986
53.0,57.89023589799734
53.0,68.14041918915257
67.0,68.8527364842945
67.0,57.31988335636726
74.0,79.58293644301966
74.0,67.89243249923061
41.0,42.29128696961544
41.0,72.05667164052977
70.0,74.51641666609504
70.0,73.88946199874323
48.0,51.048216942247734
48.0,82.78943412727614
83.0,91.29231094919794
83.0,72.28027206570238
70.0,74.72378355172697
70.0,73.65329166454961
77.0,81.0612114966222
77.0,81.28005344923469
37.0,40.25317199692694
37.0,72.5316176370057
37.0,29.849508673345497
37.0,41.686385186880216
40.0,48.74780627321866
40.0,74.89837726132976
79.0,85.76759472362437
79.0,76.91674491489579
30.0,27.748152853366037
30.0,65.06745769302188
78.0,83.94476689816997
78.0,17.208502434118543
64.0,68.2107148572374
64.0,76.8374196342699
62.0,64.07944105133475
62.0,36.72102249114397
61.0,64.56901622426807
61.0,66.8541083542575
79.0,85.13651294330566
79.0,43.151498913825435
56.0,56.402696669634054
56.0,59.909505538551116
70.0,68.51242190718534
70.0,67.03377269138724
65.0,65.26290927248135
65.0,58.168521305046454
68.0,72.72543159718288
68.0,46.98347589838727
44.0,43.750100954394156
44.0,70.61651707376592
67.0,68.44889066218326
67.0,73.96280100695293
65.0,72.38679024495138
65.0,20.993537383281705
59.0,63.70145841564232
59.0,83.42238886181889
82.0,89.66877834489907
82.0,37.95318555198054
70.0,77.3908193823151
70.0,73.73884543118118
60.0,67.25681965209628
60.0,64.4929749659293
49.0,53.41306007323027
49.0,52.204952205974394
82.0,90.29380570613642
82.0,67.57183931348675
67.0,72.44508477354498
67.0,75.05489130000035
67.0,70.71606460914728
67.0,43.79624182262114
69.0,74.14097512923081
69.0,60.179572831794076
69.0,75.7141235669709
69.0,96.66356944231774
46.0,39.797666868675094
46.0,78.47755879053591
63.0,67.7055423224686
63.0,75.55728738750003
49.0,46.542175751256764
49.0,60.10977708475741
58.0,64.10633259040617
58.0,61.12098589652652
58.0,58.653336431305945
58.0,75.11858403524911
49.0,50.34363333033292
49.0,79.51600005882955
76.0,83.05051750287367
76.0,54.244879246167955
76.0,82.64806691082299
76.0,73.55178373612404
74.0,78.55277017883697
74.0,84.9624419249613
21.0,16.88688291864179
21.0,49.227167002133
33.0,34.976004847536615
33.0,56.65086276325127
67.0,71.61496356176889
67.0,59.01090773525698
69.0,75.60836158379198
69.0,46.0514325516848
66.0,70.16919233934192
66.0,64.78444720711667
69.0,73.28958237034345
69.0,56.10259086404204
76.0,79.95549093148509
76.0,84.1233009484381
64.0,68.50328722573158
64.0,68.42732441168909
68.0,72.05190411587085
68.0,55.206273603517616
64.0,62.57486279400831
64.0,85.29811235298257
63.0,64.75695592125066
63.0,67.40565105656896
76.0,82.77658550589274
76.0,25.95773572069936
49.0,45.80084514688173
49.0,12.374531551042764
64.0,69.41167249129484
64.0,75.73456598204626
70.0,78.11449221589419
70.0,69.20187711187367
68.0,73.19368387119994
68.0,34.39922871284989
56.0,55.82865353746371
56.0,76.8221071972269
80.0,88.23098981352746
80.0,77.64184032099126
57.0,53.11456290376617
57.0,53.26296561954143
60.0,66.68078755920976
60.0,67.61514579845118
56.0,56.182149047271935
56.0,48.25301494361213
54.0,56.897034839299295
54.0,41.202771234370346
73.0,78.99702767217167
73.0,76.73631654080384
67.0,71.9993555145511
67.0,61.75186414091354
63.0,64.13866014473064
63.0,46.57657033566619
57.0,57.440765334411196
57.0,46.58938207478354
66.0,70.31980201484947
66.0,34.27001339073718
41.0,37.907727010030044
41.0,77.7541723645943
55.0,51.93367287704331
55.0,40.708432708947896
76.0,83.87519327352766
76.0,75.17763331798977
61.0,65.9390652243639
61.0,28.37412705087877
51.0,51.45910189099385
51.0,56.691482052666004
68.0,72.25197620766454
68.0,42.8054008678306
59.0,66.43435273157172
59.0,73.25984600532735
55.0,58.13070110322417
55.0,68.34176853052509
76.0,81.8552372977772
76.0,74.98346628045346
72.0,82.06871224812267
72.0,71.26856787607022
46.0,51.16706044396477
46.0,61.78820563188748
72.0,78.57855642043609
72.0,78.49647350580119
57.0,62.40587270696767
57.0,84.18011119235575
71.0,77.63839969514356
71.0,59.23392126575362
78.0,85.03603061012825
78.0,66.65636706805287
54.0,53.92832723341252
54.0,57.822078720195975
66.0,73.77197994638271
66.0,29.218007144438218
44.0,36.1130880119191
44.0,60.38579057703481
48.0,55.19317162459248
48.0,80.8728629935884
51.0,57.39167864300015
51.0,68.35376860748966
50.0,49.339101330043775
50.0,63.89878026529789
73.0,79.87149603656081
73.0,75.63006476661792
66.0,71.10582557818253
66.0,88.03463745294846
53.0,59.69175748125923
53.0,79.34920001216994
20.0,-0.4375567967062466
20.0,69.58520958274056
69.0,74.07925447698358
69.0,75.91639018733059
81.0,88.01215531334674
81.0,19.75845628276295
42.0,37.75913367048514
42.0,56.5484848145241
64.0,71.00608835678406
64.0,67.53266603241337
70.0,74.00899885839209
70.0,63.8751417105662
66.0,72.8710179539163
66.0,77.13142374916208
64.0,68.61340888078905
64.0,63.62337941617818
57.0,60.40079184855671
57.0,36.92021568897951
71.0,77.3139797238453
71.0,21.552282396267117
76.0,81.92759367830769
76.0,72.7219755189011
51.0,51.83513984307746
51.0,72.89164023265079
59.0,60.86733073196717
59.0,64.37214772741044
72.0,75.16179517547215
72.0,48.97207657764102
63.0,68.97929739743785
63.0,71.91944777779383
63.0,63.140054933460476
63.0,70.38481845777636
52.0,48.69443699392542
52.0,67.62739236779458
72.0,77.34796185658035
72.0,46.972282036580225
10.0,8.070832027940867
10.0,59.909505538551116
36.0,39.66875903953945
36.0,49.696068422320366
63.0,64.28483300727868
63.0,46.98957315985331
51.0,49.31475470482911
51.0,80.52022476148767
65.0,69.86380911302018
65.0,44.2119019334466
71.0,72.6174075696012
71.0,75.77268642718604
75.0,81.05546270272822
75.0,66.22080212069704
42.0,36.32595615062718
42.0,33.029384703689345
49.0,50.83108498482153
49.0,53.939804868576516
59.0,57.538395092477856
59.0,62.54209907044958
69.0,73.82618245075878
69.0,43.29918835813072
72.0,76.14192918542534
72.0,61.479196078419534
45.0,41.44798054843841
45.0,72.03254041683164
37.0,39.23967244137958
37.0,70.062322952756
66.0,68.22867389012669
66.0,22.12987558210034
53.0,53.37176743963721
53.0,33.34677241749387
60.0,60.85663143146962
60.0,44.43926626360792
54.0,54.67308856935949
54.0,39.58489387802206
60.0,60.6860453713964
60.0,55.342474589493406
31.0,27.339036132419892
31.0,22.3347514099961
62.0,66.68031500912377
62.0,77.99703772571172
65.0,70.38099837153288
65.0,47.28547392059579
64.0,67.98879996826412
64.0,60.17956772594334
58.0,61.75207574601694
58.0,76.36235066546823
66.0,73.76259482443237
66.0,50.15615465938714
45.0,50.94432777039822
45.0,86.35872184794931
68.0,71.0481728776
68.0,72.16999425518691
75.0,82.75071146569849
75.0,85.44371713554398
65.0,70.45790816007536
65.0,27.459162962748053
36.0,34.07335142740004
36.0,69.85485096146078
74.0,77.50283025292521
74.0,72.70442294530073
43.0,45.31842874376508
43.0,71.33829185406262
63.0,71.90577195466619
63.0,76.49702690031154
55.0,57.40583177725398
55.0,18.975527769458267
66.0,72.81065309249516
66.0,84.98757673814782
69.0,79.13761557970304
69.0,53.23669245541157
74.0,77.85959340398898
74.0,63.00550464495183
73.0,81.38530270321712
73.0,50.965898296467685
46.0,45.529343260764676
46.0,27.6289362222019
56.0,56.63074454312499
56.0,34.43623335214005
65.0,66.4026134678017
65.0,76.5762761130124
58.0,62.87587039485254
58.0,42.57965903213187
74.0,78.24997234035158
74.0,46.84944912133875
52.0,54.35766467211096
52.0,64.01666919040804
69.0,77.03708200273468
69.0,55.16595096774216
65.0,70.85934269860047
65.0,53.95092127526743
75.0,77.24439427227799
75.0,64.92178306354879
68.0,74.7872582924818
68.0,37.18087298906789
40.0,40.44709375315364
40.0,36.31869124853148
50.0,52.69959059414998
50.0,37.52331730678242
35.0,33.01446502879469
35.0,9.616479916246305
61.0,59.33776254190411
61.0,79.01983370717483
36.0,32.07709411315193
36.0,35.74811990263942
82.0,88.95958467324141
82.0,61.02850977298584
45.0,35.99376349924489
45.0,76.31745859476439
49.0,48.84919774816052
49.0,69.60487459968914
66.0,70.75297397160944
66.0,48.49134190161686
78.0,85.16987824178517
78.0,69.35253893280117
37.0,31.744831580812672
37.0,65.07415114703849
57.0,58.923777831927964
57.0,71.42310670784371
66.0,67.30719632572459
66.0,70.32936317863664
72.0,79.33341935721279
72.0,81.44292818677883
70.0,74.1743832774593
70.0,79.90812954914225
49.0,47.21179889952003
49.0,65.9374348807429
64.0,66.6521268526671
64.0,77.97144799037164
37.0,33.731011111573764
37.0,86.83471421687335
48.0,45.50182564227424
48.0,68.20686583534263
67.0,75.78611299784893
67.0,64.93669932825287
61.0,59.621228380113166
61.0,76.88484825515638
54.0,52.446211731220785
54.0,62.126341651064024
53.0,55.954142783549685
53.0,82.84167281087485
38.0,35.37749628101807
38.0,42.38811952583427
80.0,85.43296575654483
80.0,71.50850516750694
77.0,82.50330797554398
77.0,60.40861359603531
25.0,14.184626407068492
25.0,53.9069378522471
23.0,22.383700819826856
23.0,71.60941887379767
39.0,42.0918880922639
39.0,1.0803995809081357
48.0,51.74639092356074
48.0,48.706317364733934
35.0,36.94726653866178
35.0,70.73046458090079
50.0,56.03798444888207
50.0,20.767097840252234
44.0,44.05386729904933
44.0,62.764702968659435
68.0,72.52736979645493
68.0,72.48048179794108
65.0,66.91917283918679
65.0,8.883373449346152
75.0,78.65231368673454
75.0,88.1123606350439
63.0,67.61038307521926
63.0,66.53503674292767
51.0,56.76628194533481
51.0,71.6934473316914
72.0,77.59389062006278
72.0,21.661412123910395
71.0,74.59947538018827
71.0,47.35658248026209
29.0,18.969249646730248
29.0,68.60317412948177
75.0,83.72596758508627
75.0,79.69087099372558
69.0,77.97050021738619
69.0,49.08890437002617
66.0,72.49161547284086
66.0,63.164609019826685
72.0,75.52572115570234
72.0,54.11446314540831
65.0,63.09885723222192
65.0,76.59851244312074
61.0,64.1610466682726
61.0,79.34518610667482
64.0,64.15930584121514
64.0,6.728711118672095
58.0,58.84586683100747
58.0,16.211170966561838
64.0,65.45728787697021
64.0,77.27893014183718
62.0,65.7447842135515
62.0,71.62695172018891
65.0,64.89777453030189
65.0,70.2810591087956
42.0,34.92926873428473
42.0,40.492862871910916
62.0,64.49953587985459
62.0,27.310322556776157
47.0,42.27135676951718
47.0,59.586394270935045
66.0,74.89082007949048
66.0,59.4992304269573
82.0,90.38830458876885
82.0,65.10756523938142
59.0,59.58371832993811
59.0,24.075552119190036
52.0,50.80252242280636
52.0,83.88647245615607
54.0,55.04048508785593
54.0,46.863144295995085
60.0,66.8595141993099
60.0,60.01482709426921
27.0,19.668253002974495
27.0,67.03254497330312
72.0,76.74804702886468
72.0,81.6548336994739
74.0,77.37871598010054
74.0,73.7516075637468
77.0,83.258554890342
77.0,78.19752840068537
67.0,68.97975160134223
67.0,89.603699302498
80.0,87.87293790534164
80.0,23.02213255235705
64.0,71.1777127688701
64.0,65.42039809798263
62.0,65.02640531847129
62.0,67.71844759539687
58.0,61.221150831624016
58.0,73.65154828576567
63.0,71.1076209567284
63.0,81.7100611536186
46.0,44.7055278828409
46.0,42.356752482349805
42.0,39.92634692331882
42.0,37.82411888176671
61.0,63.186791135666624
61.0,70.29879076033404
39.0,42.27503244395882
39.0,82.99333526483616
81.0,89.99471791216581
81.0,74.86340983014276
49.0,49.48783631763496
49.0,61.16032636691483
77.0,81.70465831525638
77.0,51.6773667481076
71.0,80.40777335989827
71.0,4.152242942361852
74.0,81.78725026219553
74.0,57.27332670527409
63.0,69.23128285926907
63.0,80.14591680002223
76.0,82.49431746771756
76.0,86.8677022287635
45.0,49.2553675290946
45.0,75.28024026997764
51.0,55.53090702446025
51.0,64.537590748926
63.0,68.55843382413502
63.0,70.09544375401629
66.0,68.71017714305003
66.0,73.33193439404454
66.0,65.28974556901869
66.0,41.51263757748791
38.0,31.389410457031886
38.0,72.84753025183886
48.0,44.514720523917504
48.0,60.61234071269894
67.0,71.63608496334626
67.0,55.38288358408943
63.0,69.22145128078671
63.0,85.11237123199845
52.0,53.25272040576658
52.0,74.91298298419412
52.0,54.49320093797678
52.0,84.93405139082222
81.0,86.68453990126966
81.0,63.076132178057776
48.0,47.04671332164929
48.0,86.52682309775264
79.0,83.59795975765172
79.0,37.26772247185892
68.0,73.82598293902072
68.0,69.78669686696037
68.0,74.49160469333077
68.0,47.12085858392237
69.0,72.12920755132126
69.0,60.53448789183136
68.0,71.55390815130295
68.0,70.9193017649331
74.0,81.72596187538204
74.0,68.25487940049396
66.0,72.3066797460844
66.0,80.45493697082617
77.0,83.80367634363864
77.0,57.45419960366701
70.0,74.0109177259555
70.0,39.70877385390503
49.0,48.20615224996328
49.0,71.13948578890466
49.0,51.876297122057565
49.0,71.97341937955906
74.0,78.72933702845478
74.0,7.121929172418561
67.0,69.44505318430458
67.0,51.47376932489715
66.0,72.73063336611654
66.0,73.55352201209956
74.0,82.41823565648383
74.0,74.07090246548819
62.0,65.75051886353333
62.0,25.68768198918582
47.0,46.904469587726
47.0,70.65512022388407
26.0,22.10443758141662
26.0,66.35098839481225
20.0,25.047793127834893
20.0,57.050831602522805
59.0,57.800950873190914
59.0,45.552174369742204
66.0,66.87640301000323
66.0,35.50019332108798
50.0,47.63640535163955
50.0,56.63398841367433
65.0,68.93859221307997
65.0,65.82516445981997
48.0,49.61439987483931
48.0,35.37749628101807
54.0,54.62542275926768
54.0,61.443063086215545
17.0,18.975527769458267
17.0,82.59181605432661
53.0,54.7976590354138
53.0,72.65757537363282
59.0,57.00100919372136
59.0,81.55544181392992
48.0,45.46509900194923
48.0,53.343461842980446
71.0,77.06475005786507
71.0,63.541163003455665
76.0,81.12133645564307
76.0,46.13942215799062
51.0,49.00878526618317
51.0,28.65784912474186
57.0,59.053035233970206
57.0,60.246821641149324
67.0,71.09588474264604
67.0,75.20157109084516
67.0,74.39607323718587
67.0,68.83893078276054
70.0,72.97741084081298
70.0,6.283099385150933
47.0,47.44407227680858
47.0,61.63565823530274
67.0,73.37750380032327
67.0,81.86609624679835
65.0,70.18417574999643
65.0,43.56450130275084
40.0,41.38025634717104
40.0,71.45128393703249
70.0,72.61412282564771
70.0,82.61572400678921
68.0,72.34978755750018
68.0,64.24026311237111
60.0,61.81174136195261
60.0,55.74225758051341
67.0,70.73653027054854
67.0,80.08706831067593
63.0,71.54801967128668
63.0,70.20382474164035
71.0,73.27197471943214
71.0,50.32587036142161
34.0,25.295872661861722
34.0,41.98204715322885
70.0,78.33588583212713
70.0,55.417823624840366
66.0,68.50018086885228
66.0,63.67698710226341
74.0,80.20778969897157
74.0,60.8585612316798
58.0,61.65719174128975
58.0,71.78491297708888
63.0,66.49968025909266
63.0,65.65892158738677
23.0,21.18271462132651
23.0,56.7765096019142
73.0,82.51648338934734
73.0,66.64380243017746
26.0,22.708223132301896
26.0,89.2928641927167
48.0,45.93951454696304
48.0,58.68191454193453
54.0,52.2194395124298
54.0,75.88722950937415
61.0,67.00027927011979
61.0,53.41396302200832
68.0,71.19790575196959
68.0,65.03642471671412
33.0,24.653326185582728
33.0,73.98785476843159
73.0,81.44900627823796
73.0,86.33865620526393
50.0,49.22858524421906
50.0,40.26174567154413
69.0,76.52300769616454
69.0,22.720566175266015
72.0,79.61972600641911
72.0,65.31207316141621
72.0,78.28039693724736
72.0,82.14573008541146
68.0,69.3164273930442
68.0,76.39974987496737
77.0,85.51035261072656
77.0,70.48151366552577
32.0,27.49706899408301
32.0,60.543332248677075
75.0,80.99804620355116
75.0,77.73393977990872
61.0,62.36627963538518
61.0,67.35740000240776
78.0,84.79675112978174
78.0,68.08326374458005
78.0,86.48589138262918
78.0,90.08543628734486
62.0,64.91637480956672
62.0,72.0283519506296
40.0,44.27629508647533
40.0,79.38418058893285
75.0,81.61423493363446
75.0,80.21374294981183
23.0,20.91477525291964
23.0,79.98189571556287
35.0,29.68890365223382
35.0,69.84357862752472
74.0,82.2796559803578
74.0,56.768525097169174
49.0,44.526517918589434
49.0,82.71103330583583
69.0,74.463642715209
69.0,72.55847119708147
70.0,75.83240733662245
70.0,79.4849132975649
55.0,60.27229491324562
55.0,69.7579823743074
50.0,58.49953747914776
50.0,66.55240449864448
65.0,71.51039406389452
65.0,26.41034575622018
39.0,38.94973266186736
39.0,36.79382009738174
26.0,18.486415699275256
26.0,81.04853402743294
66.0,69.68505827366164
66.0,70.62610313903957
71.0,78.68801179349003
71.0,67.59989603196118
36.0,38.9026198082891
36.0,68.29307177171012
72.0,74.78668288311837
72.0,59.10715359752038
47.0,46.70113082681138
47.0,18.355263555720512
63.0,66.29877192421759
63.0,56.442242687444946
41.0,37.46214320152211
41.0,76.22273388317473
52.0,52.18889579633492
52.0,70.9708368861908
50.0,47.483882795559225
50.0,70.05499860933725
79.0,83.96817189862924
79.0,68.5498985654558
40.0,41.25476695590254
40.0,63.407057528786765
65.0,71.90144670843159
65.0,34.124591262303966
70.0,74.1220879265174
70.0,46.9686753323204
46.0,46.58591672179523
46.0,59.222584211430046
56.0,61.79627631652386
56.0,75.40071477118664
53.0,53.13859321021283
53.0,88.27499632019703
63.0,67.17191072858566
63.0,60.87874705758918
67.0,70.42751051287138
67.0,23.977424570051937
52.0,51.43560561331884
52.0,24.434508299175945
60.0,64.53916858212096
60.0,68.27270881453666
57.0,56.26064069642439
57.0,77.41884176484166
51.0,53.6811951349232
51.0,71.38102440753192
39.0,34.94061798248924
39.0,63.777899057340505
30.0,27.321699242972272
30.0,81.16114502853543
54.0,55.702277211220405
54.0,43.07035840413977
48.0,54.12974059506479
48.0,78.58940898605846
42.0,42.89796700904094
42.0,53.03465693628124
75.0,80.70900350008122
75.0,26.96136849342156
47.0,51.99581944183518
47.0,34.6049128397496
51.0,49.76564572494135
51.0,76.0200726171849
62.0,65.80840820848368
62.0,50.06532026300533
65.0,68.88852057900772
65.0,42.8853497307461
68.0,72.5990158318495
68.0,51.77300063718735
53.0,56.14644496563369
53.0,60.90714701054321
74.0,79.3176809475018
74.0,58.579835383182456
25.0,19.318783620445913
25.0,73.05766780219625
64.0,64.41635509994518
64.0,75.62065077456077
46.0,44.947729105560256
46.0,24.122779849244864
47.0,54.56773250476249
47.0,32.11135526368912
72.0,77.2705678707718
72.0,18.527532623813727
60.0,66.38962120223266
60.0,38.402439734276356
73.0,81.68786916680853
73.0,70.99920147430373
80.0,86.16418159162697
80.0,81.60222250016392
57.0,60.872446484448915
57.0,79.30855310044319
36.0,25.88347860652823
36.0,39.65192909452452
54.0,50.883772189919114
54.0,68.15732957963189
76.0,84.79866065922772
76.0,22.679937789687813
70.0,77.66778305308651
70.0,61.111249409708705
65.0,71.96449895538996
65.0,74.5464277331456
53.0,55.07173157025073
53.0,19.99160975055628
77.0,81.6311047171456
77.0,74.07881851551161
60.0,69.68538109484945
60.0,62.003807926918114
53.0,58.50230288546476
53.0,64.68487331125834
34.0,37.16193018926316
34.0,78.86847610229108
68.0,74.42068287652097
68.0,61.66981120144692
70.0,77.3080243572507
70.0,65.11937501287503
46.0,52.80866329016084
46.0,76.51586792519015
51.0,49.071396722722625
51.0,79.7603656762912
72.0,76.2923986285225
72.0,45.03199972032928
72.0,76.91003415220621
72.0,65.51666790756724
31.0,38.33335132541197
31.0,72.62357153484999
60.0,62.883544972952336
60.0,51.15030662126071
59.0,63.83506174846133
59.0,69.38097139414151
73.0,78.13177789470308
73.0,28.77650115772161
36.0,31.65552437184141
36.0,71.81019740695854
70.0,76.42202862607513
70.0,66.03215081789688
75.0,80.09423453081837
75.0,71.38921714762603
32.0,27.409442123064764
32.0,21.14325952326857
66.0,70.40765710429793
66.0,68.23244112917587
37.0,31.454748529436245
37.0,22.126431971394425
83.0,89.41885091421051
83.0,55.41769530664345
36.0,33.44736897115098
36.0,70.56394945721144
74.0,77.35941916580384
74.0,78.01707982461011
27.0,17.49986748510662
27.0,81.98945384351356
49.0,43.31666636545998
49.0,77.45093306508505
34.0,38.26510104457287
34.0,26.026171570897645
66.0,67.55098866404262
66.0,72.28246608504662
61.0,63.902096586814025
61.0,60.56586196214215
33.0,31.894704124846726
33.0,77.05735621095857
74.0,83.7469447223404
74.0,78.30275136609635
72.0,79.08914802282993
72.0,79.44219621552634
45.0,40.04504802249522
45.0,66.08779959602253
63.0,68.33895231322958
63.0,80.98785559338194
66.0,68.751936128093
66.0,48.30251275655439
26.0,19.992840931315584
26.0,38.293951808235306
46.0,48.84020861540915
46.0,79.72417347036156
49.0,48.859847891654965
49.0,75.37532582340953
65.0,74.08829820251862
65.0,33.92934201794577
72.0,76.23034199717335
72.0,64.21558634202978
67.0,71.75045994099861
67.0,66.90572666885481
67.0,72.0941469616306
67.0,72.24037045736492
77.0,84.86300562633068
77.0,71.42216379410542
41.0,42.8580394295123
41.0,28.98671329123448
59.0,61.73847258318517
59.0,57.91889973764319
34.0,31.40486037844346
34.0,39.19248959176747
81.0,86.85474691909889
81.0,29.849508673345497
71.0,71.14818590909192
71.0,50.32587036142161
35.0,30.701713263443423
35.0,83.71906970188093
56.0,56.88691573192136
56.0,83.01879444127678
69.0,77.59876784513432
69.0,73.37775576668656
66.0,69.20806871467067
66.0,55.37784532278653
59.0,55.67746540813471
59.0,7.8100218978597695
70.0,72.83800917840125
70.0,11.48694143701573
53.0,58.92078473248961
53.0,73.67866196598982
69.0,74.46598320315354
69.0,61.57160226129224
42.0,38.188431117010055
42.0,70.54551410374444
73.0,78.7248581353727
73.0,57.38257347344569
33.0,34.087283413923046
33.0,73.54457526685724
21.0,13.737230402461876
21.0,37.601368726250314
64.0,65.09605379488727
64.0,72.71630999861452
65.0,70.54679501279884
65.0,81.36431629730941
19.0,12.135209289680745
19.0,77.6819128929157
75.0,80.28959688284687
75.0,70.6967567989679
79.0,86.95695385058309
79.0,66.06016329750923
61.0,62.44277924568246
61.0,68.98220295005751
55.0,58.61179606990356
55.0,82.17053592634124
61.0,66.10349657791392
61.0,54.567906347074654
55.0,53.72505250608708
55.0,61.94362391336722
73.0,75.96548648983418
73.0,66.09629785013328
69.0,75.57971003568434
69.0,62.35257811031323
69.0,73.75469998574988
69.0,56.5139724905672
79.0,82.64690570079705
79.0,75.55117641716237
43.0,47.627304181535976
43.0,63.2820482355674
82.0,87.62723740656969
82.0,38.09733332510575
69.0,73.7541398221714
69.0,64.22666035586502
34.0,38.59694701603195
34.0,75.47940465135753
76.0,84.60501660202164
76.0,60.67685980642233
54.0,58.139315300150884
54.0,75.64072972628844
69.0,74.81636069563888
69.0,42.678601078438305
36.0,32.664139920479954
36.0,84.39893275808663
74.0,82.5759360525326
74.0,46.494695729380794
25.0,17.080569942848342
25.0,65.16237379921938
68.0,70.93842698600946
68.0,73.99666017532502
71.0,80.18206871382938
71.0,86.04894788792228
65.0,68.08826421378012
65.0,70.72897306771353
68.0,76.29052653426447
68.0,32.67238962392247
66.0,71.73525583679083
66.0,54.159614409848245
64.0,65.36752121550325
64.0,59.41414093098655
80.0,85.96140892289759
80.0,48.16832678901295
50.0,56.285619813395044
50.0,72.99065998540635
82.0,92.0594775900754
82.0,59.445923885791274
70.0,78.35978316287708
70.0,79.28909721462628
65.0,72.83295140706747
65.0,69.2398244423473
78.0,86.75449728448439
78.0,72.72004832651686
37.0,32.816815150468585
37.0,73.60746324919342
58.0,60.61281544229371
58.0,41.75530041700159
48.0,51.24722878761344
48.0,57.71667239066579
48.0,50.76195286355062
48.0,78.51282227639837
55.0,53.751096172683845
55.0,65.26785662241565
66.0,69.13735502039992
66.0,76.10978179303623
66.0,69.3056021442303
66.0,75.05623770762065
67.0,74.46633568124946
67.0,30.7894249717977
59.0,64.7049488799874
59.0,41.562839984766526
71.0,77.81564933524805
71.0,55.762381104263
71.0,76.3560323504285
71.0,63.34919569598753
87.0,93.43689376583211
87.0,62.39852142694167
80.0,85.79872202323133
80.0,78.83384739490691
57.0,58.42354410446677
57.0,81.98083936594242
30.0,26.831097568491543
30.0,36.352537606263354
71.0,78.0594500647735
71.0,83.21604900008356
64.0,67.61874291555785
64.0,39.13138550782378
78.0,84.68085721616166
78.0,88.71663996631986
30.0,29.768251623904746
30.0,42.70451592137164
33.0,24.493745577742573
33.0,81.87938444567192
69.0,71.75970064140313
69.0,59.141551430053994
82.0,86.79607542210505
82.0,65.58035698594222
72.0,76.53190529107604
72.0,62.05011625524821
72.0,76.95623121915492
72.0,69.40414604696304
59.0,65.48602088781843
59.0,68.28705814246013
15.0,11.918406094494344
15.0,25.86697421469819
52.0,50.84131150773743
52.0,76.42967958480608
70.0,74.55078846415051
70.0,67.62162859102563
52.0,46.792590835705596
52.0,77.87029542550977
38.0,37.95003550435678
38.0,66.54084371116875
71.0,75.22585619941589
71.0,51.67303648337219
26.0,12.763162101220246
26.0,63.99129246840988
31.0,29.08189250763064
31.0,72.07004913230804
72.0,78.80337720256739
72.0,57.38257347344569
79.0,85.1242371019577
79.0,67.3173005910918
52.0,48.809579828985704
52.0,71.43206010928839
39.0,30.96013669581299
39.0,70.36004627063403
61.0,65.12479548407833
61.0,86.65994364058582
67.0,73.20466980204208
67.0,73.10712598286676
47.0,45.15529722069084
47.0,32.6477224720702
72.0,76.14869024449763
72.0,51.46716064858333
74.0,79.8210463900221
74.0,60.90381488081209
42.0,36.114196617614084
42.0,71.56065810203518
77.0,82.89263337326821
77.0,73.26319905063968
46.0,47.14576050084759
46.0,66.51475663152064
54.0,58.49996930751024
54.0,30.67076957374428
65.0,68.22170333240507
65.0,62.945374843037314
25.0,6.229784834331781
25.0,74.21730824284072
69.0,73.199256684805
69.0,85.05377816144335
60.0,59.369903417123226
60.0,75.28445792682834
70.0,72.16984220578274
70.0,82.49325466849962
75.0,81.88363921321286
75.0,59.26319835988255
74.0,81.99552888321472
74.0,53.30441443545101
68.0,71.67370655386469
68.0,67.64000715288574
47.0,43.982044062360046
47.0,26.329605038142745
69.0,74.46946652416386
69.0,67.82381893340727
65.0,68.53128856833212
65.0,49.95413308791893
30.0,25.252705573631374
30.0,70.92527377432015
69.0,74.25147074786247
69.0,84.91213528573769
43.0,43.52130827579509
43.0,73.02996149988752
72.0,75.5746126779336
72.0,43.90428469241709
69.0,74.24118565822619
69.0,68.62545943490528
69.0,73.11532946008327
69.0,71.50649688291628
48.0,44.21605690126165
48.0,70.30140591667777
43.0,42.31376082990283
43.0,75.90821949966812
73.0,76.79349076134645
73.0,53.40198888551845
72.0,79.34518610667482
72.0,71.9732409434285
64.0,67.26813511114216
64.0,61.14574074604445
72.0,79.50597287946238
72.0,61.70418236887343
70.0,75.61899474759906
70.0,68.1285091222507
52.0,54.969553922320415
52.0,79.00025472579426
48.0,45.94554672995673
48.0,9.662775784781559
68.0,73.53131378954356
68.0,41.852805193375616
85.0,93.1504428584658
85.0,20.669166531387248
53.0,59.01873102870144
53.0,72.0130355438834
61.0,69.02874729752023
61.0,76.73033103794319
64.0,67.84521220728601
64.0,78.11524395221062
65.0,69.94612185653284
65.0,85.52851486932974
75.0,81.18345257157716
75.0,25.347864456914806
63.0,67.14307521143871
63.0,12.034351221526833
60.0,61.17259978054102
60.0,44.943025363898016
59.0,64.66074069282678
59.0,48.12042363979555
72.0,75.56862671376138
72.0,55.04321773570439
63.0,66.12426337852924
63.0,62.36801623920803
63.0,71.23102549156067
63.0,70.67133231831406
62.0,65.9319334142071
62.0,84.86820947018515
43.0,47.65255797498361
43.0,73.80393199053304
69.0,75.29189899509015
69.0,76.16386214425461
72.0,80.89672241213293
72.0,43.95813892275521
72.0,78.26976697509343
72.0,75.85056708155702
46.0,44.50305655888201
46.0,81.72089983649056
60.0,65.5248996418108
60.0,62.903914353468906
32.0,33.551202325668726
32.0,77.9275886271185
42.0,48.441219580366464
42.0,60.333694204982976
51.0,58.7024949502125
51.0,18.447396815067293
78.0,84.69094080777535
78.0,71.0259964222846
76.0,82.72011175912161
76.0,76.10173946378097
62.0,66.0237918204358
62.0,49.06157151193304
39.0,32.45974019011817
39.0,49.697371251933475
54.0,55.702277211220405
54.0,50.55786986097547
50.0,52.134938099366366
50.0,79.28158781084176
43.0,41.84057486159497
43.0,62.353796570175575
66.0,71.41152695341304
66.0,75.42350641135181
62.0,65.91661102763527
62.0,52.83691524493247
59.0,55.18125924287364
59.0,90.1207708014066
53.0,52.77196951337902
53.0,55.25150770764975
67.0,73.90161417709271
67.0,26.783019227984425
74.0,79.93402371471768
74.0,68.30450935226185
60.0,63.019152317327496
60.0,45.7147429423278
65.0,72.03254595192351
65.0,39.59755007227943
67.0,72.54830491997421
67.0,62.9698801065328
76.0,85.78685184865066
76.0,57.08635768471714
42.0,47.11776581373613
42.0,75.4562054207604
70.0,75.98737237568412
70.0,57.55623333090756
69.0,73.77197994638271
69.0,62.85847789072284
34.0,34.96840723768685
34.0,67.42580008637191
65.0,70.69874472915035
65.0,76.93594647382082
26.0,22.720566175266015
26.0,73.54222306186603
72.0,77.2911621629147
72.0,80.91781133306307
68.0,73.49417250725361
68.0,69.46432890753749
20.0,21.537790756342076
20.0,27.406768925657616
73.0,76.53117759594136
73.0,26.78493377939492
65.0,67.57244586494465
65.0,22.372538449085994
66.0,72.77470724350638
66.0,73.42274210404366
80.0,86.56471438464183
80.0,83.07724558916567
50.0,53.68863482866908
50.0,57.539372758960155
82.0,90.26276155117421
82.0,55.34197104807248
17.0,14.707347219162216
17.0,44.10124775035899
18.0,12.755652305334536
18.0,76.66716509570932
39.0,42.088546221452816
39.0,62.48386643132238
48.0,50.19471449937714
48.0,75.64417916530994
76.0,81.2954078756884
76.0,40.37131997662783
70.0,77.80996491962753
70.0,84.65949361753371
32.0,29.418575667631217
32.0,25.78917715889372
56.0,60.26083958110945
56.0,80.94765094038848
54.0,58.601150652330034
54.0,76.19947991939881
56.0,55.88933607476082
56.0,76.68701661076864
71.0,81.62392548580442
71.0,49.2248662396089
76.0,81.76971681695176
76.0,59.097056714019914
81.0,85.89506552206115
81.0,82.95849408268646
59.0,60.37328414689978
59.0,73.67762880870879
65.0,65.98424622404912
65.0,82.99306404353337
74.0,79.3023019251778
74.0,85.18728729499679
62.0,62.36585629397382
62.0,16.470021200326528
71.0,77.38803222724209
71.0,47.892396659019255
82.0,88.29459746539538
82.0,63.764461881024715
74.0,79.10176239194465
74.0,69.69053505316947
64.0,72.67580655577677
64.0,26.640434130407073
68.0,70.57273864851197
68.0,61.02457286687087
62.0,68.18548932957378
62.0,55.91736071489146
63.0,66.77456294970528
63.0,64.64600762636718
68.0,73.17823964108828
68.0,74.84282543321075
77.0,82.91072432874336
77.0,64.07241775137726
70.0,79.19256681049802
70.0,72.98543557425529
25.0,16.67706799036813
25.0,74.2044900665245
55.0,58.76912633003843
55.0,75.30738076736469
37.0,20.84522890875661
37.0,69.0974319742694
38.0,38.3116054066993
38.0,80.39395487271969
36.0,32.30641550124676
36.0,74.68341904159098
71.0,78.16268039772166
71.0,42.29532567842193
61.0,61.904119745243634
61.0,41.12712826152159
70.0,73.63806341458508
70.0,56.51745900455256
68.0,74.33111280032756
68.0,73.96879280654878
53.0,55.52422930605411
53.0,68.38927212936676
62.0,65.5819032391197
62.0,59.85306825302547
50.0,55.620986036285785
50.0,48.564139413266844
68.0,72.50519435794706
68.0,69.91176494316215
67.0,69.33585698781832
67.0,70.47643118288556
68.0,71.38924623827546
68.0,66.46622365929159
64.0,66.99286150921978
64.0,31.66284011379912
63.0,67.5809710702053
63.0,61.34531467822137
71.0,71.91359525703876
71.0,74.90072704967594
68.0,76.0380161891726
68.0,47.139813685022546
66.0,71.17767864452645
66.0,36.46393235020315
63.0,61.77933427944458
63.0,56.132084412034374
66.0,71.50946135919952
66.0,67.19277916371442
70.0,76.61558201128287
70.0,73.71423947452939
64.0,62.08685266841684
64.0,66.32701568598242
67.0,71.03875004388772
67.0,56.799344378498574
59.0,62.543691793267385
59.0,67.28772514496637
34.0,29.871352959464048
34.0,39.63766048233492
64.0,66.75286187313372
64.0,54.05536123641821
47.0,48.54673491322416
47.0,73.22206403476423
37.0,38.49757608510521
37.0,65.88890268913485
51.0,52.84131281356326
51.0,63.77603271251638
58.0,58.68893722004276
58.0,78.7412625785455
69.0,72.11529930372018
69.0,84.51954102713393
75.0,80.15221191700891
75.0,54.354809485255316
66.0,68.84871865972781
66.0,76.52476504484872
29.0,26.115967835376352
29.0,17.970429031968138
68.0,74.43362575936743
68.0,67.24834295061669
37.0,32.28949149721228
37.0,79.30572519931701
64.0,65.9274050825623
64.0,77.6169280792015
65.0,70.2624846369568
65.0,50.802194276568116
65.0,64.69597457159836
65.0,68.61343554187727
54.0,54.129909266177776
54.0,85.2545012588127
68.0,73.88664299404337
68.0,57.63172758393142
44.0,43.461727357656855
44.0,84.20824131109458
79.0,86.75709958526363
79.0,33.585658942006035
80.0,86.84039348316008
80.0,79.09854548100293
81.0,87.3806746885906
81.0,73.9274748239634
27.0,28.671585775347978
27.0,73.90527889900534
48.0,49.197124136651325
48.0,74.15674334710047
68.0,71.91944777779383
68.0,67.22682004157872
70.0,73.3422645467308
70.0,76.29514609002217
71.0,77.67787172313825
71.0,38.89660493310936
48.0,44.008978719723814
48.0,60.04309881644923
57.0,56.22395683083289
57.0,46.21206531672226
27.0,19.931147674703823
27.0,71.69958670345727
69.0,74.89164716255351
69.0,50.360408179504475
54.0,62.42660994643819
54.0,76.53559812278951
15.0,9.992064390299902
15.0,70.59255511675178
63.0,66.64029244288673
63.0,54.69566667210461
32.0,25.95382314331738
32.0,68.52939858211187
74.0,80.26082489129709
74.0,72.93628278399939
68.0,69.431551067405
68.0,68.41157909905331
71.0,75.35348234896566
71.0,69.36365645437036
48.0,51.642833009148774
48.0,54.452646664117765
64.0,65.88065633056857
64.0,67.66403340726669
52.0,51.50244173831635
52.0,77.39184006397699
63.0,68.20876713921382
63.0,39.5504979773699
33.0,34.64747066197282
33.0,60.81442033884679
54.0,62.184469072723516
54.0,37.69731617138649
58.0,59.12753115102993
58.0,24.79344916134181
69.0,77.02644748705347
69.0,24.275223575787322
66.0,66.34547344971139
66.0,50.99648664426462
28.0,17.336022122930956
28.0,75.8848239276806
66.0,70.99143548178114
66.0,49.74939228819204
67.0,72.87280807906183
67.0,63.52750162322923
74.0,79.32966101551898
74.0,73.43933466046315
33.0,26.616991005455475
33.0,64.01089689884179
62.0,64.09906632337879
62.0,50.42186846774632
75.0,81.17435706491437
75.0,62.073017483749936
73.0,77.48069104246593
73.0,65.5595001609791
60.0,63.62551453142464
60.0,58.98655639609774
45.0,35.187901865617164
45.0,83.20717705531627
65.0,72.44463920873227
65.0,46.82024513381543
66.0,75.28777800669349
66.0,77.23114217242426
28.0,24.42564118904113
28.0,52.83777578829188
59.0,62.40686123907676
59.0,77.23432935681916
56.0,57.71442317664827
56.0,57.04300893735643
75.0,79.02272117513905
75.0,67.07962858816921
64.0,69.05221230574642
64.0,72.40993226930931
58.0,60.8585612316798
58.0,73.26065285301854
71.0,75.37096831767423
71.0,49.10177397381386
52.0,51.951584417885385
52.0,56.837130045468086
38.0,39.08501039893105
38.0,79.41136228136315
47.0,53.12954477759769
47.0,72.39120031890621
60.0,62.75405478114328
60.0,34.11317952966243
69.0,74.82434507011487
69.0,77.705213088047
56.0,58.37413674345811
56.0,13.635623168472762
74.0,80.09191620023427
74.0,63.3248973428943
64.0,66.08661050739056
64.0,34.84090725226747
50.0,46.77190636457004
50.0,85.65647189156618
68.0,71.10548795838451
68.0,51.66578132813555
39.0,44.15971499480571
39.0,17.550242391180745
56.0,56.240476049044446
56.0,50.277563449033494
29.0,10.913301281404017
29.0,56.3646719385344
60.0,60.183214961129806
60.0,77.42026868429184
40.0,40.68799938039257
40.0,68.85975988224135
69.0,71.0778635912838
69.0,66.60132195169382
55.0,54.214273189771745
55.0,32.020151474271756
65.0,69.72818893935118
65.0,57.239388984537186
64.0,66.7932942222202
64.0,65.64652284502984
31.0,24.73846854509719
31.0,75.63698015490269
74.0,77.46686097566652
74.0,74.03114814450777
24.0,21.846348933719582
24.0,64.10277903796361
75.0,82.02346370019757
75.0,51.804570924038615
52.0,52.152203434635965
52.0,48.94744814868341
61.0,63.194980108530615
61.0,13.894384723130031
70.0,75.6761820357845
70.0,40.21873726208645
44.0,37.939382330959916
44.0,78.83548603385918
76.0,79.83543687188973
76.0,69.43491999619488
46.0,43.61570454685051
46.0,66.36767213976754
66.0,72.1582052007808
66.0,80.28979347379072
68.0,71.26546528471158
68.0,36.30703139863306
33.0,23.917770515356324
33.0,67.04851806444725
74.0,80.6114906493973
74.0,83.28915823503218
68.0,75.81467199973991
68.0,74.73465075540861
61.0,64.65813492978134
61.0,72.93778484555355
63.0,69.65518682234352
63.0,80.8738383983324
67.0,74.26696111317813
67.0,70.1539988312611
71.0,75.06002703230314
71.0,80.8370213851648
60.0,58.269379736480346
60.0,69.85420995951546
70.0,71.51052369019249
70.0,66.22328565565573
76.0,81.34844029320561
76.0,74.00298403590654
68.0,73.66484786423433
68.0,50.953887623791616
63.0,66.82744158945371
63.0,61.13870027836299
47.0,44.97955894560215
47.0,74.8271531812129
74.0,77.7871409492243
74.0,77.5518357420006
72.0,77.58703746121068
72.0,72.8687681809435
55.0,54.770454609754495
55.0,83.01839540334686
77.0,84.48937363356862
77.0,57.011339799594
64.0,68.18408883367579
64.0,64.91038055822332
57.0,51.52606245811768
57.0,79.62089069759759
70.0,77.00590755780144
70.0,86.09271441375375
60.0,65.8502167301807
60.0,88.080153777644
41.0,40.38463061824194
41.0,40.551090857508484
26.0,23.301752149991557
26.0,32.25995242611998
72.0,78.24150100012861
72.0,24.833322697190795
58.0,64.76655332365391
58.0,32.9565788439773
64.0,64.28472932111669
64.0,83.67340319834801
49.0,41.50000101272076
49.0,73.77406829736918
54.0,58.229190769398485
54.0,80.76259075787618
47.0,38.16210059900408
47.0,58.76371693250621
48.0,45.5149909552465
48.0,38.12404316824029
78.0,86.25074200967367
78.0,59.16721014739272
56.0,55.221591339059614
56.0,62.53989836590222
36.0,31.657485591440775
36.0,33.78166133724113
72.0,76.8917245675118
72.0,47.139813685022546
70.0,77.7520614726593
70.0,57.631821582885664
63.0,64.77382180064438
63.0,83.26232912022397
48.0,46.90036994701455
48.0,83.03976907214258
70.0,73.62907955464038
70.0,77.1632385638415
62.0,64.91296097703906
62.0,73.81065760813357
57.0,55.50449599224862
57.0,11.708573697867848
26.0,19.77404557010982
26.0,45.94390194471373
70.0,76.12660636318651
70.0,70.76703389816646
57.0,62.948196252616526
57.0,69.23824844387275
65.0,65.82149324453826
65.0,27.8412144868891
75.0,80.73536970378422
75.0,51.56071864945852
66.0,68.2360514453166
66.0,43.10431153219412
70.0,74.62670736835639
70.0,78.37967263546926
67.0,71.46018759260295
67.0,73.16421854835261
58.0,63.366969584327535
58.0,50.41007248630763
76.0,80.92165439076109
76.0,61.82343489528262
69.0,73.27818503242594
69.0,61.470269764899115
50.0,49.074152386452
50.0,71.8464565029509
55.0,54.05536123641821
55.0,69.02965620822147
68.0,70.59516676562555
68.0,73.26707031378567
49.0,49.8873918918834
49.0,73.95394386550362
65.0,68.08104998806027
65.0,29.48409407979028
59.0,57.30165935281826
59.0,72.45512113319842
65.0,65.76879693675284
65.0,44.63820912191329
72.0,79.25615139409786
72.0,77.27729497933183
74.0,79.92105526198299
74.0,69.31374974162543
76.0,80.84942119420401
76.0,52.981681953741486
71.0,75.19368545033791
71.0,81.3775760846172
70.0,77.78091615959778
70.0,53.84931796552701
79.0,82.59870627630141
79.0,49.75146484952057
38.0,24.318153421976433
38.0,63.725632448514375
60.0,63.58951426391832
60.0,41.547375974433635
55.0,54.53163714275723
55.0,86.54869911365802
77.0,82.04038444040566
77.0,67.7337402712293
40.0,39.75040922977581
40.0,63.571110247188244
35.0,34.67567072040856
35.0,55.00215425839531
66.0,71.00121578240703
66.0,48.880776924474276
76.0,82.91457355304863
76.0,70.82340600332805
67.0,70.07525426470164
67.0,86.83493880161569
73.0,78.43730419747078
73.0,32.5017471740702
77.0,84.6149433170649
77.0,38.49757608510521
38.0,33.2677032107714
38.0,79.67267672763768
61.0,64.57832529523989
61.0,62.12148891426722
62.0,63.34194673096454
62.0,68.38733956536834
72.0,77.28700784251168
72.0,25.411158387257387
48.0,42.43457135350684
48.0,71.2540259547182
41.0,42.00666259708595
41.0,52.06813011617152
50.0,48.9630542378045
50.0,67.54754754984322
71.0,76.61913896337694
71.0,67.55170509516199
70.0,77.4592025619782
70.0,48.629530265563574
52.0,58.817065927637884
52.0,69.55089607843098
52.0,51.48459025950149
52.0,39.55988794574944
63.0,64.93824829002341
63.0,40.88238918639996
65.0,71.52435366038941
65.0,72.53166473107729
30.0,28.999251320348094
30.0,45.6502336256147
72.0,73.68850495821414
72.0,42.26579134805041
32.0,34.61875282896801
32.0,59.701810800179715
63.0,68.03078167612307
63.0,72.46488519772964
77.0,84.08855590291421
77.0,70.56164115484239
48.0,53.10511491355561
48.0,40.54964623376003
62.0,67.8635523464635
62.0,15.755039149177662
40.0,39.123206598734896
40.0,46.98119256622863
75.0,77.65736022506911
75.0,82.66316777478835
78.0,83.37171205884994
78.0,55.08207464310368
70.0,70.54392082359823
70.0,77.45331774716453
50.0,53.17858937553149
50.0,62.006935622356764
73.0,80.15991184840999
73.0,63.74032838399813
57.0,60.8824392854097
57.0,55.31877981537514
64.0,69.79876423060642
64.0,48.12495995218569
54.0,53.6363117776246
54.0,68.24707365235611
52.0,56.21249906347617
52.0,75.51350824333895
66.0,68.67632310647542
66.0,78.5166544778665
66.0,67.82553063110106
66.0,69.473676425272
60.0,61.810247033199914
60.0,53.17306995658072
68.0,74.76996222944456
68.0,40.11259573105366
58.0,63.043371129561706
58.0,80.68715101927955
78.0,87.28471348511187
78.0,71.09938038348145
79.0,85.00563888426552
79.0,53.43205595885223
76.0,83.52551791943142
76.0,42.95133844544205
39.0,35.5833305617665
39.0,72.64279992746197
76.0,80.67507834020654
76.0,82.12640517356664
58.0,60.18121633278082
58.0,74.41750662508872
69.0,74.45312315275271
69.0,68.84907472655135
60.0,60.17335531918815
60.0,77.11107709542614
66.0,73.53249126767508
66.0,52.82591978071389
59.0,63.3485193747257
59.0,52.82763953810314
71.0,70.7731594569737
71.0,46.89498442956199
74.0,80.69574035965911
74.0,49.6636883104411
50.0,55.148789471963596
50.0,79.91426634494047
62.0,68.11935285281237
62.0,81.55541877151069
68.0,72.05587532404655
68.0,32.58775706087914
56.0,58.05877132129615
56.0,31.67623779758992
57.0,58.696996570931844
57.0,80.87057180483197
76.0,82.35622796035705
76.0,71.42278375540184
68.0,73.78355143750565
68.0,47.72415509407904
75.0,81.28568421352156
75.0,47.748043002901625
66.0,69.69602069120032
66.0,76.54198594871497
73.0,77.9750249706513
73.0,51.025494427730564
60.0,59.6569478585339
60.0,76.71979566964507
76.0,81.86086457307948
76.0,49.942026836117634
62.0,61.67214988823423
62.0,68.5301835426506
41.0,40.5662383781156
41.0,29.738991400775717
81.0,88.14891018610848
81.0,72.14356974906917
70.0,72.63272063452445
70.0,78.205708295411
69.0,68.66613271858262
69.0,81.87631735617168
29.0,26.829982215671635
29.0,72.21673026175074
64.0,65.39944101684205
64.0,61.41038824830821
45.0,41.97354420999625
45.0,81.09264872026989
70.0,73.21159709914184
70.0,64.13360694030257
31.0,20.694960344786068
31.0,40.2005683041495
31.0,34.578970530813024
31.0,41.83649775354996
28.0,23.78950262568668
28.0,72.36924652305453
61.0,66.32625588083056
61.0,54.41162097722378
31.0,34.532726368971566
31.0,71.63885490375822
60.0,64.30333654671477
60.0,59.329394785158456
32.0,32.410726800568796
32.0,53.94476147975632
56.0,59.81857632266605
56.0,32.76813270789489
38.0,37.44050862119576
38.0,82.94458822348417
52.0,59.59915201367437
52.0,58.714796392489404
59.0,63.70949550977565
59.0,71.65601356172004
67.0,73.7239940722933
67.0,55.239951521922194
71.0,77.1651349119985
71.0,34.590129643073
67.0,69.18702637104178
67.0,8.128091772017456
68.0,71.30777966395874
68.0,71.25916910497733
69.0,75.03269336837843
69.0,62.88431034770781
66.0,71.0415988513742
66.0,62.497196586585574
22.0,21.382957706537127
22.0,64.80391622996956
70.0,74.82288580728277
70.0,24.124028325264476
77.0,84.23389868795141
77.0,73.85237827780242
42.0,26.51679622517264
42.0,70.83773851055884
75.0,83.29998101762754
75.0,85.97025795589695
20.0,19.422597056947154
20.0,69.91176494316215
67.0,67.40716667671745
67.0,68.81593310412279
51.0,53.18188935363372
51.0,52.33677122689494
36.0,39.21322919974159
36.0,39.79917617395637
40.0,37.22668938990165
40.0,31.088956432845237
79.0,87.04864986610306
79.0,78.79858453569733
70.0,77.07866933295196
70.0,52.732069575889454
31.0,26.23513425971612
31.0,76.7545362248701
25.0,25.427535041694284
25.0,62.57682369193407
73.0,78.42899836132017
73.0,65.80144253334106
66.0,68.15815073209421
66.0,87.37829242580881
71.0,75.13791921457289
71.0,21.834272010253812
65.0,66.24679190051938
65.0,44.241299808636995
70.0,71.95848365375792
70.0,84.25100342598955
76.0,84.6213072060533
76.0,60.32797444856175
56.0,56.725897606246576
56.0,28.70537082560054
60.0,63.22102962992943
60.0,36.97676779733621
47.0,46.70113082681138
47.0,73.35322529714091
52.0,56.70076319600918
52.0,41.473534090969736
69.0,75.8357916626776
69.0,75.50460441724886
43.0,42.61580055583528
43.0,31.313471315621143
57.0,58.618636927931504
57.0,49.08031114147019
35.0,32.54802111685723
35.0,77.16189026837901
40.0,44.685904433643145
40.0,74.40882019526737
66.0,68.41278081245031
66.0,17.814703713112124
71.0,76.31998695741078
71.0,69.91699358995317
33.0,27.825190316864223
33.0,74.26327417038306
60.0,56.1143622001357
60.0,73.91969316173498
62.0,63.15483812019818
62.0,66.75877593817216
58.0,61.36585585042883
58.0,49.95880219091856
70.0,74.51726781861112
70.0,74.5141486775471
70.0,73.1299341468187
70.0,54.29652249354035
56.0,57.93301875986276
56.0,74.50102632549647
65.0,68.2409537999016
65.0,76.61509996730013
38.0,36.20860750461878
38.0,86.81942157882281
67.0,73.5416676452461
67.0,67.83662085915972
83.0,89.92887504623661
83.0,72.8423845962447
77.0,85.00381731196177
77.0,64.72388714606643
68.0,72.51994186636881
68.0,54.975068048924754
36.0,30.556584041442136
36.0,59.4499230151543
43.0,45.738072149231414
43.0,74.20290177604056
61.0,64.94359579161346
61.0,66.0451861033414
68.0,74.4884887593712
68.0,71.08444816293712
63.0,65.48223543971636
63.0,68.95198936212432
63.0,64.48368092576851
63.0,71.995827643783
73.0,76.07753425681108
73.0,75.98406143565137
13.0,12.833296288712063
13.0,70.94630844353537
69.0,73.71175273615904
69.0,60.36958553959499
76.0,81.43247527127193
76.0,62.48325927082885
63.0,67.18606176185892
63.0,78.4370113159141
75.0,78.20201043186427
75.0,87.92562051132603
64.0,71.11611001796365
64.0,56.19120318155427
31.0,29.656925117562366
31.0,55.93732582679087
71.0,70.96013833585477
71.0,52.204952205974394
68.0,73.91088797895156
68.0,55.702277211220405
74.0,82.44060484866867
74.0,78.76708973951742
58.0,60.178283672620125
58.0,33.2464614266612
32.0,29.853762773284245
32.0,44.32706587268308
64.0,68.38669529503352
64.0,54.93982423903714
58.0,56.1325299956049
58.0,76.90106585287651
67.0,72.90221472529288
67.0,71.91071516674367
63.0,62.971190132243294
63.0,59.022693240614046
65.0,67.42410250715005
65.0,73.88598955093312
79.0,87.41554131913756
79.0,67.03527509483496
64.0,69.63348877826161
64.0,58.04861253736016
48.0,51.47010206498095
48.0,66.03495235921719
47.0,42.951673791445955
47.0,48.90283279465285
80.0,88.91727184217223
80.0,73.26315863497416
23.0,22.536853787496568
23.0,72.90862866900852
58.0,63.52655249072069
58.0,63.4734317166546
67.0,68.56745065786976
67.0,21.44676936466692
79.0,87.97527410214428
79.0,58.32418976233703
72.0,77.40676647728418
72.0,52.030757974971664
31.0,29.301638286275704
31.0,76.12913433863872
43.0,42.70080621640017
43.0,45.702836551142695
66.0,72.79766335484231
66.0,78.90143108977065
49.0,52.70218101350622
49.0,63.31563679299586
63.0,62.90459433939833
63.0,60.91048513650793
87.0,94.62043575050546
87.0,77.33044905764922
55.0,55.76572603106774
55.0,24.00761259260895
38.0,35.655496307679755
38.0,62.538537071100905
65.0,67.38232807126889
65.0,66.2937689618899
61.0,65.03101649512104
61.0,65.54413351236923
47.0,49.7223278532328
47.0,68.95717579796775
46.0,43.60111911504754
46.0,32.83884046161768
51.0,45.43595201143643
51.0,72.36529129231207
76.0,79.66039599116897
76.0,28.980109402879293
51.0,56.92766015986251
51.0,40.31705023284434
60.0,63.93392413441785
60.0,42.942571856680104
49.0,52.77625174220657
49.0,80.53980049873269
64.0,71.61792189788298
64.0,71.19563369995177
77.0,86.62073650620931
77.0,83.84877590704758
47.0,49.41206063358857
47.0,66.63005053579866
47.0,44.547432131350206
47.0,60.85844366540056
76.0,84.65347903877921
76.0,73.82819299808006
70.0,73.80092579364606
70.0,53.81406091169464
33.0,26.358822790924023
33.0,43.299304851482816
85.0,92.68049787891067
85.0,28.4424997600309
60.0,65.77653880967506
60.0,79.02624724133665
45.0,48.095461488062426
45.0,63.564619822976056
58.0,55.9864229331572
58.0,30.80397188980038
55.0,55.65996959976343
55.0,72.13165933589568
75.0,81.52266996704918
75.0,72.36554869413578
52.0,53.14693933732423
52.0,74.64433677379367
30.0,27.670304262302466
30.0,54.29807176415795
53.0,55.310928336392635
53.0,78.31651093180659
48.0,44.008978719723814
48.0,75.8181623760047
53.0,52.313998445816424
53.0,74.52485202596586
55.0,55.795539956467564
55.0,63.598971876537746
78.0,83.96924364033617
78.0,72.61504801465753
45.0,42.895321949125446
45.0,84.40810378848659
61.0,65.51430145773111
61.0,13.679158713204572
70.0,72.84758757431564
70.0,50.74717853306993
76.0,82.09666444268419
76.0,66.29778027471156
55.0,57.63498422615294
55.0,81.0320436483911
58.0,58.184248519716334
58.0,68.55849142255568
50.0,55.8101800820923
50.0,8.228127107149874
68.0,69.97398598779091
68.0,86.37459453503385
74.0,81.81717753754594
74.0,73.26832150932586
24.0,22.99530239371967
24.0,68.33895231322958
77.0,82.68952956933174
77.0,34.88880839887531
29.0,28.7355600657977
29.0,72.48663003074637
70.0,73.80807606947525
70.0,52.525034099756965
27.0,26.07692350377323
27.0,69.06614922240107
77.0,84.48603146683735
77.0,78.17097349499556
72.0,76.0128776529811
72.0,77.78345923972768
40.0,41.753449671065425
40.0,81.1452071722714
60.0,59.79062932024999
60.0,54.40037902774952
73.0,76.5351837658879
73.0,18.114769317735693
70.0,70.61817050371201
70.0,79.91584542754214
46.0,38.89416904360917
46.0,59.35270296529683
63.0,67.00212821683482
63.0,38.9184347641563
60.0,60.50693952434068
60.0,57.80316889383084
19.0,8.290839154427204
19.0,64.94340094851668
63.0,67.4562471123225
63.0,68.42664817139541
45.0,51.7442818171852
45.0,73.9765301539299
67.0,71.65736038099448
67.0,77.3200624837657
75.0,82.2503408187855
75.0,63.22923695324175
37.0,32.47135598893493
37.0,73.55992704762906
44.0,47.416679327551094
44.0,77.07699823260634
63.0,71.2138208473529
63.0,77.1191612986783
38.0,39.904333001714065
38.0,42.20879831833588
63.0,66.36717049174564
63.0,76.19232205725586
58.0,62.064844065738384
58.0,70.60120423186169
81.0,88.22867514380624
81.0,63.642503764421974
52.0,51.54515155961627
52.0,75.14868822573652
70.0,75.51073009951119
70.0,87.00104807366284
49.0,52.02832325695044
49.0,45.670114293642655
64.0,68.35525230984177
64.0,71.4726251232338
66.0,70.02413248268948
66.0,41.74908249161325
42.0,34.50019376879703
42.0,68.63541288697155
55.0,55.41769530664345
55.0,67.90392720862599
60.0,64.46588160862763
60.0,82.68700876226188
66.0,73.86842107432142
66.0,72.58870210518063
36.0,24.434508299175945
36.0,94.36835158600468
71.0,75.2314021041268
71.0,61.66360822423269
55.0,57.611463297413366
55.0,79.37077948275413
49.0,52.10546473838531
49.0,49.566633553503664
56.0,52.350708256050495
56.0,73.5132464443177
78.0,85.34177327549764
78.0,56.0632197659271
47.0,52.57181717373197
47.0,69.02797847866924
69.0,76.26420926517011
69.0,68.67608310893257
57.0,57.13199074073873
57.0,76.86261455395908
42.0,38.51981829149008
42.0,43.08663349707257
43.0,47.65255797498361
43.0,69.78164117609134
54.0,54.88437538524232
54.0,1.2745894842307166
49.0,50.97990560393583
49.0,41.658239428011484
69.0,73.15546480910905
69.0,92.07397866977016
40.0,35.25759172284961
40.0,72.72660655914308
75.0,78.82256907691777
75.0,61.26118787368483
76.0,82.3472291838658
76.0,79.48404624970556
48.0,47.20716255792314
48.0,82.99788233295101
67.0,70.53292913264772
67.0,56.274698624221
51.0,48.74520943955082
51.0,78.42502622008777
75.0,79.10927039489917
75.0,53.63097257967479
71.0,77.7621586514544
71.0,57.75191085387178
52.0,53.522469561001685
52.0,71.41575354538321
64.0,65.75439627268679
64.0,66.50037329334799
55.0,56.3240209423339
55.0,41.921865014476225
41.0,41.2675205188126
41.0,72.35861219629169
60.0,57.17908268680776
60.0,60.95067922287387
50.0,51.121931113904566
50.0,88.17522669001033
48.0,46.240434001496055
48.0,55.29852509913286
51.0,50.367196612156135
51.0,52.20912566434623
43.0,44.382544660318615
43.0,73.57247589360446
50.0,44.60728199506491
50.0,61.60535683186038
60.0,63.81724577850065
60.0,64.34364717020469
69.0,72.88282352328008
69.0,69.2047699292811
80.0,87.24517583930651
80.0,22.9301258885813
69.0,73.13301465433057
69.0,43.16171763610123
58.0,60.66790769445231
58.0,56.24086752874132
26.0,30.265150508865645
26.0,44.45297907195254
72.0,79.30831468526509
72.0,24.532171705948258
40.0,40.149391834415326
40.0,52.04203784213564
68.0,72.58147380776114
68.0,75.65285971643658
70.0,75.57860950745982
70.0,88.2072016975095
72.0,81.45558872962971
72.0,78.72276536103163
75.0,83.22558844152155
75.0,5.48280184280344
41.0,41.45125648611503
41.0,14.280761211009747
52.0,54.296115720651756
52.0,75.63543721529538
19.0,14.208766775822028
19.0,59.26611669264338
68.0,70.18049019377418
68.0,16.461007372816027
61.0,66.79174764404866
61.0,58.95403695832772
69.0,73.47326878350754
69.0,52.25588784944114
57.0,57.32643761900749
57.0,74.14948638576169
67.0,70.25134555756972
67.0,25.76796163754159
70.0,73.56554787216174
70.0,33.47998955136143
39.0,36.876018791509296
39.0,75.00453973475612
5.0,8.228127107149874
5.0,11.535006952122842
51.0,54.811564800114525
51.0,64.42767185056249
58.0,58.96624235834685
58.0,20.30065465216842
35.0,23.903959960276666
35.0,83.94257483798282
39.0,44.58271333537789
39.0,38.3812997834047
55.0,59.8772503860265
55.0,59.27733212907299
58.0,60.3041974151821
58.0,62.88969421164256
85.0,91.93448406170376
85.0,55.65246424244998
66.0,72.4329304573476
66.0,80.45280122342069
53.0,53.45504771009132
53.0,80.50488252938715
73.0,81.71177020167568
73.0,86.72526476804137
63.0,62.90896926256477
63.0,79.97049778081714
69.0,70.37228136824461
69.0,41.09812703518554
62.0,64.98295673100279
62.0,65.28488718441207
57.0,62.3929945294322
57.0,51.95620988062922
62.0,67.21686905219656
62.0,75.28675226540582
43.0,37.68764792167735
43.0,76.1177416145137
56.0,60.60175888179879
56.0,75.79703490532125
47.0,42.04644613594337
47.0,61.751905051200424
68.0,70.84672637713896
68.0,64.85413253993954
24.0,15.978154095621562
24.0,71.78834083975772
47.0,43.750100954394156
47.0,70.42470643394648
37.0,38.911103069066826
37.0,73.41902161090144
71.0,73.47886967683343
71.0,45.476365462855824
56.0,61.46431401891016
56.0,70.78090847263115
66.0,69.28545179830127
66.0,72.06675233123957
74.0,79.94965394650382
74.0,63.85763231728777
61.0,60.480718908338304
61.0,85.70681201820838
61.0,66.57021837214592
61.0,77.1064537253061
61.0,65.73872448927972
61.0,18.969249646730248
66.0,69.57200324600626
66.0,88.68476683586442
57.0,61.7382581645594
57.0,64.10667808777538
57.0,65.59730102853774
57.0,74.94834069888782
51.0,55.10003283398959
51.0,50.82002274919688
68.0,75.38526869940426
68.0,69.08733297226081
28.0,22.739695812334503
28.0,63.52277372802797
64.0,67.95572982229601
64.0,86.14628965205253
59.0,62.10545309158999
59.0,33.356189318793156
78.0,83.90364108819301
78.0,75.07300630352631
59.0,61.58286896802906
59.0,66.0626039004265
50.0,51.41881213878736
50.0,68.27994093780484
73.0,80.31251714164478
73.0,70.97987100923723
65.0,71.63552228040959
65.0,71.60469148091738
54.0,54.60699400507025
54.0,82.97164417286388
49.0,55.7325397121449
49.0,43.41143381286844
70.0,75.4850090617208
70.0,15.069264847279953
49.0,56.288488416672294
49.0,51.80318857941137
53.0,56.39810854477008
53.0,75.07654287499349
76.0,82.92390194987956
76.0,78.517035883147
78.0,82.70348729907653
78.0,71.75967285214466
86.0,95.09553791662017
86.0,89.98270708505021
68.0,70.8877753657647
68.0,73.13110742205072
67.0,66.9846565449289
67.0,58.684912271850806
40.0,34.376121459962064
40.0,49.47063369071299
68.0,72.0540889826089
68.0,66.95120723916818
36.0,37.815021592334915
36.0,69.03187517377046
69.0,74.70963905411764
69.0,42.0840053099397
68.0,69.90830605961662
68.0,57.43596430104884
54.0,59.56096862691601
54.0,49.924323358982065
71.0,76.27298729854704
71.0,35.00570823365109
77.0,83.09122385897274
77.0,70.78595947856627
35.0,33.69229177414337
35.0,74.09401153802213
78.0,85.51894970891897
78.0,71.49603722817432
67.0,67.7645381520332
67.0,29.840246459352556
27.0,26.714467275031836
27.0,74.70083346579344
62.0,67.45316010993076
62.0,80.17747170853085
71.0,78.8288610873916
71.0,63.620363217875195
68.0,72.58871208842618
68.0,74.74260263836163
68.0,70.06945923089245
68.0,71.64360129021918
42.0,40.27006045561393
42.0,64.04077481001207
53.0,54.73677805508032
53.0,57.93369488448445
76.0,82.57742089662719
76.0,73.37214186269415
27.0,25.68768198918582
27.0,85.59215190096654
70.0,73.7814228980655
70.0,61.539640047238436
61.0,71.21282247393816
61.0,75.20633493356445
63.0,62.815729691223225
63.0,10.156709789094236
79.0,86.22102470731198
79.0,72.68996695571985
70.0,74.81809110320188
70.0,75.65972772061167
39.0,39.76940938351686
39.0,62.471837921032886
29.0,29.099604084945724
29.0,55.16024859124252
67.0,71.83511498446404
67.0,75.5601823671173
78.0,87.44896465980787
78.0,80.50532233017793
47.0,51.336353991224314
47.0,63.50680437414405
67.0,66.92723945825077
67.0,56.67476046376322
70.0,72.23225308718196
70.0,74.14523431608154
68.0,70.3897906429143
68.0,53.87751854697308
47.0,42.597116385726565
47.0,68.51458198765607
57.0,56.36026409021798
57.0,64.90294059305461
15.0,7.361306533596348
15.0,74.52208568872214
72.0,77.01461733608858
72.0,4.732263068607665
76.0,84.20334776322983
76.0,84.63421364880168
45.0,43.77294078093752
45.0,66.76182773470015
61.0,57.446534859983785
61.0,83.67415807797397
46.0,38.927962052148416
46.0,51.052596182168486
70.0,79.2121949018898
70.0,64.20345804722007
58.0,61.98641259735717
58.0,62.91992540339572
19.0,11.195928113615423
19.0,68.45367048948441
47.0,41.878620834451226
47.0,73.07893394930176
60.0,66.63546104903497
60.0,79.27125603541822
61.0,61.60048568192559
61.0,70.74689082364915
58.0,53.44103696944785
58.0,26.544627224493354
34.0,36.19149527508489
34.0,53.10039247858077
61.0,65.22747418937115
61.0,76.5867372220909
78.0,82.94751534003592
78.0,34.77511012465203
71.0,73.55555395654613
71.0,45.645741299247334
78.0,83.52959791923286
78.0,77.87342154176037
18.0,13.855866185803563
18.0,74.48795040280686
67.0,71.95015000032225
67.0,71.54362205521733
75.0,78.91985616190323
75.0,69.92564982374546
70.0,74.09761590408652
70.0,37.13103716794052
52.0,54.296115720651756
52.0,63.054664602599644
56.0,57.32934439938873
56.0,82.91602603245462
33.0,40.90368098417014
33.0,41.39042274958888
78.0,85.15747688571469
78.0,54.22362901101803
63.0,64.95250138984488
63.0,54.74044711384295
77.0,83.29215633683691
77.0,77.76177614338957
41.0,36.86784472014165
41.0,60.55083627965013
79.0,86.94297392185234
79.0,65.2798071030034
73.0,80.9199826853245
73.0,38.858061555675135
47.0,49.31099227084809
47.0,53.20786765676894
72.0,75.4923464676408
72.0,39.43777613943348
60.0,58.34144768852792
60.0,46.38459177818362
58.0,60.41705607237958
58.0,57.25650109121398
67.0,72.18937439936087
67.0,62.741798377173495
77.0,83.14509768405912
77.0,67.72633127665347
60.0,60.62447218362519
60.0,79.42812163749983
30.0,15.88302497239107
30.0,70.52951577516552
49.0,49.67625954720796
49.0,37.13474139400461
31.0,28.195371109589985
31.0,63.37046687007762
71.0,80.81346405043098
71.0,61.258514973484864
56.0,53.88105889032727
56.0,49.21137761246524
57.0,60.364867032546044
57.0,15.238752863449236
31.0,28.320319619162376
31.0,45.57419601573366
58.0,60.60145685000481
58.0,69.53376834340469
56.0,60.937702955176235
56.0,46.349623563087846
62.0,67.41875683105422
62.0,63.92203572274053
62.0,65.31586116353833
62.0,53.399913400404955
56.0,59.224451629339626
56.0,70.67032480258422
80.0,87.41286464224152
80.0,55.05040117277082
69.0,69.83911516046601
69.0,77.37496086939973
68.0,72.3578030226056
68.0,67.33418537279073
82.0,90.15493129312301
82.0,80.67561999643851
54.0,53.917099672598454
54.0,78.63613709701531
73.0,78.11939953851368
73.0,58.219580815118434
56.0,61.96609041830743
56.0,91.22050299667313
68.0,75.16447670891466
68.0,68.38983711696318
48.0,48.42088653241058
48.0,79.49807428945803
69.0,78.48865727119454
69.0,18.332179010051107
71.0,79.71984328577742
71.0,61.37479721898694
61.0,63.53256745651419
61.0,59.305394705591596
69.0,71.53265255194037
69.0,75.0137818118369
67.0,74.92684162180404
67.0,73.47871127608471
66.0,73.13813454553417
66.0,68.59073810782422
72.0,78.0404962866802
72.0,51.47376932489715
51.0,50.007314302208215
51.0,45.2162431234857
70.0,73.91146181089522
70.0,67.95690138486952
54.0,56.27924268450329
54.0,76.65370932213915
23.0,20.500945862833532
23.0,75.01550266130562
53.0,57.740774447571766
53.0,59.73766155682745
57.0,59.273140719638434
57.0,68.62845068604503
40.0,39.938364755411214
40.0,20.268913339244705
34.0,27.829901977574934
34.0,80.71103878762688
72.0,78.85263788449095
72.0,77.98881792477937
14.0,11.844099114551682
14.0,80.54629910515405
68.0,68.67307875308694
68.0,64.87433562298895
28.0,25.144531173153155
28.0,71.13851241950636
58.0,62.13452708700163
58.0,37.397452468332176
40.0,38.387931366291525
40.0,52.60790293071432
60.0,63.979848557857565
60.0,60.39720295281916
64.0,67.2938445531833
64.0,33.889184309558686
66.0,69.72469585818016
66.0,77.41820665435102
74.0,82.52261622988271
74.0,47.717672953940905
63.0,66.91603829434337
63.0,48.3745563391721
68.0,76.51281670973168
68.0,54.262468878589175
40.0,34.43712980791429
40.0,73.1388126298362
66.0,69.76595671574586
66.0,78.16388495092207
71.0,79.71333040786465
71.0,59.4992304269573
63.0,69.25522505469058
63.0,23.144967699839924
66.0,71.5114307226288
66.0,65.40651746355388
71.0,75.94268367975008
71.0,64.91566226815559
77.0,85.34738417196053
77.0,58.56546822045004
23.0,14.749871755840559
23.0,42.098227309749745
70.0,75.82101447075343
70.0,69.25033416205935
48.0,50.5777060436036
48.0,66.93649317034476
64.0,67.67935740304853
64.0,60.43728550962754
70.0,75.92116614876966
70.0,44.99891823455141
51.0,48.9806349336327
51.0,65.69507396754767
77.0,86.36877629993103
77.0,80.43793931756892
66.0,70.66873905494509
66.0,61.34782094784862
56.0,59.9638537456064
56.0,69.25663491722605
70.0,74.52503109900107
70.0,72.38705027877108
63.0,67.99750691480597
63.0,66.59420859410568
51.0,49.40063276937042
51.0,45.00932842609507
62.0,66.00325851526645
62.0,51.18188107891069
66.0,74.37005297673164
66.0,55.22129394090132
52.0,51.1325492764409
52.0,69.31504929343328
72.0,77.13438282894401
72.0,59.46515550033729
58.0,57.52442771678585
58.0,52.53889491981204
48.0,48.982499601191364
48.0,68.75858643155453
53.0,54.75932826066901
53.0,67.29614023862098
64.0,65.90319695819045
64.0,82.83647847514862
42.0,37.58599835403385
42.0,58.728799574874245
65.0,71.07728184721509
65.0,38.824587883351455
79.0,86.49024180096609
79.0,73.66975290089209
70.0,74.7686421246753
70.0,67.41553124563063
64.0,66.0017025428267
64.0,73.40255379867494
46.0,40.09689252058365
46.0,80.0974703316694
69.0,73.45090627284173
69.0,63.69075627126898
64.0,66.71774934688705
64.0,72.84001313664311
69.0,76.01518575617092
69.0,63.83581847636253
68.0,74.02014540052284
68.0,25.588593697154863
42.0,37.30301101146665
42.0,90.86924543816048
75.0,79.72175570140342
75.0,78.71638796958189
64.0,66.94402800919272
64.0,61.393376203493574
64.0,67.98419299857585
64.0,47.52826274843477
53.0,53.73230915097679
53.0,63.53302981712966
68.0,71.91221397498691
68.0,66.56756116822964
59.0,61.321967273059045
59.0,78.08945758478126
64.0,70.4008341449694
64.0,40.44066522848368
60.0,63.37346529446029
60.0,22.150354731613504
80.0,88.1306985456099
80.0,9.926913325794033
32.0,19.170533330102046
32.0,71.33114078404424
63.0,67.17874242642074
63.0,49.39754228627379
65.0,68.07336782165982
65.0,54.186798524729056
70.0,74.97815947392127
70.0,37.080844026183286
42.0,38.87419714130306
42.0,75.10159600776268
72.0,78.08090458144488
72.0,42.79037389172527
58.0,62.15973467522497
58.0,67.40236060170542
62.0,64.1955692878476
62.0,66.98840254202321
54.0,56.23466474257174
54.0,70.6792802040016
68.0,69.8002115648269
68.0,37.000245940640696
82.0,89.82548204428923
82.0,70.67435598600923
53.0,48.850339292532965
53.0,78.98693551813386
67.0,74.18794535940998
67.0,77.58006059264272
61.0,67.82202756262728
61.0,77.49502661863067
63.0,67.25366641671428
63.0,79.49274511698388
66.0,68.85639093176746
66.0,56.531168581468194
33.0,20.147274465940143
33.0,76.68488296700474
66.0,71.13178046934928
66.0,26.46731031967073
54.0,61.85367055366959
54.0,71.92096566583672
76.0,81.22424802863122
76.0,69.93852365842667
58.0,64.2457616107938
58.0,83.913235855317
53.0,50.00624096108788
53.0,63.02914685925953
64.0,67.3448693452309
64.0,55.107777508426636
29.0,33.080764358610224
29.0,60.82051415113557
59.0,67.52148691041026
59.0,73.12186688600787
26.0,23.068115146063462
26.0,49.67956581291071
58.0,63.10798571116078
58.0,39.43777613943348
47.0,45.43530512893784
47.0,32.40701301454067
79.0,86.52504106040811
79.0,73.32594303190376
67.0,71.14183608677115
67.0,38.55887883913027
70.0,73.9765301539299
70.0,70.15922073338237
66.0,73.10017009826305
66.0,44.44802390868614
39.0,38.140866445394124
39.0,29.35399444246798
69.0,75.18448629002211
69.0,74.08982246777992
71.0,77.37640767822114
71.0,81.69474851401458
51.0,56.40430598092314
51.0,59.848627740363554
73.0,78.1473192431489
73.0,70.10576221266933
73.0,80.33605330905539
73.0,80.9058713321466
59.0,62.584665099333904
59.0,68.95195660226057
64.0,65.75570962941623
64.0,44.05205127540654
62.0,67.65516379550559
62.0,60.18778328403761
44.0,44.711181878149716
44.0,73.51373368606284
38.0,36.9007469774204
38.0,69.95501182836216
71.0,72.55208049166316
71.0,71.20127464952691
72.0,80.09855914857769
72.0,67.38308812079686
74.0,79.74554030531692
74.0,34.89397614189471
72.0,76.21110562044436
72.0,46.82051407957334
65.0,70.94166455239525
65.0,55.60423422879194
66.0,68.80944653203727
66.0,36.425056746942005
66.0,70.11629079039494
66.0,76.87295811276431
52.0,53.30978704520584
52.0,29.800258286916517
51.0,52.06000860210594
51.0,69.41926685949056
73.0,79.47881562782169
73.0,69.82994735748917
41.0,40.904086763505234
41.0,83.76566940204737
56.0,61.35088799766879
56.0,57.0342252348002
67.0,71.91857674835558
67.0,68.99443660868963
35.0,32.763805004126425
35.0,50.25741436197421
59.0,60.94657890271611
59.0,85.9198146429232
43.0,45.40044010359918
43.0,57.560973775659136
69.0,73.68029688160766
69.0,8.443785722896848
67.0,76.23089005970473
67.0,42.490880510189015
74.0,77.70341133834216
74.0,53.784845732376596
45.0,43.29252104322575
45.0,40.69807917930325
47.0,48.23054348346693
47.0,78.23636216756535
77.0,84.04808813389332
77.0,39.21537470425369
28.0,13.130236020984228
28.0,16.561482356286206
65.0,67.22839737479404
65.0,68.45480514592822
68.0,71.79429360200572
68.0,74.01892610614624
73.0,79.64613556856824
73.0,46.019222754420184
30.0,29.489202160769537
30.0,57.54402898919301
66.0,73.74408108158173
66.0,43.44198205768561
37.0,33.53275957140306
37.0,72.92142314696696
72.0,77.1870071952294
72.0,50.000078742553
63.0,68.2116597075198
63.0,31.302940755242844
55.0,57.06906633544179
55.0,73.01947723632657
68.0,73.6519747106243
68.0,51.06371816404658
74.0,80.88324421018666
74.0,60.85254064273528
65.0,70.14816223372884
65.0,72.41489424434002
61.0,64.11407942411262
61.0,53.40130533334565
79.0,86.92042094931543
79.0,69.57359987227653
34.0,37.573968292562654
34.0,83.18025471724053
37.0,24.037438202789815
37.0,79.94137682014082
65.0,71.08592135930638
65.0,75.4166038675628
76.0,82.62906585625012
76.0,74.90929196709732
59.0,62.680100569079855
59.0,78.01019220251771
22.0,18.720222030969694
22.0,59.15578377411293
67.0,70.55985114339717
67.0,72.66526973277593
76.0,81.22364476309923
76.0,44.97383402079686
73.0,81.73375686786488
73.0,83.35205063984495
61.0,65.70960476334182
61.0,77.30516305544842
63.0,69.7061192282705
63.0,23.000006904818747
45.0,42.27010770372942
45.0,87.56954648139549
75.0,81.9276276126887
75.0,73.1464877462135
67.0,70.14470161398901
67.0,77.61237038592964
36.0,29.63284911756614
36.0,59.2290961587596
61.0,60.56866892959749
61.0,65.8647373762459
71.0,75.88215613462705
71.0,63.9247812141183
76.0,80.69079971860441
76.0,69.17661983362115
5.0,4.152242942361852
5.0,72.16092247356073
67.0,71.67784662701098
67.0,28.290512196242503
76.0,83.23784808641523
76.0,63.00363514283379
65.0,70.50867260109175
65.0,38.41879371518996
63.0,67.29727566459917
63.0,32.04216732018517
32.0,26.37127493206316
32.0,81.81184470679881
46.0,36.027349855637055
46.0,47.16030178382175
41.0,39.69933771502224
41.0,81.40907118084482
62.0,67.4082401728187
62.0,80.5558344976534
65.0,67.47539512514555
65.0,73.3760546953443
59.0,62.57383653467025
59.0,32.296499905475855
64.0,63.83246059910289
64.0,73.1539840040569
34.0,22.10164472212989
34.0,44.49240262152989
82.0,89.98118544152044
82.0,74.2116248548677
52.0,46.83697366989338
52.0,76.2686221404951
67.0,72.08375677372891
67.0,90.92417801279106
68.0,76.3991629293613
68.0,58.18187178484061
72.0,75.97668796398017
72.0,14.17271077722711
63.0,70.27370028477344
63.0,33.42243700547084
77.0,85.18266561649108
77.0,85.20011039820241
59.0,60.92949593247147
59.0,66.46049026213706
68.0,74.38969181239429
68.0,40.59314930414149
62.0,60.08901044184779
62.0,80.70691301862485
55.0,62.403546286809274
55.0,57.64439952115447
51.0,54.60109175547416
51.0,67.49341492175142
72.0,77.6978838288419
72.0,30.458261716398454
58.0,59.643398905442155
58.0,79.27308437992866
72.0,79.6662789147644
72.0,58.409294434044
45.0,42.50666299145814
45.0,71.05307428176314
63.0,66.90014458001866
63.0,23.61322044971024
74.0,78.70277023122935
74.0,70.4555277653559
63.0,66.34019123335673
63.0,54.25457322286792
78.0,85.99846350949707
78.0,55.75866288628998
32.0,39.99352450448936
32.0,81.68650227192927
27.0,26.096211410536398
27.0,64.0271737411216
63.0,65.30092498698184
63.0,85.43656500245743
53.0,52.080982242793766
53.0,76.2741024213675
76.0,83.7045348186279
76.0,62.22160044942257
62.0,68.68811749175217
62.0,54.016751864577145
66.0,66.36550618141126
66.0,61.939909308227755
65.0,73.60353327852755
65.0,76.77437056573461
59.0,63.63440380488146
59.0,70.44050419702694
71.0,74.03765106869372
71.0,41.22034585882909
69.0,71.6747930281087
69.0,52.73035907284486
22.0,11.708573697867848
22.0,71.9944942932629
79.0,87.35573071310415
79.0,38.65576571805411
64.0,65.91711069984433
64.0,70.81347234116492
79.0,83.20386985252298
79.0,61.016194966706564
74.0,79.74186050779554
74.0,68.77595531941546
33.0,30.401840273043604
33.0,73.3541309946039
48.0,47.16748381245054
48.0,8.452256762549155
63.0,67.1615981924977
63.0,10.725673298541778
69.0,76.69263525337061
69.0,72.87742290568832
45.0,46.706601018322885
45.0,86.19238362711326
31.0,36.0441542611959
31.0,31.06600357882718
73.0,76.4711198240239
73.0,72.99697962140101
73.0,78.70293487561912
73.0,19.74324882095067
68.0,70.80853588782526
68.0,58.17113440593829
69.0,71.22263649981113
69.0,75.15268495480126
71.0,73.62393437565612
71.0,42.0918880922639
74.0,79.07281684026896
74.0,76.5997749233203
73.0,77.92748429371585
73.0,83.7169879626806
65.0,72.25037206475037
65.0,59.87392276853382
31.0,35.99471623220569
31.0,55.89542367230149
63.0,62.86965992330255
63.0,78.22152517261702
74.0,80.215304060204
74.0,74.2605400343038
57.0,59.00614040576602
57.0,70.2639975528457
73.0,78.20971667376926
73.0,19.918009458303004
67.0,71.23333138327666
67.0,61.26063020125713
74.0,80.07432014709644
74.0,45.4986785670128
71.0,76.0945941937315
71.0,70.6518294201536
34.0,35.541572214632765
34.0,82.29192569532137
33.0,27.829617351681975
33.0,25.093092450811355
55.0,54.435201493789634
55.0,78.11406363957173
17.0,7.51896303411894
17.0,24.73846854509719
65.0,64.57808069260847
65.0,63.741317720894244
51.0,55.88358963178382
51.0,7.0090298625893865
19.0,10.954713919551637
19.0,53.77720349233522
55.0,56.48362844345576
55.0,82.32137726746447
43.0,35.00678651734563
43.0,52.21023758480965
59.0,63.13076779688339
59.0,80.26697009782612
71.0,78.35120046064594
71.0,54.673189510418354
43.0,42.10137936347735
43.0,61.9706282766972
68.0,67.6096858845334
68.0,48.813713499964535
69.0,76.10090052651174
69.0,73.06728187210922
22.0,26.50914762952368
22.0,63.787923941130316
55.0,56.9543997970967
55.0,74.03999813344569
42.0,43.81015390803498
42.0,16.74970665334837
43.0,44.87691700760047
43.0,37.69751404121922
41.0,36.260998169028255
41.0,66.76411993910881
45.0,39.66577244224504
45.0,58.07198208948
35.0,35.4644025641814
35.0,62.23969065852049
68.0,69.59370034649777
68.0,58.221460289997026
47.0,49.91269236088118
47.0,47.24311653978185
82.0,88.30846038369839
82.0,67.64287868204138
33.0,34.72270394937652
33.0,74.58053817445222
73.0,78.7895087095024
73.0,78.57833254219474
52.0,55.547653898887745
52.0,79.58595697566238
84.0,92.37259446069658
84.0,78.55215785454112
63.0,64.56557292755639
63.0,61.8639657970142
68.0,67.34288269788027
68.0,65.42398392116979
62.0,68.58394309260768
62.0,37.720945286750634
56.0,60.71366384543853
56.0,70.51057623436617
72.0,72.96830230124726
72.0,63.729260247905245
30.0,36.079995634707416
30.0,46.135645575122794
51.0,50.41862379381166
51.0,49.41718564638609
67.0,72.1654329826668
67.0,59.979081760969564
51.0,52.02915208099273
51.0,69.48251481511693
61.0,63.05080154390555
61.0,26.78682410226844
72.0,80.25116409586303
72.0,57.73483504637102
64.0,67.79248806413506
64.0,39.854808232325695
70.0,76.32315293522561
70.0,80.954957646494
47.0,46.78064222014228
47.0,70.99484606112372
61.0,66.00518043109332
61.0,45.76412418446273
58.0,62.107102520004844
58.0,60.55012658160308
16.0,2.2780452908085635
16.0,48.071088245233
50.0,55.707040402693224
50.0,66.59446550933745
69.0,71.2883354713502
69.0,64.87433562298895
55.0,59.628912102387574
55.0,50.34293234935541
79.0,86.32447103603886
79.0,52.5765295134309
77.0,80.88661086098392
77.0,66.26686894872222
66.0,70.02222672514904
66.0,45.7850321355005
70.0,73.80382317133217
70.0,39.99109278363812
70.0,76.49702690031154
70.0,63.553627809883494
40.0,32.49858167023251
40.0,67.72624965020259
68.0,72.47341800914955
68.0,65.13413148958773
52.0,48.68098785967305
52.0,88.81307131119058
64.0,65.32516138883545
64.0,69.491256080011
72.0,79.61949103138926
72.0,55.60981015174417
68.0,68.17335205116348
68.0,-1.9368374951690157
77.0,84.04442298926108
77.0,2.6368210851815093
10.0,4.165525231792685
10.0,66.8468760889308
62.0,65.01126298442819
62.0,45.69452049304272
60.0,60.97400418226613
60.0,77.7551213465
71.0,73.75424116473789
71.0,69.9538452428094
27.0,32.665727226753916
27.0,74.32596641271186
74.0,83.03036305233553
74.0,72.58870210518063
67.0,73.47478795780717
67.0,80.04797510247278
66.0,70.65520168628751
66.0,72.60244754526644
32.0,23.914444422556016
32.0,58.45399856775157
79.0,85.63352637071887
79.0,53.377617746560645
58.0,57.367776755646844
58.0,45.678677617218625
69.0,76.99877545723388
69.0,73.94496364529431
76.0,81.83952371456343
76.0,39.7472305154655
58.0,61.78613406107735
58.0,70.8571556970087
72.0,76.99111544511118
72.0,74.56402511141386
52.0,51.6081449077044
52.0,72.9880252355427
51.0,54.160772305708804
51.0,76.21823591559479
76.0,83.18979679994885
76.0,63.15117306792445
48.0,40.45638650334763
48.0,89.96011595151776
45.0,39.4763564148638
45.0,84.52752878031151
58.0,66.13265796375077
58.0,42.27604083847007
64.0,65.15287180323583
64.0,55.535774426795
71.0,78.39321934018301
71.0,67.28331685953293
54.0,55.39034253304891
54.0,90.8221095667734
69.0,72.1328452323794
69.0,74.15620558339106
61.0,66.56029078647532
61.0,83.70636567387504
74.0,79.099485019817
74.0,65.86834962098948
70.0,75.71638171760924
70.0,13.283099319382757
68.0,72.54013452966205
68.0,78.872798712568
63.0,66.95510396132124
63.0,71.38505730495882
70.0,76.4865070482079
70.0,72.31841372653764
66.0,67.03823054701792
66.0,57.721747939028035
15.0,2.936583158802648
15.0,61.14051158739437
42.0,38.67605200925544
42.0,34.17787379397379
52.0,54.345322443873386
52.0,76.54483213723728
63.0,69.46114817636789
63.0,68.37630075123218
56.0,59.400244759678856
56.0,89.41511978910108
44.0,41.11064882443367
44.0,75.07497009239563
70.0,77.47581335893204
70.0,63.95287562180596
54.0,55.499693248122355
54.0,44.47143711934706
41.0,31.44265033289105
41.0,42.85545907035993
47.0,48.858386506463205
47.0,21.98972483323746
42.0,45.74722396166885
42.0,73.7814228980655
71.0,78.22711137081069
71.0,79.20347525919544
68.0,77.56510752756537
68.0,72.55802335937011
63.0,67.11239934097352
63.0,58.96025377086988
67.0,74.05942677975077
67.0,69.7938015627845
55.0,50.63085756900472
55.0,73.56943877958088
74.0,79.43216129545505
74.0,69.0559285001982
63.0,67.19550967950158
63.0,76.67162376049004
15.0,2.936583158802648
15.0,37.78901407654354
41.0,44.41239187104509
41.0,64.36214998368246
64.0,67.12749361990649
64.0,77.17426632934695
64.0,62.396873737894396
64.0,11.89731421566671
69.0,75.41952510609781
69.0,17.138405121282176
81.0,88.42905971982742
81.0,65.92656847899957
62.0,66.76288811357273
62.0,69.585085623721
48.0,45.33195111645648
48.0,78.14067948412043
65.0,63.46115704641295
65.0,80.00181582875939
74.0,79.23349374407258
74.0,62.72731982819124
56.0,59.44111059813196
56.0,57.154886935344166
47.0,44.27916927544453
47.0,82.42057809840134
68.0,71.98464760087694
68.0,41.67486845651547
34.0,34.62329047778428
34.0,78.09216227313073
71.0,75.70700021140613
71.0,75.74015785071362
75.0,84.10491243724942
75.0,62.85990943665274
34.0,25.295872661861722
34.0,65.01462930178786
54.0,49.00277456918678
54.0,55.72050757160338
53.0,47.49421203887391
53.0,46.98249365059587
72.0,77.9009652828563
72.0,47.19932897832592
73.0,81.72694302252262
73.0,79.60650541785418
75.0,84.36818577165235
75.0,68.2687153509969
80.0,89.38538672648662
80.0,74.23472493876722
50.0,41.49995643266084
50.0,61.61854010293837
72.0,79.2228435065017
72.0,50.67916666329114
77.0,84.87827665358014
77.0,68.34206337931289
38.0,38.61529519426671
38.0,77.30712013636668
62.0,62.78935753686471
62.0,67.53060551514488
29.0,29.16815001942996
29.0,79.31684202165957
65.0,65.47600676415522
65.0,81.71114588221889
29.0,34.77277285229172
29.0,70.70032041675637
38.0,32.19964812712254
38.0,81.00824917471692
43.0,49.73166087458378
43.0,65.8193819859332
57.0,59.89890166635462
57.0,38.157058397933724
66.0,72.23491704928819
66.0,89.02578961236344
60.0,57.89196923600531
60.0,70.67823803221944
34.0,33.34677241749387
34.0,74.5095352555773
59.0,62.99174759476432
59.0,74.86875880491499
63.0,65.25684212006695
63.0,69.90167001305315
54.0,56.34413150142643
54.0,67.07824683629497
64.0,73.22131758683196
64.0,44.3769848327218
60.0,62.73249527399821
60.0,78.05648631124944
54.0,52.577072776640705
54.0,36.029421246435334
61.0,63.79482335865208
61.0,71.62947088366678
59.0,61.64216470996922
59.0,73.41587632732387
80.0,85.62773471732078
80.0,69.80331301776596
62.0,65.75492942937325
62.0,72.0989694940161
64.0,62.88882420328213
64.0,60.784438367326686
67.0,73.56741138822628
67.0,15.29727410810267
50.0,46.488211705990125
50.0,65.49988499970277
78.0,84.88951142542396
78.0,76.84314335344988
73.0,78.13228174317129
73.0,84.32626945406469
60.0,67.24183825768068
60.0,48.401916897999854
67.0,73.91122287340653
67.0,55.85862385456778
64.0,69.71193691887413
64.0,76.84474186123651
68.0,72.22137536685437
68.0,54.72287383460338
69.0,75.60882872320167
69.0,47.6545497922105
59.0,64.61122708821864
59.0,55.70903660061373
38.0,30.382982077825943
38.0,85.04141696699907
80.0,85.2921304780225
80.0,20.193777407801292
58.0,65.22255491751628
58.0,51.373457464256376
65.0,65.15242947421257
65.0,68.14375148412887
60.0,60.58642290630786
60.0,31.804408847798356
57.0,59.46082525548502
57.0,10.96480055967345
55.0,53.939804868576516
55.0,61.34310205490232
30.0,17.106150111218312
30.0,81.40384089293855
42.0,38.680820309529395
42.0,68.63055442965373
70.0,76.13917648344886
70.0,76.33349999507055
65.0,65.00376085536288
65.0,77.03675047788215
44.0,39.8407682233576
44.0,45.77703610261051
58.0,63.48569384024279
58.0,62.24131470763268
60.0,61.815935079609005
60.0,71.67078934463069
68.0,71.74435519644072
68.0,70.02480716752814
57.0,56.52460168210962
57.0,21.971116226916365
61.0,63.19156230370436
61.0,39.5962086630409
77.0,85.85953517519698
77.0,69.96681354977
66.0,71.89449696760431
66.0,83.03255183809665
51.0,55.342531936102546
51.0,44.8130819987544
56.0,59.275628227504455
56.0,87.13219016087396
69.0,73.2492141853204
69.0,86.17201253918944
70.0,73.3816644921352
70.0,73.93577859127623
73.0,81.50543491663677
73.0,17.983108994294184
50.0,47.925601667856256
50.0,31.968925651971176
9.0,4.735438786367979
9.0,51.92560181555473
72.0,78.259996424316
72.0,66.36459591034304
60.0,60.78780324294797
60.0,74.25483902841876
62.0,67.11767483810166
62.0,32.28862656293643
50.0,46.006081492914234
50.0,24.963520113924062
74.0,81.67873133315561
74.0,43.35463979461264
68.0,74.48448631497797
68.0,72.75008155546846
71.0,75.72924319035667
71.0,12.103607147610148
73.0,79.59304522036496
73.0,57.433269679097464
66.0,67.5808384813347
66.0,40.44709375315364
10.0,4.165525231792685
10.0,81.75624824163549
60.0,66.01660789516063
60.0,76.242109389024
71.0,75.34077734108519
71.0,73.52785427456035
67.0,73.215928311386
67.0,37.1255735099532
84.0,91.11767989233039
84.0,70.69569912204588
74.0,83.96061585726187
74.0,50.52832048662981
13.0,9.437389366758907
13.0,78.58362517910581
57.0,61.45900788207916
57.0,78.82859008272175
71.0,77.3954010363995
71.0,64.24592597234022
82.0,87.50637721683671
82.0,51.66460962135426
52.0,52.30392010333469
52.0,16.461007372816027
73.0,80.37056730884632
73.0,74.1626895203189
52.0,51.284864555366255
52.0,68.2695029022724
58.0,59.550092803047676
58.0,64.41060224742688
65.0,67.66130805250174
65.0,40.3776452012537
32.0,35.209613632494325
32.0,19.46750019632026
74.0,81.21261635225784
74.0,79.64313586989095
50.0,48.802800872092234
50.0,82.99998454476525
64.0,70.167867006405
64.0,74.93811282213869
61.0,62.06520309684646
61.0,38.32032235656351
41.0,43.29089225169264
41.0,72.61000373419455
54.0,58.965086965581065
54.0,75.2353079009182
67.0,67.96004093498283
67.0,59.60902638116687
40.0,40.44709375315364
40.0,38.9184347641563
70.0,76.98043804141633
70.0,73.6923389414572
82.0,89.17453183401744
82.0,30.46574190016827
73.0,76.88301341033633
73.0,75.84577186956147
62.0,67.69320191814973
62.0,71.52318135180008
69.0,74.43543165281756
69.0,43.27572455684634
67.0,73.92493253807208
67.0,64.98510205666554
69.0,75.24351964787957
69.0,67.30948813094199
45.0,45.92990026382364
45.0,14.226169605092139
62.0,65.22815688459906
62.0,34.53523846288891
31.0,31.082521198032055
31.0,89.62842140866331
41.0,42.29128696961544
41.0,39.788839416057954
62.0,65.5710015780167
62.0,85.53042806694464
32.0,29.919163951696646
32.0,66.2267098540566
70.0,74.1810689601329
70.0,13.309160588529949
56.0,62.04153935164925
56.0,47.546225413279615
61.0,63.25635033576481
61.0,59.39502648390106
8.0,-1.2029737376443563
8.0,46.575057533400354
75.0,82.14199158262568
75.0,72.2676363582367
66.0,73.07158208059366
66.0,58.618636927931504
56.0,55.54900740521538
56.0,63.56478013699086
11.0,10.725673298541778
11.0,57.512447611791345
51.0,52.482281200112595
51.0,61.49356045397673
66.0,72.4640793240963
66.0,71.6223502589865
55.0,53.5192856633808
55.0,37.57949209709233
74.0,80.64897450417851
74.0,11.938811329667658
49.0,57.467475475598974
49.0,61.19500011659085
62.0,65.37270108662756
62.0,64.96464133294876
69.0,73.81306502953902
69.0,81.22803278318725
70.0,77.53298696527884
70.0,19.900472198510784
80.0,85.77565160913099
80.0,93.03823231781251
53.0,55.5762257762799
53.0,72.104340753624
34.0,40.65852314114744
34.0,15.814233742195881
42.0,47.32763928110961
42.0,84.56481616465356
68.0,73.75214424915362
68.0,36.876018791509296
71.0,72.06589147373353
71.0,10.596380707623155
55.0,56.95667368445021
55.0,51.24493108367068
65.0,73.6703987931711
65.0,64.16896331618887
46.0,43.467704973153275
46.0,72.5910670305779
71.0,81.01492004561777
71.0,50.709736847081444
53.0,51.409669859323856
53.0,47.17160768126462
65.0,67.36526175162385
65.0,63.524125146424694
71.0,78.39107357108645
71.0,59.417061769215934
45.0,48.119541053054206
45.0,86.14874327229074
70.0,77.86314711641688
70.0,58.49550165379691
67.0,70.8723663645668
67.0,47.48960077647956
72.0,77.22145345321303
72.0,39.75040922977581
59.0,64.11924121418963
59.0,52.4650922973492
52.0,50.6848474224239
52.0,69.77332791953614
45.0,43.274554029031094
45.0,71.30566921332348
61.0,63.25044055935217
61.0,90.9213519905922
56.0,55.25589072488435
56.0,70.4877778728557
68.0,69.51703694277415
68.0,33.22168652558554
46.0,37.9667579116383
46.0,74.36089582664653
71.0,74.32817097504551
71.0,79.40755469202463
59.0,59.42391979635045
59.0,55.797384662936054
62.0,67.74518118357054
62.0,78.38986331500104
61.0,63.36077876497171
61.0,53.69308239837807
54.0,58.61573678491823
54.0,73.40904029391226
59.0,62.13969271186579
59.0,38.14807376632018
72.0,76.91192996076035
72.0,79.81170320557504
54.0,60.9554457205972
54.0,62.53764081767582
81.0,89.66950878485972
81.0,64.90212856774673
70.0,77.43443334754488
70.0,11.391908975097977
49.0,45.702836551142695
49.0,30.606917626568986
52.0,53.46120893389474
52.0,58.839128466166756
38.0,29.89759662991139
38.0,78.44018791629611
62.0,66.5380321811964
62.0,45.14516195122616
58.0,62.27511969842436
58.0,61.680230200687674
73.0,78.59241929932028
73.0,69.79742937302683
67.0,71.37632752991601
67.0,12.291653426232642
50.0,50.49480238860593
50.0,63.92628377696195
11.0,7.664173429501602
11.0,83.74067366507421
18.0,1.2189766243032523
18.0,45.82540846924411
55.0,52.162548799830404
55.0,74.98791843250137
67.0,71.73985947942231
67.0,34.02498865873923
52.0,41.78774195251469
52.0,72.19885789727999
56.0,63.4508413093792
56.0,73.63566516981746
64.0,67.19916644133394
64.0,59.129143154446865
8.0,10.100968011960845
8.0,79.093931560172
23.0,18.486415699275256
23.0,66.62369995419073
57.0,60.97636648147693
57.0,87.55771594741464
33.0,27.105357997504143
33.0,70.17609053648886
63.0,66.98157764273213
63.0,56.66908123224357
82.0,88.52437719389053
82.0,77.61712575715507
69.0,69.49335657713254
69.0,66.59191958380222
50.0,53.10039247858077
50.0,55.99313180254734
69.0,71.7490824129693
69.0,64.22964526384709
61.0,62.82302612697703
61.0,79.29338903219781
53.0,53.398360398090915
53.0,62.39844362241854
74.0,79.40755469202463
74.0,72.14364958151015
71.0,75.50300140381177
71.0,62.712071589950426
65.0,69.89083123897211
65.0,52.63487787814324
70.0,77.02336274779555
70.0,83.74954544984297
76.0,84.15711512144941
76.0,68.0602219383469
47.0,47.29573627452771
47.0,55.70403422162394
65.0,68.58670512004824
65.0,76.34810342324664
60.0,60.433510329894034
60.0,54.24913209596957
42.0,39.80208955472773
42.0,59.065022039150676
62.0,68.58255217637202
62.0,64.068314681157
73.0,79.37213091338435
73.0,76.91968534835956
30.0,27.670304262302466
30.0,48.574591366307004
71.0,77.44960245257124
71.0,80.97308224376127
71.0,76.95526904979329
71.0,44.51011551712554
53.0,50.75115886482604
53.0,55.76809162254847
68.0,72.64313323392224
68.0,25.68768198918582
67.0,74.552400987439
67.0,82.82442203703476
40.0,35.929893093771966
40.0,93.87359331212201
69.0,74.66747789472936
69.0,72.3044368270493
41.0,42.6346659186259
41.0,62.066606400326805
60.0,64.80068520768475
60.0,54.240068221874026
60.0,68.06464781974472
60.0,72.45383759058899
39.0,45.31820385950374
39.0,46.15376585042827
66.0,70.39245510511631
66.0,60.46757271161442
24.0,22.45868399369448
24.0,52.74958860029233
62.0,64.6040373746622
62.0,62.370047579151105
24.0,21.47240403132264
24.0,73.55728754430993
72.0,81.32007557614736
72.0,26.87344633986379
70.0,76.34055222196292
70.0,33.63145451636632
59.0,61.6466268387295
59.0,19.898820041696865
65.0,70.7908921365555
65.0,32.599479010111224
69.0,74.10208288504629
69.0,80.61080409945987
58.0,56.859871202312206
58.0,65.34198126374343
33.0,26.871450475877566
33.0,70.85439302299164
70.0,78.06118735619634
70.0,42.720384026596605
46.0,45.758019881912446
46.0,43.51791146477444
61.0,66.11229206340732
61.0,45.73808490613965
60.0,62.55624244956073
60.0,61.68580763389252
18.0,9.8426042970965
18.0,44.56720569627373
49.0,49.634017933898804
49.0,42.295928394627765
52.0,59.36916571938775
52.0,68.97321189393256
66.0,70.35219107756319
66.0,84.33802080986197
61.0,61.08908686843887
61.0,61.52159675520727
53.0,51.96133512639557
53.0,80.09099131480451
57.0,54.28570766924645
57.0,72.31028513034158
49.0,51.67000049384086
49.0,82.63140847013369
40.0,38.739916526282286
40.0,45.28416924858726
74.0,82.24971676133237
74.0,77.48852860644081
63.0,65.41477677874701
63.0,59.380703783222316
50.0,51.712277980176
50.0,65.88717155227772
51.0,54.08823220808466
51.0,68.27885009786667
72.0,75.77473092403005
72.0,70.32352112998024
78.0,84.18802405597654
78.0,86.58526673714039
30.0,28.656928465594774
30.0,65.43951695172575
49.0,54.02669627047999
49.0,83.24999504723718
35.0,30.606917626568986
35.0,76.19327833323126
61.0,63.33812940416726
61.0,54.951579788343
68.0,71.11450509872219
68.0,74.30757872433168
65.0,69.12768683470955
65.0,63.0807987936023
74.0,76.6671703069182
74.0,42.319436273658425
66.0,67.62637095191423
66.0,70.94563345785406
70.0,77.99353118672741
70.0,24.683817752219227
67.0,71.49701117075512
67.0,61.573554289035144
63.0,68.14555143618884
63.0,60.85617197616972
61.0,65.12815703809991
61.0,69.12101691126873
45.0,46.62608878993029
45.0,76.75400845891261
41.0,39.689760953016616
41.0,67.89576678187069
55.0,58.966680711503784
55.0,69.1161683763595
50.0,43.82391108217786
50.0,33.94102511620514
59.0,64.13958216110814
59.0,51.36798525555088
32.0,33.687710237700344
32.0,75.14805326323932
28.0,31.169095171895663
28.0,63.08735650620372
68.0,70.80455933043186
68.0,79.54231512115655
41.0,40.787830827714345
41.0,71.53442037965567
75.0,81.12746878912805
75.0,71.68138144974887
53.0,57.440000844575025
53.0,9.270208421910127
46.0,46.48081011564739
46.0,67.96435780952612
37.0,37.95862965529875
37.0,74.7071269225957
72.0,77.49629979653935
72.0,69.40956135594939
76.0,81.33815779364278
76.0,41.184561730877306
71.0,77.9287243840684
71.0,48.808450190083136
63.0,68.28485437938701
63.0,60.76191888795478
63.0,72.38455043337933
63.0,71.7173035538595
75.0,82.83890641126897
75.0,70.08260538494147
71.0,75.44047215525728
71.0,79.24511302337538
35.0,30.749827271132517
35.0,81.60268706406197
58.0,58.29422625754836
58.0,35.14299600333311
63.0,66.99553606585675
63.0,80.8340207309106
69.0,72.26667099735107
69.0,19.1144854877287
43.0,37.52331730678242
43.0,81.6550829765601
37.0,35.696005594326266
37.0,79.48564217502513
54.0,57.65371640290948
54.0,59.27428292381023
24.0,23.451712749840226
24.0,74.20857016431955
68.0,73.76142004311504
68.0,44.05468051704338
73.0,77.16189026837901
73.0,70.14079692033135
43.0,35.93464854389953
43.0,54.25095650695914
65.0,72.67782801928149
65.0,55.27501892600145
60.0,58.72811919869912
60.0,59.70053244273993
30.0,31.360728615229107
30.0,60.50019127686528
26.0,14.168538745330011
26.0,56.56165303242949
53.0,58.04451937587646
53.0,51.73961149846258
75.0,83.40339200839617
75.0,53.82683821706365
15.0,13.815640533572662
15.0,12.754217894814587
64.0,70.74660611199482
64.0,71.7590812327303
57.0,59.608168492291156
57.0,8.883373449346152
67.0,76.14609175942837
67.0,37.06797759834171
67.0,68.01422507299719
67.0,63.12398536172873
55.0,60.5886415870433
55.0,66.09071633459507
70.0,72.96708887091671
70.0,28.7421638615466
68.0,74.09988431193125
68.0,38.12404316824029
72.0,79.57018741121266
72.0,59.26818302082046
64.0,69.31685022033537
64.0,69.62017245153453
46.0,53.4106892782537
46.0,58.86101210737587
65.0,68.70421306307497
65.0,73.73734984650423
63.0,67.1615981924977
63.0,66.10725582841803
69.0,75.16970710241219
69.0,47.452396271978785
60.0,57.353461020715656
60.0,69.01032704351786
51.0,59.27672148281016
51.0,52.238634503448054
74.0,83.14811116156466
74.0,83.73258159633866
78.0,82.13532586754098
78.0,70.31331476755429
39.0,42.675015542771575
39.0,42.57583583919876
31.0,29.694055364158487
31.0,66.3060952429484
64.0,67.9675824300972
64.0,86.29665705781326
63.0,68.52428153694274
63.0,17.138405121282176
51.0,50.48857699857939
51.0,61.85445058829612
52.0,53.51811961297
52.0,65.10485653660191
72.0,78.95277792275454
72.0,74.68132951683901
71.0,78.76390269899127
71.0,51.07393644921217
73.0,80.2476850348782
73.0,70.21448232408312
71.0,74.10745428831927
71.0,71.57105665724617
63.0,72.01328088887573
63.0,45.88825156385212
79.0,87.33970230797024
79.0,67.35451845943413
41.0,42.53134698700552
41.0,77.49520780566974
28.0,24.021391976334712
28.0,64.18285842854067
55.0,59.3092347551671
55.0,62.94489276514366
73.0,79.20001642253294
73.0,63.24968971174786
58.0,64.25599936503568
58.0,58.159466258939915
48.0,48.21776691138683
48.0,56.171006962264244
78.0,84.55083852205144
78.0,50.56075610952945
46.0,41.439606149327915
46.0,44.13299345002014
72.0,79.44144716746962
72.0,71.74533596730669
60.0,60.335699033807145
60.0,61.30077227489761
69.0,74.43145843966988
69.0,22.10443758141662
57.0,60.37812565814738
57.0,60.081704772027024
61.0,65.38507071871356
61.0,54.5647177635592
65.0,67.29372115664768
65.0,59.44672753582819
40.0,39.8323112606202
40.0,72.34894765000007
65.0,69.91311458899503
65.0,85.07990668700165
52.0,53.312462750011946
52.0,69.56226716483246
22.0,19.36482180696993
22.0,47.16228503080498
65.0,68.83667123696313
65.0,75.04966215565116
65.0,68.5445613187785
65.0,38.14807376632018
76.0,82.20785467531039
76.0,66.36170730473901
59.0,64.50397533071907
59.0,84.6686127329333
76.0,83.09846718430077
76.0,55.68999421228273
70.0,75.50533999975721
70.0,74.97377371705136
53.0,57.492852457253605
53.0,61.88938851351247
70.0,75.07922469398613
70.0,44.612704329583664
57.0,56.97130512287288
57.0,68.63525537665572
74.0,82.51343928722224
74.0,60.908320777443976
58.0,55.94645818091567
58.0,80.13110946624164
62.0,66.27775486477452
62.0,57.44906840460601
65.0,68.25895507054184
65.0,73.16276903851832
80.0,87.13594057491349
80.0,75.2396705682213
56.0,55.129225398157416
56.0,74.598375938181
71.0,80.89841668388499
71.0,60.090337805494244
75.0,78.79349987600227
75.0,47.6893391279105
64.0,70.6972297209415
64.0,69.6119303715937
56.0,56.01759851325596
56.0,78.93650890963892
80.0,89.50568029776315
80.0,79.09816374673392
57.0,58.5855091402326
57.0,89.26006081053845
73.0,78.23009992768846
73.0,69.99430232906866
51.0,56.04783898609662
51.0,42.42690385231225
28.0,24.919600795972542
28.0,71.36918612197775
37.0,39.904319357268264
37.0,36.25391022658465
43.0,50.13375486266534
43.0,80.893953372787
64.0,67.74032863653963
64.0,76.88818889630562
27.0,24.2574990078935
27.0,30.24815558097015
17.0,17.4229959482833
17.0,10.998599012879652
53.0,56.42919334444207
53.0,68.07534635132555
48.0,47.47112165861165
48.0,33.98681519930244
73.0,81.60379355570996
73.0,72.16633927758397
50.0,52.49148979193723
50.0,52.78514166313494
54.0,56.287851425553015
54.0,85.65124755091534
43.0,48.178154167214814
43.0,68.668200262119
15.0,-3.50145183151767
15.0,78.52019490403757
72.0,74.30145059560869
72.0,84.04001586280157
76.0,82.62906585625012
76.0,70.33627566990782
69.0,72.51296177151801
69.0,10.281981670988898
47.0,52.36809199531865
47.0,80.24830162852584
69.0,74.71517707679175
69.0,37.31707683360156
71.0,78.8599995721604
71.0,25.782747227839423
61.0,62.26660357595995
61.0,52.67033367574027
34.0,41.53811836371409
34.0,64.90665325907685
34.0,31.87827734581839
34.0,73.84315395249598
80.0,87.91554809387912
80.0,83.99048310363366
77.0,82.50218691888921
77.0,78.06937938860051
76.0,81.12086414510753
76.0,80.29527594722202
70.0,73.48071602091176
70.0,69.17496931222621
66.0,70.41181856609597
66.0,52.22221152276859
48.0,48.06122060368847
48.0,46.074769766748716
62.0,65.91828215540568
62.0,80.54798429492439
54.0,51.33819578924107
54.0,81.90799123674157
12.0,11.489073793925968
12.0,64.00721780816576
64.0,69.21663007861002
64.0,76.50784714720629
69.0,70.64394754443532
69.0,63.0486581649709
72.0,76.01367159626619
72.0,45.814239178530954
70.0,73.02553254941438
70.0,73.99909784231659
64.0,66.98262928015447
64.0,75.02689198985269
50.0,54.10339720673312
50.0,58.56501187655283
3.0,13.073407689937369
3.0,77.79538482807578
76.0,83.25021020359401
76.0,67.97187262359688
71.0,79.01439440834042
71.0,49.2118082622805
68.0,73.08785153647449
68.0,26.201338870690222
71.0,74.49120074387486
71.0,77.05534928546012
72.0,78.3524856462833
72.0,82.62804606266667
50.0,49.9813150420772
50.0,70.26538692870429
79.0,86.47242135240873
79.0,60.77170373784452
81.0,86.4394643139575
81.0,62.481197378612876
75.0,84.67548769586472
75.0,75.73305900509024
75.0,77.92849807671445
75.0,59.548717232600495
55.0,59.610194728240856
55.0,82.34649606901837
68.0,71.49575890390167
68.0,54.244879246167955
53.0,56.12674992270877
53.0,82.09340107005033
69.0,70.341471372191
69.0,62.687913683747865
70.0,74.6953901020031
70.0,85.20196021811199
66.0,72.25613375155814
66.0,19.553029511650664
60.0,63.007892300555454
60.0,25.765555890827216
70.0,72.17392598102714
70.0,74.60530990106531
49.0,49.112713387437054
49.0,75.86073851706271
65.0,71.12343713561063
65.0,59.10651014521011
62.0,64.80304058695975
62.0,75.5218972609004
37.0,31.29552020979412
37.0,62.90666748584982
42.0,41.831062929107304
42.0,77.32348496317286
64.0,68.30990534874371
64.0,52.163068663895274
69.0,76.01390644043215
69.0,60.19919233467118
58.0,60.91491540735257
58.0,85.13567009619607
78.0,85.1733204357933
78.0,70.58340837896753
79.0,86.77103887492416
79.0,73.6460239866446
71.0,79.6140147043447
71.0,69.47964919301694
32.0,29.461986112942554
32.0,73.2932313606047
36.0,34.3521107188277
36.0,20.40059625031381
70.0,71.32164358144695
70.0,68.15850612892848
55.0,56.36572227967736
55.0,73.8664957116149
71.0,75.87532939139845
71.0,51.41853041959661
43.0,44.942987937948146
43.0,12.206757203469692
61.0,66.12120816980917
61.0,54.04236763037983
25.0,21.026073632063117
25.0,68.83098473909212
64.0,65.63602310510748
64.0,61.305843163017244
55.0,56.3240209423339
55.0,66.09765362513139
64.0,67.24347810451019
64.0,58.81033990457928
59.0,63.91828332423188
59.0,77.0883741681074
71.0,76.97554960695197
71.0,63.41940386866224
30.0,25.252705573631374
30.0,73.7716487674794
36.0,38.67941549870841
36.0,69.06603748329468
55.0,57.440000844575025
55.0,66.837160790535
63.0,69.75688542662618
63.0,76.22949450809995
23.0,21.956541573258278
23.0,47.7848538620957
71.0,79.26638130008433
71.0,72.58786129720738
69.0,76.61021480831221
69.0,49.08525725091039
62.0,68.20692394739137
62.0,58.27016797415973
49.0,49.1866343636832
49.0,62.39932127687109
36.0,34.88319840545904
36.0,87.1458641346419
62.0,65.3791547048757
62.0,23.97292213506296
79.0,84.37947255055309
79.0,60.28653806857159
80.0,86.78114143965615
80.0,54.92018143049154
23.0,11.564089190940592
23.0,64.44789061048692
64.0,67.56759790227778
64.0,80.74759016527099
70.0,74.79477349342767
70.0,64.25822957424151
70.0,76.4678212792835
70.0,47.99856657418212
72.0,80.04649988990911
72.0,75.26927514477575
64.0,69.27598702482243
64.0,21.804970689309698
83.0,90.55063433640635
83.0,78.41431028188555
38.0,33.50740675979705
38.0,0.6631707736812018
46.0,46.01527761667046
46.0,48.52895262209705
50.0,54.28982290014579
50.0,71.54362205521733
48.0,46.29617219728118
48.0,74.24687574039768
53.0,57.08333772246601
53.0,67.42421069988467
35.0,23.559607962568748
35.0,61.51189664665452
52.0,57.19194206113599
52.0,19.914104991556485
47.0,49.74792566990283
47.0,87.48892230413685
64.0,67.07891412625838
64.0,74.31428441838995
22.0,25.231570367920085
22.0,74.0251952919736
75.0,77.57194208004722
75.0,71.10623356067117
63.0,64.0722467493606
63.0,72.58088645483258
53.0,55.5302549356158
53.0,48.059545102639504
54.0,53.66847608522437
54.0,67.92342902898201
53.0,53.1913953223804
53.0,55.57908547221143
69.0,76.71421448181871
69.0,65.5913214145512
56.0,59.70642922258969
56.0,63.28839958695653
19.0,17.90032518770397
19.0,72.80635397740514
61.0,66.38570782951365
61.0,61.89712539309903
57.0,59.43703472826587
57.0,82.08224632500293
30.0,28.108822176138858
30.0,65.30654386179214
58.0,61.354784480683406
58.0,70.86131303424253
47.0,44.7550001137418
47.0,61.1834600431917
64.0,66.1399550180056
64.0,68.38332392562728
65.0,66.8494855414491
65.0,69.83213166015383
74.0,79.90717573691234
74.0,74.71621293148672
45.0,43.267163395530645
45.0,62.4137283844762
69.0,74.28558944602304
69.0,30.520170017635223
63.0,70.76858639038113
63.0,37.31411758192286
17.0,5.395669454291692
17.0,79.84132842787443
65.0,67.83346215595577
65.0,53.807655586507394
74.0,77.6660710599939
74.0,11.420938792954928
44.0,40.349672443876784
44.0,83.43528080594206
65.0,71.47541185490337
65.0,16.164710834395294
55.0,58.41730398195813
55.0,68.73503821367166
71.0,76.40414708430058
71.0,81.5898121070274
62.0,64.1846542376183
62.0,40.08407721693561
62.0,68.00950087273367
62.0,30.58734738459998
78.0,86.12826414097788
78.0,73.85950876877826
80.0,87.55164660000571
80.0,41.438931755382725
61.0,65.67628208597881
61.0,73.03057794239771
50.0,48.79188185527818
50.0,70.48302771693949
71.0,74.99397601409629
71.0,77.42915494095575
41.0,45.175129685393415
41.0,74.47187820487301
63.0,65.87522229788522
63.0,72.48645556454022
59.0,61.124197675656774
59.0,72.84385465296549
31.0,34.77949713269015
31.0,76.38136452235409
63.0,61.8054654155971
63.0,39.29918535984871
62.0,64.10277903796361
62.0,15.176669601041397
25.0,17.080569942848342
25.0,55.94898889264141
73.0,78.21146114100196
73.0,60.543190083022864
70.0,76.5544442004072
70.0,46.30777095209737
54.0,54.63230710106944
54.0,70.50633585954336
73.0,80.09242087224806
73.0,76.647630928919
63.0,67.67383932924321
63.0,81.84449386976274
54.0,57.907643512137554
54.0,68.00154038310461
40.0,37.42233963712869
40.0,50.31064614075717
47.0,44.418384820896165
47.0,78.89543502248
70.0,76.93956830540037
70.0,82.55880718986242
63.0,65.69950148663582
63.0,71.31923482995973
33.0,23.27864275292518
33.0,56.471377128686356
65.0,71.3980209159177
65.0,18.00914141416382
48.0,43.466089694887216
48.0,65.65051497629298
65.0,71.92064266776504
65.0,79.43266509030019
61.0,65.88603578550845
61.0,82.48310579980296
76.0,84.41829288464578
76.0,75.73352013538141
65.0,66.38124332268586
65.0,79.85577962383036
69.0,73.7553423775829
69.0,79.44086547949706
65.0,70.3933106181014
65.0,37.339744420242425
74.0,81.83648886010525
74.0,69.2948014452358
71.0,73.62392713431831
71.0,77.84853756884587
42.0,40.579971349484026
42.0,78.87536697497382
59.0,62.42572961213875
59.0,25.933914874285563
65.0,70.61804744238242
65.0,66.83130466146991
64.0,69.24052094573199
64.0,54.355367058777915
67.0,72.87295707727361
67.0,81.44473668026978
41.0,41.02608549155855
41.0,59.06162714126691
37.0,32.43909646107187
37.0,60.265854237527776
56.0,56.65705495843298
56.0,83.07986885738535
67.0,72.79453430019544
67.0,62.353796570175575
72.0,78.24492507927425
72.0,31.313471315621143
82.0,90.57293959095892
82.0,77.05354494866964
67.0,71.19213606905345
67.0,61.587468198298495
49.0,54.02669627047999
49.0,77.3908497979794
69.0,72.02578232279012
69.0,57.28594375278715
63.0,67.10983041860919
63.0,75.42890783095908
65.0,65.1713743575678
65.0,54.555284558502706
71.0,79.2554040585186
71.0,77.90654812294258
60.0,64.46109903130042
60.0,53.14159866480253
50.0,49.4696919175683
50.0,31.876762832664838
68.0,71.33601347349173
68.0,44.13786964514907
62.0,64.75105953536962
62.0,51.61693166290536
59.0,63.6033008344906
59.0,77.99000553946809
62.0,63.55997385611386
62.0,84.54776955626204
79.0,84.4210261122796
79.0,69.37155812041902
27.0,28.98671329123448
27.0,57.080828434284
42.0,46.68835412690805
42.0,59.704895249625906
79.0,85.38475939612488
79.0,64.05511427312359
69.0,69.95068262709964
69.0,57.73591054945973
65.0,66.78616731307324
65.0,64.56499767425203
78.0,82.7357271843344
78.0,46.79529597467729
55.0,57.7042040443954
55.0,75.92670409559946
4.0,7.801996750586568
4.0,77.7190645805822
58.0,58.86917827328904
58.0,84.67180036308469
51.0,52.38548820732302
51.0,73.09781654487495
52.0,55.83155579018546
52.0,71.2955695739833
46.0,47.574264196714864
46.0,50.986336593928854
18.0,6.412502475541828
18.0,44.099985479850204
63.0,66.96526241633791
63.0,64.82398868281808
64.0,66.87629639215652
64.0,28.334560433555225
54.0,55.906648195685705
54.0,62.765704020985424
65.0,72.9873646641376
65.0,60.68321159650884
66.0,71.73661692633965
66.0,24.027821087562472
65.0,70.23025597181174
65.0,65.39028537223453
46.0,45.43530512893784
46.0,75.55953682211742
51.0,59.205822110452516
51.0,75.08472934080442
74.0,78.15108328691792
74.0,41.92506395916308
69.0,70.74465019343518
69.0,60.814900141702424
41.0,42.04445378129304
41.0,78.9721344916058
68.0,72.98837405972637
68.0,72.82973316241703
68.0,73.40021668617328
68.0,73.67983576453167
70.0,77.50667414510036
70.0,68.60556899510999
67.0,71.91979596467274
67.0,80.1827848416458
63.0,71.21149613653535
63.0,82.19219305740188
72.0,79.00156351250871
72.0,58.691799177314635
65.0,71.0892011172864
65.0,43.42438152796461
66.0,71.43274488354456
66.0,74.80990969160342
61.0,65.45820260504348
61.0,75.5127177931983
62.0,63.05905509023148
62.0,57.67287695195529
75.0,81.40279607889215
75.0,62.42112258598149
70.0,74.57545558669136
70.0,49.55072351173044
65.0,71.18576153151594
65.0,60.09415452130844
16.0,13.894384723130031
16.0,62.39395882113877
65.0,69.51744394705332
65.0,89.13220241856709
67.0,66.88183947942514
67.0,16.895912195227766
64.0,66.6649658461593
64.0,64.59533313408605
73.0,77.11916246666789
73.0,33.221519632834315
49.0,51.215640242720895
49.0,87.42909258024588
35.0,23.903959960276666
35.0,66.73726203577587
76.0,83.32193925902834
76.0,73.77434562650865
64.0,68.76571800250002
64.0,63.11753585994154
68.0,71.53284792788014
68.0,58.58502002024835
12.0,12.068699712794569
12.0,62.48367545024166
55.0,58.90455713426269
55.0,87.59966775719744
72.0,78.18568811500592
72.0,37.85570805539385
52.0,58.66869274969798
52.0,66.73887127292056
54.0,50.86071164680635
54.0,69.65888003325324
74.0,80.97468699777829
74.0,53.9158863712795
54.0,56.39905567981299
54.0,68.38602285243564
74.0,79.10709619030024
74.0,44.19266368153097
72.0,78.21328749884839
72.0,68.17939377507429
67.0,70.19129365050867
67.0,78.44310051629003
48.0,48.119357484449154
48.0,75.37334453299127
71.0,77.21089619670124
71.0,39.765527693175954
32.0,24.633733501821723
32.0,73.81309173409824
64.0,67.59796486133706
64.0,80.29062268972467
79.0,86.72083937836533
79.0,68.88718726502725
80.0,87.24442958606767
80.0,71.95015000032225
49.0,51.15473972239067
49.0,80.01478634888036
53.0,57.16536780570141
53.0,20.386160648027385
73.0,79.22450497625556
73.0,51.23603039012801
70.0,77.88995022150999
70.0,67.1084491771544
63.0,65.76411695389709
63.0,72.00299399469878
63.0,61.43129457422032
63.0,68.01152939624427
74.0,78.41519830279435
74.0,69.8843680935276
62.0,67.80672383869432
62.0,78.35979480492978
80.0,86.45404657088403
80.0,79.50271296918072
57.0,59.426280922853095
57.0,47.39885490651659
72.0,76.5672027820745
72.0,79.66464534107854
62.0,69.9617160637705
62.0,71.09828562101569
68.0,73.29636553082747
68.0,53.08110324050517
73.0,80.56051867691326
73.0,80.60190475648784
65.0,65.5576002953353
65.0,40.20750186769783
70.0,74.72979385888402
70.0,33.227074632267374
75.0,81.65492599078237
75.0,83.45949904056368
67.0,72.67899303716734
67.0,81.10665422517997
63.0,66.15144582982839
63.0,68.52901911726559
62.0,64.58995985324458
62.0,42.47773136314828
68.0,70.21034440264361
68.0,73.01602056255649
36.0,42.85402876159418
36.0,79.5817758923323
74.0,78.74770113160781
74.0,60.178156878337745
63.0,63.1700392208316
63.0,72.8093307824065
69.0,75.3810863411702
69.0,28.01004958071252
74.0,78.97912762650145
74.0,36.4529174283507
66.0,74.48440098782987
66.0,75.56722308692878
61.0,66.04129288900788
61.0,48.462658658534906
52.0,46.78282550415122
52.0,65.8717902518672
60.0,63.84111900345994
60.0,79.09000199553856
46.0,46.71665573713864
46.0,47.61459196233051
68.0,76.40519177313541
68.0,59.97357477029931
57.0,63.46038196162772
57.0,80.5094655261737
58.0,64.54364975858186
58.0,79.59840954444729
76.0,80.2306404642348
76.0,81.5738960186714
65.0,64.72515331099237
65.0,53.14541549674698
49.0,55.7131156965541
49.0,48.06881085452409
70.0,71.2771262462876
70.0,71.89627697132113
77.0,83.47517915774085
77.0,82.09041051304882
69.0,73.25845601938414
69.0,58.10141039696191
49.0,52.35570957835023
49.0,50.7219760985476
52.0,48.70105742700116
52.0,71.39412206136024
44.0,35.27864585998782
44.0,84.5224813131997
53.0,50.65843129779705
53.0,47.3062714870706
36.0,32.00074593014443
36.0,75.16182504931169
62.0,67.33882980158825
62.0,70.62932084471896
59.0,59.376703554274854
59.0,44.1866273237556
67.0,70.83403877380874
67.0,73.06968481739244
72.0,74.59429902920914
72.0,94.6619778175056
61.0,60.64875851516149
61.0,63.82549089828137
68.0,72.9647549484389
68.0,74.98315007973042
70.0,73.27301670143936
70.0,80.51773470949308
70.0,77.88927346251944
70.0,73.57435026285526
69.0,72.71872198889668
69.0,15.16964863642869
53.0,56.03921873943477
53.0,70.3047308137206
59.0,62.23616008813468
59.0,80.41791653843603
48.0,44.12123830159595
48.0,56.12019160218642
80.0,88.23816016028042
80.0,56.65122021524729
67.0,72.34929162595205
67.0,43.57993669423138
35.0,32.020530110709956
35.0,53.10907595332628
43.0,44.784111053844015
43.0,78.52461631989411
61.0,64.64339587738863
61.0,93.42688707091668
63.0,65.5042889010407
63.0,86.34194215522211
76.0,82.64949998378177
76.0,73.306917064645
32.0,31.87971475481521
32.0,71.82496995073274
81.0,86.07648389987179
81.0,82.02290929284663
56.0,54.928474201554536
56.0,33.57802618793522
53.0,50.90387351960112
53.0,71.52800278520186
60.0,63.60601910708857
60.0,40.274801577316055
71.0,75.449156096168
71.0,76.71482299885974
41.0,39.80394194652018
41.0,18.014175444137436
73.0,77.6743905605345
73.0,76.96558971179257
23.0,21.041372237924236
23.0,49.897335533718774
68.0,71.12392400478342
68.0,57.95839210800045
74.0,81.48984439844804
74.0,83.32548363784264
65.0,70.47437162843528
65.0,77.91578135144886
53.0,54.13958028392415
53.0,89.13031246937857
37.0,35.03110874962812
37.0,43.179993194116946
66.0,70.49757002712107
66.0,82.67323096448149
76.0,85.84051890975047
76.0,26.78682410226844
66.0,71.74005485276172
66.0,54.55567287693475
69.0,72.44849273963018
69.0,69.33837115277794
65.0,70.99569729256905
65.0,62.764702968659435
77.0,83.44034478511901
77.0,75.10785824083922
66.0,67.90087631491019
66.0,62.98875987899498
36.0,37.298414895039684
36.0,51.042548288127534
67.0,72.21505022537798
67.0,75.61463718756994
73.0,79.06195191199379
73.0,39.407519606171434
13.0,11.029799285342506
13.0,17.567177007910516
21.0,11.775940535189761
21.0,67.83346215595577
69.0,75.1544615243194
69.0,76.51392858647313
69.0,70.82315708927865
69.0,68.19724403507445
80.0,89.82522681196502
80.0,74.80516910130177
32.0,22.679937789687813
32.0,49.58172893006633
78.0,84.08423708074207
78.0,22.23004447775139
58.0,61.62198060810465
58.0,59.4893633459713
69.0,72.44501869150486
69.0,23.201137390305576
68.0,76.34783462585114
68.0,75.18133668107504
56.0,60.53689206935792
56.0,40.72959203843175
68.0,69.99241400793352
68.0,19.668253002974495
63.0,67.4430865402988
63.0,66.64135628862704
68.0,69.0700568181
68.0,79.30697870511784
69.0,77.31027547619834
69.0,23.917770515356324
63.0,64.95224793398239
63.0,18.014175444137436
33.0,31.66638424218479
33.0,73.6522930607897
84.0,92.18597414451898
84.0,30.98300073193451
57.0,62.97038938043505
57.0,27.84281563856547
61.0,60.94734796949126
61.0,73.17347081518471
66.0,71.25482682934575
66.0,66.78297234231508
74.0,78.27685082281539
74.0,67.6073793513653
71.0,76.88273145924376
71.0,90.89635006873317
72.0,76.86639208184272
72.0,42.55087021043511
67.0,74.2520062189393
67.0,45.647037602456805
63.0,68.2822731239952
63.0,78.93120303950542
64.0,66.58523681673915
64.0,74.81581356906588
70.0,73.1938508108044
70.0,68.88453888242856
67.0,72.43716468367023
67.0,37.22571250372653
51.0,55.05897014498561
51.0,79.89319331265847
27.0,26.115967835376352
27.0,78.79565537263818
70.0,70.76376271512237
70.0,14.634924084670502
51.0,48.181597861671435
51.0,80.82314907554428
40.0,39.57506784436441
40.0,28.37412705087877
69.0,72.14720780723042
69.0,53.76274222979572
26.0,24.70150967969738
26.0,87.62566283331
71.0,75.20740669638514
71.0,62.0626158746432
24.0,17.402955141850896
24.0,85.48466358798515
68.0,68.42018254745238
68.0,75.3588184228559
50.0,55.18975228194091
50.0,50.879383618530255
62.0,67.80332859144858
62.0,50.08178784879925
17.0,14.86138615666465
17.0,75.55477630888998
66.0,71.67798114562203
66.0,43.79624182262114
45.0,48.08840643704531
45.0,75.642367074211
48.0,45.13559521025621
48.0,71.36211345368656
72.0,74.9361507924599
72.0,71.47790782076959
71.0,78.1660506999554
71.0,81.60492054851227
82.0,86.73905685582343
82.0,74.52104682455513
68.0,72.86063902259605
68.0,27.14426466306037
79.0,85.4306482599917
79.0,58.49525582541355
76.0,80.53080876241256
76.0,69.05846181692607
70.0,73.06132236584557
70.0,46.17451025476191
79.0,85.44867148727701
79.0,78.39984392431893
68.0,72.580422507354
68.0,78.65721854229088
74.0,80.19206833031706
74.0,15.814233742195881
79.0,88.93284574726619
79.0,77.99863472559838
51.0,51.69982023920471
51.0,86.9312993711967
54.0,60.80686512481975
54.0,40.48505488583305
70.0,72.94684366436809
70.0,45.29541312336306
59.0,57.59492373740625
59.0,70.16591275050632
50.0,51.31708561596349
50.0,40.1204524142791
66.0,73.55740065622916
66.0,82.65258500525181
79.0,88.10768695707964
79.0,46.85458264459277
57.0,62.84411805003788
57.0,66.7558738969089
28.0,21.17111382199829
28.0,66.54157609344128
53.0,53.97470369720156
53.0,77.3397862852953
70.0,76.08813156488702
70.0,84.95191536502495
71.0,77.91650879452442
71.0,77.20061096851657
32.0,36.50821402721755
32.0,78.15137089655224
65.0,72.19536445931857
65.0,41.97289624441726
65.0,71.99916884778463
65.0,73.19894661810605
25.0,18.40480697898954
25.0,74.96102895623505
73.0,75.8993158319908
73.0,46.83576354100825
52.0,53.2179148975481
52.0,76.81329391487213
67.0,69.7233751401854
67.0,64.82473997800025
75.0,81.4955526101021
75.0,80.83117086230249
58.0,65.27145819213268
58.0,75.92766209823611
54.0,52.60100237499262
54.0,67.65669770461113
57.0,57.55663926542002
57.0,57.412809428462424
81.0,86.86131365499602
81.0,75.37070733403982
80.0,88.04046391794532
80.0,29.22200787691429
59.0,64.94628233502499
59.0,41.7746282185924
71.0,74.07248335269918
71.0,74.37086221269209
54.0,56.65705495843298
54.0,29.016595250856653
68.0,75.44618680723886
68.0,84.61494624219534
25.0,22.660599883147086
25.0,54.1187301428086
72.0,77.77662182339219
72.0,45.2447734841586
58.0,66.4741047648497
58.0,83.14784292736857
64.0,68.60386031822691
64.0,52.2340929226246
81.0,87.7384464917335
81.0,20.669166531387248
69.0,74.20690841056427
69.0,96.75873536000933
66.0,72.37911749505315
66.0,85.80340580777994
41.0,42.04445378129304
41.0,57.37768406145568
72.0,77.17133368073985
72.0,74.92159702242873
63.0,65.9844206286221
63.0,71.0136862871326
75.0,83.8580009757381
75.0,29.72719161851336
44.0,43.810765543381535
44.0,84.81619138276659
68.0,68.800225932697
68.0,61.09036489267595
64.0,65.2884285369991
64.0,69.03444218160877
49.0,48.90067291915017
49.0,68.56187739813657
71.0,77.7358134805873
71.0,45.246024563175126
51.0,48.9950054044686
51.0,64.42010935414675
72.0,77.9238399144362
72.0,61.77364327996651
40.0,40.72572482657529
40.0,75.01089224748102
74.0,80.43820074527468
74.0,71.79481807669248
53.0,55.047114263975175
53.0,75.58655091072615
58.0,59.16154171911677
58.0,61.53109858168688
61.0,62.78716575517893
61.0,57.89489666626872
69.0,76.30154029693563
69.0,66.7576970153296
46.0,40.966003764483276
46.0,8.837468583549764
65.0,69.81691888405885
65.0,32.998108849890855
65.0,71.44413051559934
65.0,77.65272789660725
54.0,56.41549978874133
54.0,33.95928218058401
59.0,61.44196217951617
59.0,73.36760422717435
68.0,70.46738994973913
68.0,59.165604645463986
73.0,78.72521666271064
73.0,65.60197322660741
67.0,74.48510982850496
67.0,76.38136452235409
58.0,56.341436880266144
58.0,75.12428053348731
64.0,69.91821235724365
64.0,18.485907442354858
73.0,80.85407502143784
73.0,72.35977673487025
43.0,39.88030407398537
43.0,26.374881956469494
69.0,75.17119558443915
69.0,80.86829416512137
76.0,82.26477274183293
76.0,72.25425970476499
55.0,60.8610623151111
55.0,79.97681327334817
71.0,75.63592811141353
71.0,69.49758672921678
75.0,80.10091772994082
75.0,56.86975836290219
69.0,73.857839136807
69.0,63.23666260254987
77.0,80.80259918056788
77.0,65.87609294570325
66.0,70.19782092887073
66.0,70.95437491639615
64.0,69.53781029546502
64.0,60.5786174320167
70.0,75.8835104257164
70.0,55.62543178046769
74.0,81.66003071876963
74.0,21.575070974967275
69.0,71.70264024547606
69.0,52.48746747719986
46.0,46.86680808714442
46.0,59.9943214779376
25.0,25.72502158870907
25.0,49.04642497840575
80.0,89.33781726149488
80.0,51.31570349341831
51.0,54.92563908126675
51.0,77.79283589125635
51.0,52.50403886522264
51.0,82.45553969615509
64.0,64.84110879241751
64.0,69.37288719733306
56.0,54.08729800686626
56.0,69.30725418745601
62.0,67.3166742300225
62.0,72.0283519506296
49.0,54.19853166377453
49.0,43.743080689256146
48.0,49.498372462756834
48.0,64.03001780770103
81.0,86.28908612581728
81.0,61.252046361555074
68.0,71.94055957737999
68.0,54.50266993330621
72.0,78.79422510784315
72.0,65.96527043153463
40.0,35.207599750499526
40.0,60.49135083820573
33.0,25.411217493012145
33.0,47.244875391247945
56.0,60.87704547018052
56.0,64.53338800866476
5.0,2.0139813547912127
5.0,79.59957670887104
77.0,84.42500920575173
77.0,51.386031349566
60.0,61.32256920653367
60.0,58.89160980403739
12.0,5.170239472998617
12.0,66.60044329629045
62.0,67.44241581582384
62.0,54.39641957793259
55.0,58.146433446123865
55.0,36.66815515457091
34.0,32.1338511572074
34.0,80.99009531060517
44.0,44.18237359288531
44.0,68.02586656339565
10.0,11.616226838827004
10.0,59.569504713705214
38.0,31.574820346856313
38.0,76.81894130629706
62.0,60.30149209671583
62.0,82.60075052529459
49.0,49.47751077502903
49.0,37.1351735857225
54.0,51.997578305775846
54.0,70.04413824346125
67.0,72.89001579871058
67.0,76.61724512172452
79.0,88.02395947531534
79.0,72.50605501055054
49.0,48.174441003657705
49.0,44.542210739003735
58.0,61.107741181540575
58.0,70.34109424999212
70.0,71.99642615624174
70.0,27.64002279526335
57.0,59.94082326267369
57.0,79.99830321484785
33.0,28.245082543687033
33.0,79.35229939724746
58.0,62.56641206496238
58.0,42.617313690860954
68.0,73.37550836213484
68.0,37.1351735857225
73.0,78.4268001434449
73.0,80.16751269690661
71.0,77.16186014674469
71.0,63.50564891981281
68.0,67.42554908684508
68.0,72.91930389380371
62.0,65.80154346546573
62.0,81.6340338755274
57.0,56.01385079738708
57.0,85.18608996671264
67.0,71.14491273116937
67.0,78.29799857083964
64.0,63.535364611441196
64.0,59.33357910397859
47.0,52.518209850086805
47.0,52.85220938169124
54.0,54.649199442700876
54.0,83.98620904055099
71.0,77.97882581673355
71.0,73.17758675791544
68.0,72.6184390115485
68.0,88.54174197087747
58.0,62.17815428538921
58.0,44.66267795969958
74.0,79.76891145165831
74.0,27.242596044987295
12.0,6.7799659009361335
12.0,73.60896124306089
65.0,67.07741476635118
65.0,67.54017402669871
42.0,39.471668370185284
42.0,60.807301612890456
61.0,64.0714206719075
61.0,57.735319351948874
23.0,13.176002392876114
23.0,63.79482335865208
76.0,83.4838535133456
76.0,52.7743614505124
38.0,30.382982077825943
38.0,62.558931452816694
67.0,69.85531805237451
67.0,65.78241529159868
64.0,68.89988375969267
64.0,26.329605038142745
53.0,49.99606450444264
53.0,84.42375131054592
34.0,26.67985741265761
34.0,39.34600326188439
63.0,63.92658664169471
63.0,73.81314160324115
71.0,75.84339116719605
71.0,31.772544575749635
73.0,75.64716986831826
73.0,72.52364417012802
73.0,76.52979848293552
73.0,38.55501666419684
38.0,34.260326203018224
38.0,86.05728792313488
50.0,55.5460249380522
50.0,77.8018163742185
64.0,65.58424407819905
64.0,77.20476683394219
84.0,90.78522322295652
84.0,32.296499905475855
32.0,24.833322697190795
32.0,65.06259452350531
54.0,54.27203668433367
54.0,73.15996599274473
38.0,34.148066910095395
38.0,75.58491429451584
54.0,56.87230129905828
54.0,40.24240491108338
55.0,57.376906379870206
55.0,72.24411499119373
45.0,44.9609062289731
45.0,75.89017928868947
77.0,81.57669348144537
77.0,62.888435836096164
84.0,94.62085063262634
84.0,41.01451803254514
29.0,37.40330537183195
29.0,85.46791622721639
51.0,55.296009965910855
51.0,40.10470690408596
66.0,72.33988612889101
66.0,67.35775156370067
65.0,67.6852997118205
65.0,38.89427787897142
69.0,76.93631825410978
69.0,40.53167286481039
39.0,38.9338493037875
39.0,48.90898163686023
68.0,72.82740098834188
68.0,22.79264084639607
66.0,68.53390311135274
66.0,11.879366849861583
42.0,48.07189753951724
42.0,17.95823395862726
69.0,76.4086279635261
69.0,69.79338521286229
81.0,86.26922764730006
81.0,61.20127442357921
64.0,69.38397860924283
64.0,72.89940465159958
72.0,78.56586381296432
72.0,86.48627120907969
79.0,84.84840655278396
79.0,75.92680541611497
73.0,79.42644915627494
73.0,78.97269130504935
48.0,45.620483633446895
48.0,10.850875020084686
73.0,76.41011093586837
73.0,47.79131388242308
15.0,5.170239472998617
15.0,66.31876996557077
69.0,74.56247419825587
69.0,68.73237077402462
67.0,72.13656640560964
67.0,65.53637443520762
16.0,6.412502475541828
16.0,41.84186629907242
75.0,84.77659465980787
75.0,51.84202564949413
49.0,44.63565340018101
49.0,11.706635796198213
56.0,57.51968673281766
56.0,66.37955633796821
48.0,48.9950054044686
48.0,73.34652675326919
76.0,82.68952956933174
76.0,73.89312165962633
70.0,71.99375289293914
70.0,78.65039710795526
67.0,72.10175406739046
67.0,68.05675326225668
41.0,44.8966601725744
41.0,80.77519103759761
82.0,89.8667203014831
82.0,69.95497167181054
52.0,52.77740681349104
52.0,60.668903068647296
56.0,63.386958976160145
56.0,56.157015372280455
65.0,68.30117924792324
65.0,48.28617711579096
53.0,55.6075522005176
53.0,69.99845261835833
44.0,43.41995258359793
44.0,32.98639219431243
57.0,62.52679582858826
57.0,88.35318824048574
66.0,72.3441110345351
66.0,78.29784443350513
46.0,44.51734269261732
46.0,81.42245133403048
57.0,60.75864496620062
57.0,83.63279321593973
66.0,67.6942938565569
66.0,59.74164356846478
38.0,32.58961496491071
38.0,62.06694158636037
67.0,71.76596033884721
67.0,75.97051965829019
70.0,76.1307741735531
70.0,51.804570924038615
64.0,62.38931267650588
64.0,64.17845950449089
63.0,66.55990724712046
63.0,68.64920006260013
52.0,55.1804892786696
52.0,70.14166146890176
45.0,44.293740181091835
45.0,82.8943976339865
62.0,66.22212415455868
62.0,81.25607991354104
69.0,72.89639249136502
69.0,95.5053706750142
74.0,81.09294019081904
74.0,30.643020012280886
62.0,64.84047366071815
62.0,54.03553190250204
55.0,49.31172191511769
55.0,72.47856472755956
41.0,41.85423238364456
41.0,67.12852290779676
58.0,59.16899170113874
58.0,60.79405728782302
68.0,73.83095256066605
68.0,49.64882576197914
42.0,38.725729327410875
42.0,61.54372949000282
48.0,39.66208069508184
48.0,26.884852507033486
62.0,62.975031336714494
62.0,76.7113337923982
69.0,74.2243412216776
69.0,48.79593768537745
75.0,83.80436844678309
75.0,53.94350512469822
63.0,66.44364980233166
63.0,24.47169292310224
54.0,54.494053910833316
54.0,57.82472726546274
60.0,62.85132036735507
60.0,75.67154509518008
72.0,80.5136916013771
72.0,77.45566017431531
64.0,66.28028405043727
64.0,50.39577449322775
65.0,68.95931692103852
65.0,31.759307329451985
34.0,34.43141987433785
34.0,15.298031471935474
30.0,27.588387950529693
30.0,77.3409130691312
43.0,44.19238491105335
43.0,35.99768373322678
75.0,79.44219621552634
75.0,53.76092060598825
69.0,73.92820790560711
69.0,81.80755252189937
35.0,32.87239816737514
35.0,25.80166225983112
71.0,78.21407971569892
71.0,68.9520087050658
67.0,72.18737619614058
67.0,80.4927015087548
82.0,89.41128956248286
82.0,45.805839321283884
63.0,61.84439659808913
63.0,54.200355370704926
75.0,83.78633325518075
75.0,71.09619476215221
62.0,60.18116473828201
62.0,28.414048279727524
62.0,64.59658303955592
62.0,78.00561399532455
69.0,75.38655186978127
69.0,83.2199703553058
51.0,52.24459291697889
51.0,86.11092327928571
83.0,89.78272531971425
83.0,71.17280199268686
62.0,67.59682158660235
62.0,79.394143866945
65.0,69.45480406432472
65.0,36.336028177949515
68.0,66.9786338666471
68.0,76.17959897185199
61.0,65.44837397131522
61.0,78.40998727251389
68.0,71.00503497496942
68.0,63.336364658662035
70.0,74.14191820683646
70.0,79.55164857913962
73.0,81.12253709860312
73.0,70.5689661123302
64.0,65.73149467062393
64.0,60.20015655741821
79.0,86.92420037049868
79.0,6.7799659009361335
61.0,67.13267608060369
61.0,70.34449428758666
54.0,47.60933000453139
54.0,34.65575304234068
71.0,77.17121204034186
71.0,77.14909054120739
52.0,53.33057883899784
52.0,87.92203274408081
44.0,40.92757473059231
44.0,54.647735098206624
34.0,21.030663089502582
34.0,78.71184985248101
66.0,67.92782949405995
66.0,63.449859983502506
71.0,75.11030568290124
71.0,69.78669686696037
58.0,62.41943500713796
58.0,78.01296660769384
75.0,82.54614648103279
75.0,68.34344495579705
58.0,62.18824732826232
58.0,38.19652577754772
40.0,30.743634883521736
40.0,69.11599534756994
72.0,79.0314355542547
72.0,6.191230022820434
62.0,59.86573159468071
62.0,46.66678010372112
59.0,61.842394534522725
59.0,74.64106067222957
56.0,57.367853844042486
56.0,62.95048879369796
75.0,82.96660056955807
75.0,54.32047816671803
66.0,66.30200049793615
66.0,63.76806934109169
27.0,17.55477916607464
27.0,39.92634692331882
72.0,74.88492104341191
72.0,75.41627214680415
47.0,40.19159435658031
47.0,63.597228399068854
78.0,83.37449293725035
78.0,65.43951695172575
67.0,71.7011458751602
67.0,64.45970754914657
58.0,59.74812286617686
58.0,64.09502308287591
70.0,73.88819560798328
70.0,55.91288717113753
66.0,70.15542174417465
66.0,84.58273560930041
72.0,74.82908818594979
72.0,75.12017261156785
47.0,52.163596662493944
47.0,68.8474558775178
23.0,17.790942286198913
23.0,57.99824073092458
60.0,63.448077577003346
60.0,85.9173337503567
48.0,45.09952357167788
48.0,59.76473432122839
57.0,61.73527286097482
57.0,45.13525106076548
64.0,66.63816098844927
64.0,74.04024957299367
52.0,54.15175703373109
52.0,59.675947106490014
57.0,63.5941070230171
57.0,67.35252459509024
38.0,30.556584041442136
38.0,49.93418132406839
60.0,61.72796560120128
60.0,75.84720181408301
62.0,67.15785137816613
62.0,75.73111980439046
51.0,51.06474180151412
51.0,37.54706228468666
67.0,75.42141851778871
67.0,16.473294653258222
58.0,59.917643442725705
58.0,28.99376153392859
18.0,12.293709079819848
18.0,65.09428963057894
65.0,68.0655559987938
65.0,69.82076921656119
24.0,19.800370673963016
24.0,68.67401927230878
52.0,56.21788032563228
52.0,63.116776248474025
68.0,75.81780125048738
68.0,54.53943169116951
66.0,72.12618615088434
66.0,63.124861167413485
44.0,50.936206788701384
44.0,65.74010104943557
60.0,63.55247078580214
60.0,79.72870301893221
64.0,68.17315859745077
64.0,60.19342814972481
60.0,60.836047085591474
60.0,64.18483819583145
50.0,48.58307708489792
50.0,49.96555509214443
59.0,60.098690274231444
59.0,21.564461708432816
39.0,37.298414895039684
39.0,46.60838938638216
33.0,32.161705778891246
33.0,42.81374470725342
63.0,65.41445988007223
63.0,60.84149721738095
75.0,84.5969617480398
75.0,52.10416100212473
56.0,60.090505167564515
56.0,74.62572165013933
69.0,74.32829393625093
69.0,53.47291315375952
60.0,59.75218486984875
60.0,77.41155988080294
65.0,67.64784638695954
65.0,50.05956355598602
51.0,54.03769216299486
51.0,55.51759603034418
54.0,55.37135118058387
54.0,61.29450820820864
41.0,39.261254187383145
41.0,60.592725147061344
23.0,12.668703243555683
23.0,40.11429292258282
39.0,37.35181921892456
39.0,54.100505199954455
48.0,45.534900769297224
48.0,38.50498752431395
52.0,51.44222486323156
52.0,66.64341036002321
59.0,62.136641026626364
59.0,22.10443758141662
60.0,64.1605543898363
60.0,68.50647442234833
41.0,41.50673621335869
41.0,55.86554526359703
72.0,76.10335110362291
72.0,60.44348247153533
42.0,39.63766048233492
42.0,76.56938874236897
69.0,73.95716835296531
69.0,64.14733207686004
70.0,76.19182891081869
70.0,76.96802322880887
72.0,81.01959873301212
72.0,62.96584539207322
70.0,75.49508692424843
70.0,73.75957531333847
71.0,79.1595015929284
71.0,69.20184008462422
58.0,57.10866261813487
58.0,73.84006382309201
67.0,71.45792987408032
67.0,54.770454609754495
59.0,62.446399876426085
59.0,70.28840421095259
50.0,45.65305386289742
50.0,76.30031344603776
71.0,76.105892428446
71.0,21.971116226916365
43.0,45.55992671480607
43.0,69.41298577377597
75.0,80.40503536587033
75.0,58.13038754064678
72.0,78.91950611940484
72.0,61.231275509017564
71.0,74.25290765081331
71.0,69.39702840157884
35.0,37.12484383389403
35.0,49.490371059676704
53.0,53.099175300411616
53.0,54.88621195247197
67.0,75.57536808205106
67.0,68.0195267100072
39.0,45.72605378665145
39.0,69.64767342544496
42.0,40.332442397366776
42.0,78.01651717083348
41.0,38.05791526080725
41.0,59.311009953509654
71.0,79.2217455743563
71.0,79.55484228822553
49.0,48.79593768537745
49.0,75.1706521442888
44.0,47.64038568021056
44.0,78.05651155117107
67.0,70.95471896069722
67.0,72.11894930899894
66.0,70.02140353636105
66.0,75.28971075204038
66.0,69.86072141658036
66.0,34.23695042307463
64.0,69.46385959382383
64.0,70.45304045144195
69.0,74.58096715145871
69.0,63.414780735453405
66.0,74.51959652802401
66.0,75.0012034119747
73.0,80.37105350310156
73.0,49.37335333772921
66.0,72.33290248762222
66.0,52.152203434635965
74.0,79.13940245540113
74.0,67.70945419531802
58.0,61.12586310650744
58.0,68.1252110189381
76.0,81.38513307583008
76.0,44.69086602375012
72.0,79.26499257364264
72.0,66.68167647966789
59.0,61.283218545303725
59.0,78.286452213063
49.0,52.15357772036458
49.0,52.585866951253706
75.0,81.78888050288333
75.0,57.70706164846865
55.0,59.76364652727989
55.0,78.91098124552559
68.0,72.20354253605842
68.0,19.834397550421727
25.0,29.03569358849552
25.0,26.149079020882482
71.0,74.66775902882335
71.0,41.45125648611503
54.0,58.299705478276906
54.0,78.5838479477647
55.0,61.21281835796549
55.0,53.920611153770324
73.0,81.14157138898764
73.0,71.19781489588928
44.0,46.14134206476683
44.0,45.27930131087925
37.0,33.044343777779204
37.0,85.24462052893614
73.0,81.33957811422209
73.0,72.07076454230707
63.0,68.16061770924574
63.0,93.80043824698038
59.0,65.81925704814114
59.0,76.4556459473219
52.0,50.060529990520706
52.0,84.38317637415258
45.0,48.7343272441006
45.0,76.89308384124689
38.0,33.519245611295844
38.0,86.03735749075105
63.0,66.88517000200403
63.0,66.90126898771445
67.0,72.62344378954128
67.0,69.28160913247228
37.0,41.48806145186802
37.0,27.39036968704613
35.0,34.38776206178977
35.0,57.26451454829623
51.0,46.5449651464516
51.0,62.529503150415906
64.0,66.14832910820644
64.0,92.44730657830195
68.0,71.62878464085009
68.0,46.952697943392195
70.0,73.93041634877704
70.0,75.59012534685598
26.0,28.357628810445192
26.0,13.728129550130348
56.0,59.00966774136248
56.0,70.64050535961599
50.0,53.685014282906366
50.0,68.58227664764291
63.0,67.30607361796228
63.0,67.13196961284933
74.0,82.1851805990226
74.0,51.64070671741956
72.0,79.32009084695108
72.0,50.26813717918566
70.0,75.07104239197491
70.0,68.70340769794421
47.0,41.13623934786267
47.0,62.23009966185589
64.0,69.36938707850459
64.0,50.41570352075536
68.0,75.00198320236677
68.0,44.22967451422801
47.0,49.833820632662366
47.0,61.61709367276268
68.0,73.58094519875863
68.0,37.35938434100831
71.0,75.44628351658974
71.0,73.82872443178337
45.0,42.50501675733972
45.0,59.12803457745514
63.0,69.83443677035223
63.0,79.95855745806352
61.0,63.19597424718023
61.0,76.36639817552492
70.0,76.38236514083803
70.0,1.802137932411938
66.0,70.26510152191338
66.0,53.145015634496076
41.0,46.253446818925
41.0,14.168538745330011
69.0,75.96187097819313
69.0,44.96029059886115
73.0,79.21404237211897
73.0,69.36648962949715
34.0,24.769206691130364
34.0,76.32588250647183
65.0,69.00310555450898
65.0,89.73593601331316
60.0,60.94981289415887
60.0,81.18647571750353
67.0,72.30650697530746
67.0,37.50122703607394
68.0,71.71306915005852
68.0,79.38704997991391
40.0,35.462107148753375
40.0,57.05486744375435
66.0,69.05805776282443
66.0,60.18113289667923
72.0,79.49794920573265
72.0,85.59202443912642
42.0,36.20330110860522
42.0,65.87171479689152
30.0,34.44819777791196
30.0,65.50405247130118
55.0,50.684771971557154
55.0,43.810765543381535
51.0,47.41745248901714
51.0,45.256724735087744
73.0,80.83408544256275
73.0,61.158596636267475
64.0,66.72087180446448
64.0,40.3776452012537
63.0,62.80033924707391
63.0,74.13766483867431
51.0,54.30042694427652
51.0,59.19155825791438
66.0,72.09578495216687
66.0,67.91952650898997
18.0,11.89272522388984
18.0,38.17796913328192
56.0,59.272250265181924
56.0,69.61999582480718
39.0,31.87287424956537
39.0,68.93995991220902
68.0,76.05416633348949
68.0,7.121929172418561
70.0,74.44875132024669
70.0,40.275175668206884
27.0,17.59743053479957
27.0,42.240186128356015
50.0,47.75595590053024
50.0,60.56468447006483
71.0,78.04325708481667
71.0,77.43497416978892
29.0,29.48097674071397
29.0,49.96501540257344
44.0,46.739038010831734
44.0,68.12464029264947
42.0,41.61378684096883
42.0,89.93828276403411
66.0,72.66955773655201
66.0,86.53991372150904
20.0,16.522534112074766
20.0,71.77518946484287
41.0,47.21078342151117
41.0,80.70492505598594
79.0,83.31252236051347
79.0,71.06071094135939
62.0,62.10216955037595
62.0,68.94713401377152
41.0,44.43871772833148
41.0,56.184003818594874
62.0,64.31668545309577
62.0,77.34795751924571
73.0,78.51856624238138
73.0,60.42850276614911
72.0,79.5022380713408
72.0,51.89039608216166
64.0,69.22013789565636
64.0,57.82340754156934
75.0,77.32533250337406
75.0,70.79396433092472
59.0,62.258255313976804
59.0,77.50795920593237
74.0,76.4836882610025
74.0,39.65192909452452
65.0,72.94727500959766
65.0,68.22348612172857
59.0,61.54017875516115
59.0,60.28367558412094
36.0,38.70265144923604
36.0,74.07283283558576
49.0,51.77732906266942
49.0,52.818789178169254
30.0,25.765555890827216
30.0,80.0171494590889
56.0,57.33234813036182
56.0,44.57796452022649
34.0,31.804854584596512
34.0,50.54960033860783
32.0,33.13903753099834
32.0,61.631931042157134
26.0,30.273324459301875
26.0,74.25565508063528
39.0,37.32826860790345
39.0,64.5184851471605
69.0,71.93520462747426
69.0,79.17170958044551
74.0,80.01622749726852
74.0,39.09517661140228
50.0,46.576508381266024
50.0,48.095376147594266
58.0,59.58439109092984
58.0,66.09529339264947
72.0,80.26914568245815
72.0,62.397853692811
73.0,77.64455501766827
73.0,71.526291274394
25.0,24.251858797836633
25.0,71.28890472954731
36.0,31.408447312638657
36.0,16.463703503576426
71.0,75.80455154143635
71.0,34.1404088370478
29.0,10.913301281404017
29.0,80.63314597625106
47.0,48.590426710813915
47.0,75.85395155639952
65.0,64.25637174066424
65.0,28.43395232056588
75.0,78.5555128491655
75.0,58.88519154537869
74.0,80.78013445324189
74.0,75.1865276764185
63.0,64.70323411995969
63.0,72.6631267162582
68.0,74.4397165545679
68.0,29.60771729271886
57.0,56.02347799326327
57.0,55.55697888116356
23.0,23.57309465424362
23.0,23.711771203627563
74.0,82.36024210191482
74.0,88.89067487500745
68.0,72.74219684900856
68.0,74.78951899989545
69.0,76.26135285221307
69.0,76.58594250531286
33.0,27.519862864268703
33.0,67.54031578881461
50.0,51.420907087228784
50.0,66.7753226921169
76.0,81.34653518958328
76.0,46.1152480004028
22.0,13.635623168472762
22.0,63.268612382435606
75.0,80.81651825981453
75.0,65.14664302364167
73.0,81.63340277488516
73.0,42.85691244046944
62.0,63.23115129124051
62.0,25.87020608066024
71.0,77.95558389647681
71.0,57.78682342712722
79.0,84.03924627325006
79.0,45.65408183740351
73.0,81.40865468306322
73.0,74.77659453719093
45.0,41.35558947423209
45.0,82.49416470510562
63.0,64.34847086489538
63.0,19.391015370922048
75.0,82.35596638100037
75.0,81.9361119745214
58.0,63.19408179099173
58.0,71.12394658591097
54.0,56.615381180516295
54.0,71.21468325328362
41.0,41.186651658716926
41.0,52.71808850534842
47.0,47.050023234566254
47.0,64.91723529563694
63.0,66.68859840246608
63.0,58.79780800892553
55.0,55.40658084360331
55.0,58.26675190334316
76.0,87.50236097647183
76.0,79.58255314423434
50.0,49.43021690162783
50.0,71.88509748143053
67.0,77.02765310592008
67.0,43.30675740399528
68.0,67.66691403730351
68.0,52.27227462785322
59.0,59.15264002552453
59.0,70.07831455468744
15.0,13.815640533572662
15.0,72.75247076143222
33.0,20.147274465940143
33.0,68.47841266935694
77.0,83.46074295118262
77.0,77.93173903974304
65.0,63.014314712369014
65.0,40.72959203843175
58.0,63.30016731439389
58.0,67.84068607181797
35.0,35.276770048247954
35.0,75.36489229716625
65.0,73.54722824287785
65.0,69.975744912003
58.0,54.89149311136197
58.0,68.2039881904991
60.0,64.8459596159268
60.0,79.10783621670447
69.0,76.25325899106423
69.0,71.58989393436559
63.0,67.32505587908031
63.0,26.420305188834902
62.0,66.97397647587627
62.0,69.20999869960303
33.0,33.80619916663812
33.0,69.64637160451241
57.0,57.62482052890272
57.0,42.01272207431089
43.0,36.82576763196897
43.0,44.291152588249815
38.0,43.350817974527104
38.0,39.21322919974159
28.0,29.41913129884358
28.0,82.55628802420722
65.0,69.68552220291718
65.0,58.03099038721416
72.0,76.23300227761916
72.0,39.90384875931528
64.0,73.16463989460112
64.0,54.46552680111671
58.0,62.23975387298043
58.0,52.035723146586065
73.0,75.87609974659233
73.0,81.49172142880508
62.0,69.24549194443335
62.0,81.93099534036861
63.0,62.24365532077252
63.0,37.85851923428396
61.0,68.07615254025166
61.0,65.96221785271132
54.0,58.25974590907509
54.0,38.62427059634757
41.0,43.134535492114594
41.0,83.16779425957469
65.0,69.98373807865335
65.0,84.49689329618627
51.0,48.68072621195847
51.0,74.2396678733922
75.0,80.9739994667022
75.0,69.42827414952797
59.0,66.37581919119748
59.0,65.5098002401619
72.0,80.34095518918866
72.0,14.261221945997306
68.0,74.08487595680646
68.0,53.013053441918714
55.0,60.08593232279787
55.0,36.489449446564095
54.0,56.85103389697434
54.0,60.482170829465986
59.0,64.9597688851465
59.0,46.86292337453568
70.0,74.78209936652632
70.0,72.08243404919307
84.0,90.35805070566039
84.0,68.58315166233706
49.0,52.571306393637826
49.0,18.08609892503887
73.0,77.27568199191865
73.0,28.289086001459225
52.0,52.65897714012846
52.0,26.871450475877566
54.0,54.977274359582566
54.0,35.787579618610664
21.0,29.231718429547982
21.0,19.849841348016923
36.0,31.218311358678193
36.0,73.39781574159781
18.0,13.292347688484995
18.0,67.38649443876756
44.0,40.33403352162003
44.0,78.87178729716652
73.0,78.418996288524
73.0,67.89251378238919
36.0,27.64002279526335
36.0,49.626886808737424
64.0,68.46164345665352
64.0,49.60189256385286
57.0,58.207723981267236
57.0,67.37892100372068
63.0,67.28483228434152
63.0,60.0966468908839
56.0,55.694024183374836
56.0,61.03973656329532
47.0,47.396035077604836
47.0,67.62235693946803
47.0,42.951673791445955
47.0,67.05682794061221
51.0,53.310650350522906
51.0,48.00450246743833
31.0,32.24625309134524
31.0,73.46224018503926
27.0,20.553010104864313
27.0,38.75992084565115
55.0,51.209531639932266
55.0,62.20058590782821
62.0,66.5258415689459
62.0,61.59874121819837
48.0,42.76881358833987
48.0,68.92692243455497
74.0,78.55988603945798
74.0,66.35739450815942
22.0,20.022440216352493
22.0,68.2459046566126
35.0,29.807872504154375
35.0,19.13963558035033
79.0,85.92038983090112
79.0,77.17410654588059
12.0,7.328528252081583
12.0,72.59454482728438
47.0,46.15957775074253
47.0,69.89866603534068
63.0,67.39443086353629
63.0,70.27831836333041
55.0,59.193625076643
55.0,32.185813224230685
67.0,72.02027932354281
67.0,33.862174026290745
78.0,85.28507175751429
78.0,59.92367635941872
75.0,81.01913083382215
75.0,53.58768670276277
49.0,37.50162060928426
49.0,83.31206825051896
72.0,76.65758215431447
72.0,73.12037020821458
65.0,69.89307090388002
65.0,76.06849683031197
66.0,68.41001119875995
66.0,22.21323768889272
61.0,70.01471459791554
61.0,79.98096500879745
45.0,42.15264645855825
45.0,61.960816521619336
58.0,64.12435837944275
58.0,82.71704873112645
10.0,17.660808028200165
10.0,54.026031773598675
70.0,74.20604994812248
70.0,81.57630727804263
72.0,76.00742756516848
72.0,81.01968435722154
57.0,58.5855091402326
57.0,81.00472837369352
73.0,78.72815772899747
73.0,45.526307294756066
38.0,38.45249800452035
38.0,48.466072869742675
70.0,76.03534761269447
70.0,73.58387850330564
69.0,75.7259743959392
69.0,41.98204715322885
20.0,11.540026150851475
20.0,64.50751618316764
19.0,3.1195620276845375
19.0,56.768918992039914
43.0,47.039427185446016
43.0,72.34130306723307
63.0,66.39040727970354
63.0,61.986491588929425
53.0,55.01933937339936
53.0,82.01747246440664
63.0,69.70398994160541
63.0,83.28631654894514
55.0,52.88495199025681
55.0,65.69490344629531
53.0,51.54339272489108
53.0,67.39858960372783
54.0,54.97518898620052
54.0,55.24694239076592
74.0,80.51090274448705
74.0,34.16036669723587
71.0,75.91996265337679
71.0,77.20044304837853
34.0,37.715030454138514
34.0,65.94212019049883
34.0,29.318099729636344
34.0,83.09292477842843
50.0,47.88018097932189
50.0,75.11112537217679
68.0,73.7808003397297
68.0,67.78931766121246
61.0,63.87325982539954
61.0,47.4537355180895
61.0,67.84027565715678
61.0,60.88260187043858
52.0,53.51187826612869
52.0,78.30466827792924
68.0,70.10067662547738
68.0,53.67736158397855
1.0,-6.699850046371296
1.0,48.37988041057105
68.0,71.95105908175611
68.0,54.919387436343754
54.0,54.24737628475327
54.0,25.710581283206068
72.0,77.95040171146326
72.0,67.75239582292346
72.0,80.54045773368568
72.0,65.21983837130398
52.0,48.3648899278935
52.0,12.214888314493294
63.0,66.1815100662202
63.0,71.56262072912284
28.0,20.43242848617666
28.0,77.49565198064107
57.0,55.718798246709866
57.0,70.01629756171053
48.0,50.56865664179759
48.0,67.22520040829761
60.0,62.04353123329673
60.0,36.33721155005054
69.0,71.72971701939224
69.0,35.65055226399693
80.0,85.92215775149873
80.0,45.50627283957243
60.0,64.664118566632
60.0,44.36415993103168
53.0,54.598743314779824
53.0,26.783019227984425
50.0,44.51011551712554
50.0,52.64917260177248
49.0,50.99648664426462
49.0,67.14344822707045
70.0,74.83312854754126
70.0,80.58638085802068
55.0,57.92895777329409
55.0,58.44283726340478
59.0,62.12698791466096
59.0,13.423724877474456
64.0,70.13644246403624
64.0,52.43157425992723
60.0,65.38150785287877
60.0,67.88586232948359
19.0,7.121929172418561
19.0,69.85762472215174
55.0,60.391186255624575
55.0,56.941194972413086
59.0,66.82672010594723
59.0,61.24301015813381
55.0,58.95673143427132
55.0,74.09895926485297
35.0,34.28402433067964
35.0,65.70804776585163
47.0,49.3596599079965
47.0,31.035097788124176
79.0,88.19707346162261
79.0,65.92783946582983
30.0,24.44282713141149
30.0,68.73539949891506
62.0,64.03631356938325
62.0,60.45973215706425
60.0,57.83987836175834
60.0,53.3473438495771
79.0,86.08080190114339
79.0,37.388220704785624
55.0,59.65033229542371
55.0,79.63938168429945
59.0,62.232729111526226
59.0,77.35970201491858
74.0,79.35173168661998
74.0,29.385648024513102
57.0,58.613813324653734
57.0,75.75719300792781
63.0,65.82871695795535
63.0,78.71472566913786
38.0,31.32731515363156
38.0,67.05177902607892
52.0,56.8220694255142
52.0,57.91844617111218
41.0,35.177485868358076
41.0,67.22646516738115
34.0,34.821479574204375
34.0,42.882577580860755
61.0,60.38621629865463
61.0,55.59800227261354
65.0,70.66312880972879
65.0,55.8573308319734
38.0,37.847942371604745
38.0,70.54298988282653
66.0,68.11649191121552
66.0,14.013060982236937
49.0,49.4670209683199
49.0,85.27722582742155
70.0,73.64529526608862
70.0,64.81997546773658
39.0,36.70123893355998
39.0,83.77102444597165
52.0,49.396849679007744
52.0,62.8108133336961
69.0,75.01843091751914
69.0,78.50430826167457
72.0,75.62249911365564
72.0,82.75868708914004
68.0,75.48648117881021
68.0,65.62820904848331
78.0,83.70961763122523
78.0,55.70685309627464
72.0,76.01877006777704
72.0,48.699560444542385
67.0,71.58303535555291
67.0,74.76742484404872
40.0,41.38080118988381
40.0,84.59471195874113
70.0,75.49665690017002
70.0,6.456048698423729
59.0,60.62830564496983
59.0,39.24033775693931
59.0,55.67746540813471
59.0,70.33662950381489
76.0,81.66944151106213
76.0,81.28632640932983
42.0,44.345580758800736
42.0,80.16664224140885
57.0,58.92415719562348
57.0,75.21230700535199
74.0,81.06240338392962
74.0,70.56041958021086
70.0,78.23074341654132
70.0,81.89346627428478
49.0,48.89932803613601
49.0,87.4712714460893
64.0,67.77567866604107
64.0,63.090025889859305
64.0,66.10038171213466
64.0,81.82197448591302
51.0,58.61802742552874
51.0,58.23776006769231
71.0,76.55722087713241
71.0,79.03687826184341
73.0,81.50216120683211
73.0,75.7092849724246
66.0,69.27049156021138
66.0,33.906449837464436
64.0,67.65264618500038
64.0,75.31396926285367
76.0,82.23646538166946
76.0,56.51054585133903
76.0,82.0218190357175
76.0,66.72941535620276
63.0,69.61585783541449
63.0,70.40987336480583
30.0,30.42714129543367
30.0,35.313123067017614
65.0,68.87469114222654
65.0,9.992064390299902
65.0,68.12920381118295
65.0,79.19076826910049
74.0,80.31315287059334
74.0,73.05566193542387
47.0,42.098227309749745
47.0,91.82876271872829
45.0,43.959457614027315
45.0,40.6605687012115
19.0,22.25009106755448
19.0,57.85214194173636
36.0,32.16124141709025
36.0,81.18295164307
67.0,76.79424831859359
67.0,67.60093792910197
56.0,55.40629794514888
56.0,75.47281841328464
51.0,53.7348126715018
51.0,44.23242580000141
75.0,82.24386157607586
75.0,51.05123182958937
78.0,85.24775415846261
78.0,8.837468583549764
72.0,77.27575304930008
72.0,78.62695123659415
65.0,70.00128116326971
65.0,66.54910423176415
14.0,1.5939321742898187
14.0,69.07430742865438
72.0,79.49193877723394
72.0,75.30659363720758
62.0,62.6792090451832
62.0,75.53733179784757
62.0,67.76028356292767
62.0,45.68606652668757
37.0,31.55084420484775
37.0,69.68523744747483
7.0,14.72299732724025
7.0,70.35596936884775
50.0,48.22119863662573
50.0,67.74863828112086
59.0,62.14253032398841
59.0,67.23688164191384
50.0,45.17754997409605
50.0,67.04757713404928
66.0,74.4566206116728
66.0,81.05029225707125
51.0,52.80078643616713
51.0,55.79289551598731
70.0,72.145873389597
70.0,55.89356031661936
64.0,68.45776799351097
64.0,72.78741162444334
64.0,72.55642911869609
64.0,31.128964360669045
59.0,61.64917850885365
59.0,53.38790805640565
68.0,71.24178758636856
68.0,72.1429684148905
19.0,14.208766775822028
19.0,51.920897133428184
55.0,54.4993463303
55.0,81.66995344753042
73.0,78.0702667406631
73.0,70.45455708340597
79.0,87.01446566994377
79.0,11.195928113615423
78.0,82.12659107572978
78.0,72.25197620766454
76.0,81.95404451370041
76.0,76.31812427856858
32.0,33.339018202053694
32.0,72.3019401728937
44.0,47.974880461514715
44.0,65.17224906049972
34.0,29.318099729636344
34.0,41.120629360020246
78.0,83.30046752578937
78.0,92.42449901468297
76.0,81.83136255502973
76.0,26.201338870690222
67.0,71.45237903253656
67.0,66.6314429747145
52.0,50.41916602323181
52.0,43.042798955729154
82.0,88.18890471056915
82.0,19.319595742805916
71.0,72.91736178675797
71.0,81.07389924795802
77.0,86.30609004103871
77.0,26.713407527841696
73.0,78.7923983219178
73.0,20.700736841363323
71.0,75.63592811141353
71.0,91.63453689081672
11.0,8.976380042195842
11.0,67.3225287492445
59.0,53.44801428406771
59.0,73.95217053109923
46.0,51.78648460904668
46.0,40.34289708262486
70.0,76.22091234098161
70.0,39.797666868675094
69.0,72.92489105340854
69.0,45.874865386962995
63.0,66.96446819243926
63.0,68.29850337695302
43.0,37.093615023564496
43.0,21.13398681519294
69.0,71.36080615100667
69.0,60.28762287093332
64.0,71.75376257834336
64.0,67.24284172059663
71.0,75.65439022550504
71.0,74.14951109537384
62.0,66.77147331586406
62.0,69.273479574585
73.0,79.59236975174196
73.0,83.29995338094693
74.0,80.90133101937676
74.0,76.44000036335814
65.0,70.6518294201536
65.0,35.757215620743125
42.0,38.656090910607645
42.0,47.44090006764071
62.0,59.09347084769735
62.0,76.7697454200254
58.0,58.72720823893172
58.0,64.95118991187451
71.0,72.15907613681065
71.0,44.480906746584424
68.0,69.24834263583858
68.0,21.47240403132264
36.0,39.20360196546454
36.0,66.18983519142364
68.0,74.88597502585378
68.0,20.441335299899492
45.0,40.270597499550945
45.0,74.78372243707491
70.0,75.05765201525327
70.0,5.170239472998617
74.0,79.76636501330955
74.0,70.89008234775918
47.0,50.168190038338366
47.0,67.57934476760863
67.0,70.17017285539907
67.0,44.87526229383985
58.0,63.95325823084198
58.0,71.85433305821897
63.0,61.507017299800225
63.0,69.58742645951963
73.0,79.35233607756754
73.0,51.05134519334797
29.0,28.70537082560054
29.0,32.056848619221626
31.0,35.44574866600965
31.0,40.913144886845146
67.0,71.86490299232673
67.0,83.82377542179802
59.0,61.31145537026873
59.0,78.16382761186418
49.0,52.78514166313494
49.0,72.31041354645146
72.0,79.80531572979612
72.0,44.999396482036445
67.0,73.40388320885103
67.0,60.503970574233904
39.0,36.83138650923763
39.0,90.95942101362255
69.0,75.97846841170275
69.0,88.55954110762343
64.0,65.91198014880513
64.0,82.87478444469798
57.0,55.974162832962406
57.0,63.36971330545134
71.0,79.24327335943639
71.0,61.470154480611825
58.0,62.87690049780656
58.0,75.85612062403015
70.0,73.9618832905179
70.0,22.344122007530302
34.0,41.71640303849972
34.0,40.11202817907326
64.0,67.2285166543474
64.0,50.38425057100642
61.0,63.40497468309337
61.0,56.52582571440092
76.0,81.97148205023137
76.0,9.397910293421546
61.0,65.3379383696531
61.0,71.82000922760119
45.0,46.66749631006559
45.0,50.470522264037754
47.0,43.343897385742196
47.0,42.80508403697047
68.0,72.77840718161292
68.0,57.44066968851598
49.0,49.9813150420772
49.0,70.63350148778943
73.0,76.86661948155347
73.0,50.463901505156
71.0,73.87414445647335
71.0,27.616217442291656
58.0,64.07605478154778
58.0,61.99751182896506
51.0,54.631183771202814
51.0,68.32126766146013
72.0,80.38151529194965
72.0,15.65151380553823
66.0,71.7380946614445
66.0,60.48376717333747
50.0,55.95391932979777
50.0,59.819984703722014
55.0,60.35039014082537
55.0,48.298518740026736
48.0,49.99100031430805
48.0,23.882152016840394
60.0,66.3060952429484
60.0,44.34613078360201
72.0,75.82106203467981
72.0,37.488464813956114
59.0,60.9251625200352
59.0,68.52308108313184
78.0,84.24228459280823
78.0,56.812852564646505
55.0,58.059646313292774
55.0,4.341879386289577
29.0,31.307400753737625
29.0,24.307150561744436
64.0,69.65336780768962
64.0,63.35339767636174
62.0,65.64881483134309
62.0,40.510557988761036
67.0,69.2499660216169
67.0,88.88574666571299
44.0,44.90045455413497
44.0,75.18848578448751
66.0,68.73765417445446
66.0,62.60483546535926
66.0,67.8830400030671
66.0,77.8744762806972
66.0,70.07499925088837
66.0,84.5935672470265
81.0,84.58615825618011
81.0,33.6564761786135
67.0,74.4114250214082
67.0,70.37355045186371
64.0,67.38355692900365
64.0,56.32626887091686
73.0,76.67162376049004
73.0,52.71010695660857
65.0,67.70224275916968
65.0,55.8652539366725
66.0,71.49382512115915
66.0,67.58903451729054
70.0,73.66276876257785
70.0,68.07476314824868
67.0,71.56242078548541
67.0,59.922050647652384
64.0,67.52072521816001
64.0,71.02269577464409
36.0,32.467470639204635
36.0,67.80625371185869
17.0,12.291653426232642
17.0,46.65022125079838
72.0,76.96766691078892
72.0,82.69762656952315
55.0,56.34297522228286
55.0,17.993212191582074
55.0,52.035723146586065
55.0,75.8859232872656
40.0,41.11676475891397
40.0,51.75266265266572
60.0,65.17114848521499
60.0,69.38192850231565
81.0,87.13483928509078
81.0,60.272926016017436
35.0,22.848380248359888
35.0,45.94570276065036
57.0,65.63836073270295
57.0,70.85479806621908
76.0,84.57795176440311
76.0,74.68192638366253
69.0,76.59308256451902
69.0,79.59337500503892
43.0,43.11103510600401
43.0,88.07109685099391
58.0,63.44381784854073
58.0,85.34465831454037
74.0,79.73942481988752
74.0,54.774213835783655
29.0,20.76846963755395
29.0,89.34479361902225
73.0,78.08592903149616
73.0,63.496165059230805
47.0,50.79365209878506
47.0,77.78847110807095
52.0,53.41396302200832
52.0,49.314821708563215
59.0,63.49504300005293
59.0,75.05525938139522
83.0,90.1461855814054
83.0,64.90013275056737
59.0,61.667092576778316
59.0,63.7867655393851
70.0,74.82768264208653
70.0,3.6381660749178764
69.0,75.11393072715691
69.0,67.97994139098984
47.0,46.63074384536742
47.0,69.46213917579121
76.0,82.96786348944852
76.0,70.70032041675637
54.0,58.20791573696755
54.0,77.66205439304554
37.0,39.456743032337215
37.0,58.08647998888529
59.0,60.39790223961444
59.0,81.68786469385509
75.0,82.80784866571838
75.0,75.38359661035673
32.0,24.083989472149653
32.0,45.526307294756066
28.0,14.67278106278701
28.0,68.96156898663986
24.0,20.767097840252234
24.0,83.51435290402429
36.0,30.36903371190806
36.0,66.97349440643279
81.0,88.75709310231474
81.0,36.574132021538674
71.0,75.15268495480126
71.0,83.54217460909291
48.0,47.05839231222615
48.0,80.7204367257736
65.0,68.02671762815368
65.0,83.48402388623117
77.0,83.42148831956939
77.0,35.24378872602489
51.0,55.22833796900807
51.0,43.27678001683148
56.0,56.409795473323584
56.0,73.25832853499872
67.0,69.49445497523106
67.0,73.23901054969093
66.0,72.58179935116164
66.0,30.40836304464483
18.0,11.163763149543001
18.0,4.165525231792685
70.0,74.24866627277885
70.0,77.95902115313959
37.0,33.144252375345445
37.0,59.919860193945055
68.0,69.1805517614539
68.0,71.64227675787265
59.0,60.448608214123055
59.0,85.34465059881165
30.0,21.78427594568143
30.0,48.97207657764102
51.0,51.01274203070358
51.0,76.89288895739486
72.0,78.64306891987212
72.0,48.97325356084116
63.0,68.61559540668782
63.0,83.34012782764648
52.0,55.679620727977806
52.0,48.17037746948705
67.0,71.2437413522162
67.0,41.26755311004638
50.0,46.47405212682946
50.0,73.3379950155134
83.0,88.83271118164879
83.0,66.78659137442486
58.0,59.88232480197689
58.0,54.440339670380126
66.0,72.16794728071125
66.0,82.58080933657646
71.0,77.56609958721174
71.0,77.36218187203491
71.0,78.31825788517949
71.0,87.75929877898596
56.0,52.14463204960322
56.0,73.18091115199496
67.0,70.91903261557997
67.0,72.77949808701908
80.0,89.34740666772825
80.0,65.26060663332214
48.0,49.64964268953116
48.0,62.43734236547249
72.0,75.71454678039618
72.0,61.038229946377726
69.0,71.62345161545375
69.0,37.19091670440059
22.0,15.508463165025375
22.0,58.14983335763685
80.0,84.48721829846522
80.0,60.78351049776961
66.0,65.71476136156872
66.0,31.16948628018605
69.0,70.50341571460518
69.0,57.53189233575074
70.0,75.89467077407198
70.0,57.76029270902853
70.0,73.08674621223031
70.0,41.116157304207945
49.0,47.21840253345465
49.0,37.800916298164395
44.0,47.09309419897784
44.0,32.19589081731681
38.0,29.25401126795788
38.0,69.75951825302832
19.0,21.005653853631713
19.0,77.9445075965109
56.0,55.48519797935688
56.0,79.43981697320652
19.0,17.702180884916174
19.0,61.133977984479316
63.0,70.40348896465844
63.0,77.29022213475878
59.0,62.78202307806367
59.0,71.44886599832392
70.0,74.61660608839537
70.0,73.58382800597053
77.0,83.7198783472191
77.0,63.61133267551833
39.0,44.52849807986382
39.0,68.43676343667903
67.0,69.57773067094365
67.0,59.541555042170785
44.0,49.568642885706254
44.0,62.298880786305006
43.0,41.38357536806592
43.0,18.485907442354858
71.0,75.74226643051139
71.0,55.79657379726143
72.0,79.64442002833681
72.0,49.80452404251429
28.0,18.16012869695578
28.0,75.60065422175677
71.0,79.77820207802773
71.0,21.490471980947802
50.0,51.93969369697072
50.0,84.97261206185965
68.0,76.10298701778777
68.0,56.78470423405088
59.0,66.44515248052835
59.0,31.384043493587058
76.0,83.00165375622373
76.0,80.27617158414319
76.0,83.1312391615943
76.0,73.448588331015
49.0,43.3599746286684
49.0,63.36677703702571
76.0,83.71774725838185
76.0,54.86736829730643
16.0,-5.614625847360969
16.0,66.36660919450486
66.0,67.88951789532905
66.0,47.78680722015184
66.0,71.00124799811033
66.0,90.83821952790066
59.0,65.40259926553341
59.0,68.335397941145
35.0,40.227832213730665
35.0,76.52674043676484
75.0,82.62399972642396
75.0,90.76790859347625
61.0,67.15200329706772
61.0,68.6649388605689
49.0,52.1211560103398
49.0,22.08254626147476
67.0,70.81975228699662
67.0,51.459153645596814
53.0,49.805011017826644
53.0,38.12757574706768
34.0,29.984070388391387
34.0,28.684259390792306
41.0,40.10483790710691
41.0,34.61875282896801
53.0,52.81510800950758
53.0,54.48534830028649
67.0,68.37566572567448
67.0,50.170207499829814
60.0,59.91853379105254
60.0,36.59717960883637
71.0,75.90584566793092
71.0,65.60633128626489
65.0,70.25759434683187
65.0,17.633440679539262
66.0,69.4023011551335
66.0,31.788622939324796
74.0,80.56125842374092
74.0,84.18646366386093
60.0,64.01015721835626
60.0,69.73573756718514
70.0,73.32154568617011
70.0,74.29967304786169
52.0,55.688801238531255
52.0,50.56698296307354
69.0,76.15900972906019
69.0,24.2553166509108
28.0,26.655438067681644
28.0,67.95513958580136
25.0,17.95823395862726
25.0,39.120892710979206
64.0,69.10337728660068
64.0,82.9830352797905
65.0,65.3562271096539
65.0,22.27770287313274
50.0,54.999698667315045
50.0,69.94506263683502
18.0,5.29573286041051
18.0,37.52331730678242
65.0,73.1225893591128
65.0,63.00259517409239
29.0,28.70537082560054
29.0,56.3160730775096
43.0,38.55196368531233
43.0,66.31289771453459
42.0,35.16869154709974
42.0,78.08457784411252
77.0,84.67436727734741
77.0,64.79812804527302
75.0,79.7924833571364
75.0,82.52080159904597
66.0,74.07499136989367
66.0,63.77128657611286
39.0,42.89918559239351
39.0,70.83473548537853
30.0,31.169095171895663
30.0,45.18349325546001
68.0,74.39410067842118
68.0,69.185824639038
69.0,74.854143252109
69.0,71.78478614200469
43.0,41.07617861340225
43.0,75.04618850590958
67.0,72.36026204885684
67.0,57.321455916370326
39.0,41.099658534559126
39.0,41.509286391039325
26.0,23.601628299765878
26.0,79.90393767890862
48.0,47.31650072052116
48.0,7.70177839969233
54.0,57.953156801998205
54.0,17.360250868651747
69.0,73.5560217964233
69.0,43.257224761202224
46.0,48.58250015632353
46.0,24.207847804308074
64.0,72.20438201264687
64.0,66.44327972742974
33.0,36.06821938600939
33.0,55.34197104807248
49.0,46.53575303184169
49.0,76.72801800603003
61.0,68.7687802807597
61.0,78.44779244743756
41.0,44.39688172174135
41.0,91.68764275626415
59.0,62.984343147308095
59.0,77.02028669286653
76.0,82.11975366579145
76.0,70.27459735586024
39.0,36.25391022658465
39.0,22.08254626147476
56.0,57.32998279092885
56.0,62.32060061168522
57.0,63.888146999362164
57.0,79.78039384597281
34.0,33.34663397999827
34.0,48.1858130533214
65.0,71.91648342706225
65.0,56.07736883596766
48.0,40.6799550889566
48.0,37.40483688933642
68.0,72.18973380433073
68.0,73.45006649385783
64.0,68.7452177089778
64.0,86.93656649807434
68.0,73.26381745770942
68.0,68.96667522613234
57.0,62.3754998085717
57.0,14.208766775822028
63.0,66.84618583712961
63.0,73.73146182251861
64.0,65.44834438432451
64.0,67.34410762686679
52.0,53.85910791198228
52.0,81.93993558370141
67.0,71.66808042749597
67.0,74.16105365478057
17.0,14.86138615666465
17.0,72.91833050620755
77.0,80.1869696578421
77.0,58.62487009530696
72.0,76.29180830115723
72.0,77.19249765790249
63.0,66.64557079096585
63.0,31.998883464992957
56.0,60.7368664689248
56.0,52.738243473492105
52.0,47.09268060059543
52.0,56.08588732645495
73.0,77.86071383153234
73.0,62.791249739900366
62.0,62.40140475717891
62.0,65.50302927837129
41.0,35.17374801154517
41.0,70.63851958027658
76.0,84.55442095785793
76.0,60.09317139552047
74.0,82.57132383339399
74.0,21.63972526135558
24.0,12.367252345454062
24.0,69.85072821637294
62.0,61.740633123656664
62.0,78.29190867708593
80.0,88.18723517625557
80.0,68.5355340373464
75.0,79.76886555657785
75.0,80.9720077710557
71.0,75.47202933567957
71.0,47.26560709288867
49.0,56.41469290068733
49.0,79.42417868159606
72.0,76.95374571865119
72.0,86.60221540972339
66.0,69.1715043628779
66.0,66.66077011788508
59.0,64.24644116185789
59.0,25.469509739474347
69.0,78.21616041467041
69.0,69.35203378112266
60.0,64.46371711509323
60.0,72.11196796475986
62.0,68.5517703344637
62.0,50.1829686639129
72.0,78.33311714605804
72.0,51.22107457209489
24.0,23.794199207941745
24.0,76.38989577107913
78.0,85.65511413878102
78.0,86.5259373974381
75.0,81.65936949920109
75.0,77.2760129696
46.0,45.491911470769764
46.0,43.159934501344935
62.0,69.17489896039694
62.0,78.76100310942246
63.0,69.22471438340358
63.0,47.09403731852683
67.0,65.3481097602654
67.0,68.51100063950884
72.0,75.32795678627633
72.0,80.05092999643978
22.0,21.564461708432816
22.0,66.72250167472953
71.0,74.61910921265104
71.0,78.3998329144822
40.0,41.11676475891397
40.0,82.40651757033032
60.0,61.19667047422348
60.0,73.42525382697045
63.0,70.94362548415347
63.0,43.456052843742214
37.0,31.098761317277592
37.0,66.05720797261375
67.0,76.31356880012385
67.0,74.1877834610018
63.0,68.66619101430763
63.0,62.670353933071965
28.0,29.840883581918263
28.0,35.41995159017972
78.0,84.01138295436482
78.0,63.926904254352166
38.0,23.28498563804368
38.0,70.4404954793527
60.0,66.30576075103994
60.0,71.7013623027247
77.0,81.73894974811407
77.0,68.539034813419
40.0,42.13865392172784
40.0,89.5424618507231
61.0,63.1762217463334
61.0,68.5101800657581
74.0,79.27821050096276
74.0,60.66508658567892
76.0,83.58819257301025
76.0,68.03112634518953
69.0,77.36430186630025
69.0,72.74441718484013
66.0,71.66425858396263
66.0,57.2922587272019
41.0,43.9213584071436
41.0,88.16286852658317
58.0,58.76617132085374
58.0,61.012349148912506
43.0,45.42323361273799
43.0,68.98975793288855
80.0,87.36483217849195
80.0,66.90900041261693
71.0,79.98404545592638
71.0,68.67605916617254
56.0,63.863642484146055
56.0,57.2922587272019
71.0,75.60533805076153
71.0,33.779409985951986
65.0,69.28936113266354
65.0,65.93676127091044
60.0,64.4139615499642
60.0,67.3016997547196
55.0,53.552979605360406
55.0,74.90129052420286
70.0,72.34172806485799
70.0,57.20094924151755
79.0,86.97746084739867
79.0,21.846348933719582
52.0,50.748202567961584
52.0,75.66353022432861
59.0,66.21732595902017
59.0,42.7280539057399
72.0,77.81013992066306
72.0,73.07624075778614
80.0,86.41131328596606
80.0,49.91269236088118
34.0,20.99394514138254
34.0,26.270492925632823
72.0,77.41155988080294
72.0,54.1052680710913
75.0,79.45623497623797
75.0,77.31057240788465
75.0,79.52815713932853
75.0,17.42565452199659
55.0,58.814959644801036
55.0,80.89300539138804
64.0,70.04330465634098
64.0,34.91267213686723
36.0,34.67712924964542
36.0,76.72056120982177
57.0,54.5017551335327
57.0,75.72576969360438
77.0,84.23565617037428
77.0,72.4516749013888
71.0,76.20865792645662
71.0,31.61437103444382
50.0,52.898345702985466
50.0,26.73628551647721
73.0,76.85318247332884
73.0,77.95095007947322
66.0,73.42322206357443
66.0,70.11278655317886
73.0,77.70092660975445
73.0,56.45775917332992
57.0,59.04060194255396
57.0,71.66440062744738
70.0,75.89028716153962
70.0,65.24600007493035
58.0,60.74844265181906
58.0,72.23277515227727
62.0,61.97671117495764
62.0,58.62371444299578
57.0,55.74732365303066
57.0,77.06891173528834
40.0,36.98321003601194
40.0,56.58825330173295
53.0,53.560220337743374
53.0,35.456519305389406
73.0,76.59550599454934
73.0,72.4174262215929
60.0,61.01996386729871
60.0,63.47663703727682
68.0,72.54297221001451
68.0,77.24009837512853
56.0,58.74448615115301
56.0,67.982445879218
41.0,38.80635278089801
41.0,71.94295492315507
68.0,74.57860746188658
68.0,55.026844205797204
67.0,66.19271306233856
67.0,48.50471143162844
66.0,69.34205685888628
66.0,72.0985958323418
44.0,44.45402395825556
44.0,72.38401641723488
46.0,46.00456894874628
46.0,52.26550561402536
59.0,59.14266605402628
59.0,59.97684753910056
59.0,60.89659980210507
59.0,40.10470690408596
65.0,66.82126677554226
65.0,61.99140801071604
72.0,79.49358056003655
72.0,79.35624859162192
73.0,79.78452374287195
73.0,35.376875051995455
71.0,77.97642904853183
71.0,26.406630626631852
35.0,32.772380615095415
35.0,74.09073815317129
74.0,79.74945530475355
74.0,74.04966620505223
28.0,17.933214629841018
28.0,90.65549827107714
51.0,50.400538854448996
51.0,79.80854742971985
34.0,28.21509987728524
34.0,85.69134777199406
67.0,74.01914265820727
67.0,23.839155984274157
50.0,49.74872469657407
50.0,47.64497023492345
56.0,56.83448699450605
56.0,10.596380707623155
36.0,38.70265144923604
36.0,15.728935227713464
68.0,72.1796860170569
68.0,32.31260083267745
73.0,81.13817974152329
73.0,55.28503142591751
32.0,36.76528739835817
32.0,42.68882069720354
70.0,72.77099318974933
70.0,79.8700824398174
34.0,28.326598187958894
34.0,70.89908031933595
78.0,86.41494519659147
78.0,77.22145345321303
43.0,43.154389082602904
43.0,68.91167884271499
53.0,56.10950363322928
53.0,89.14012998804213
38.0,34.17787379397379
38.0,38.363426073877065
67.0,74.78978937926007
67.0,55.60865068150804
69.0,79.16253735917059
69.0,42.16883796937719
53.0,60.63320111199914
53.0,81.83677547529419
45.0,41.92366081571123
45.0,54.336066671288734
68.0,76.42616628199158
68.0,68.90817215188275
80.0,88.98898683827656
80.0,86.25623334698986
72.0,77.11060028511275
72.0,90.49863420642055
82.0,89.44890654562016
82.0,66.05621879298064
66.0,70.01306572915422
66.0,37.19091670440059
55.0,54.46161733057107
55.0,44.12466016401635
71.0,77.0305168423651
71.0,44.05468051704338
58.0,61.356834306741916
58.0,86.3592638873236
46.0,48.882411991512924
46.0,29.024721446934223
63.0,67.69024559014633
63.0,69.3329501058322
40.0,28.69974046279009
40.0,79.76831483950855
45.0,46.62608878993029
45.0,31.707708989213018
77.0,85.82684303717622
77.0,75.4804769391601
53.0,51.62606969673362
53.0,51.33299699881525
33.0,32.1338511572074
33.0,78.86174773127135
73.0,78.62409848545542
73.0,74.58777330961152
40.0,43.856583667145856
40.0,75.83610535116566
67.0,70.60850226922042
67.0,73.53187498559555
70.0,76.29968741748638
70.0,31.63635998478094
66.0,67.50679385137886
66.0,10.083618595598296
63.0,62.98169249225117
63.0,81.47867313470323
35.0,35.90522527631657
35.0,80.98922648540037
30.0,34.96406915614301
30.0,72.76486475639996
55.0,59.52515822918605
55.0,83.42919336865862
58.0,61.45518666359072
58.0,73.12092323943978
59.0,57.41588967090797
59.0,72.85803993988651
38.0,34.73511939655691
38.0,67.0247808168632
17.0,3.1149274670311797
17.0,68.1848229957364
23.0,20.853899843847955
23.0,19.46564787076545
72.0,79.61947462016985
72.0,74.90938687620655
65.0,69.730524590333
65.0,50.82037032727811
59.0,63.426521599863975
59.0,67.3195079339909
64.0,65.90688316037864
64.0,85.45056307005063
42.0,42.92227860698779
42.0,19.319595742805916
52.0,51.80455266460416
52.0,84.37480187432925
45.0,44.63384771732569
45.0,33.98681519930244
24.0,22.45868399369448
24.0,53.83033721412312
50.0,52.45577429737705
50.0,47.139813685022546
36.0,33.31718124178212
36.0,54.3442055079895
62.0,66.7003773433517
62.0,69.08307162084935
76.0,82.70304710471282
76.0,76.8519413338646
55.0,52.56192975307732
55.0,91.56838300874165
21.0,8.764302458656005
21.0,75.616434948554
76.0,82.2061153148133
76.0,72.89877247183506
55.0,50.726357014175335
55.0,73.32837046195476
67.0,67.60078862940526
67.0,71.96853242289188
54.0,58.17794131123361
54.0,31.36236018964604
52.0,53.383883273310516
52.0,56.96669893032799
69.0,74.45992359018419
69.0,71.03114460192523
61.0,64.5252380566177
61.0,49.108738952839474
48.0,40.26469424445264
48.0,83.2629303582163
22.0,8.837468583549764
22.0,24.965400344186037
76.0,81.80235946103505
76.0,52.13730312380966
68.0,74.77701300438838
68.0,11.029799285342506
65.0,70.04391465227354
65.0,77.55152311145144
82.0,88.54165175648336
82.0,61.38548498844989
72.0,77.48117496342257
72.0,12.754217894814587
40.0,35.25759172284961
40.0,77.25930977261697
54.0,58.72677886422741
54.0,83.0989022891099
66.0,68.38926592023938
66.0,11.420938792954928
54.0,53.98327350722565
54.0,19.898423906254607
61.0,67.22255819379615
61.0,46.99429774339404
44.0,47.62474097692268
44.0,80.31291638452018
76.0,81.6079982137262
76.0,87.6276059937212
39.0,33.89353838722792
39.0,57.41971521321767
84.0,89.50283555116789
84.0,75.30650229799193
73.0,79.34910308416903
73.0,67.03253348124889
56.0,59.00106701638532
56.0,78.39277543478931
29.0,31.230164101727382
29.0,80.39532206093043
41.0,36.51409653724596
41.0,24.29105115308198
68.0,74.81914864137786
68.0,57.97305778291707
71.0,77.34741594775238
71.0,77.53439302989455
63.0,62.12190364435435
63.0,43.27477625616433
63.0,65.93506449127045
63.0,84.08085712992875
62.0,65.70804776585163
62.0,36.94779973736439
71.0,77.14019656404952
71.0,84.09752462239936
64.0,65.51518512305597
64.0,57.65371640290948
46.0,40.09689252058365
46.0,78.89133813483619
70.0,76.03747925767232
70.0,79.95142537833783
54.0,56.425302462207185
54.0,38.846378758392916
26.0,27.94561577779183
26.0,73.05348221105436
73.0,77.51300373764201
73.0,70.7791448359863
56.0,54.48201839243592
56.0,77.48219203578918
50.0,48.71794064268619
50.0,51.81273544056194
66.0,74.90436639128905
66.0,40.981550801668504
70.0,75.6239254214712
70.0,60.54237583439897
38.0,37.62880736453576
38.0,65.80940154910274
41.0,43.08622819162895
41.0,62.94950829537436
54.0,55.077832559575654
54.0,10.827424241724088
28.0,25.76796163754159
28.0,69.9448974439415
79.0,86.81752761603349
79.0,81.73891852632329
77.0,85.81871103862301
77.0,87.82485070220747
66.0,73.46331229124547
66.0,63.52786032402798
33.0,31.75300483171833
33.0,70.91143395069872
38.0,38.105561695299684
38.0,42.87988698270715
65.0,68.92007687320074
65.0,81.06651445906158
60.0,60.17335531918815
60.0,82.35509284899177
76.0,82.7302543797174
76.0,59.82969534658804
59.0,64.73547654609467
59.0,86.18417865478358
52.0,54.64145495884139
52.0,32.999283847166396
68.0,73.41291309928062
68.0,76.30603671225924
67.0,70.77340249175569
67.0,54.00600848805237
42.0,43.349402050751564
42.0,64.52893448933014
84.0,92.36095013429446
84.0,29.024721446934223
60.0,63.54672966813723
60.0,69.87278490701038
69.0,78.013927457215
69.0,74.53206168196203
63.0,63.943019337450664
63.0,79.49621571191597
77.0,83.00675844781955
77.0,74.60595025629806
69.0,70.24840702880721
69.0,65.16788988071664
57.0,56.11667503951685
57.0,69.33278980344221
12.0,6.7799659009361335
12.0,65.75968351078285
67.0,68.12991740549717
67.0,30.76166731458568
81.0,90.53308274204039
81.0,70.70289339655312
56.0,56.5742339179842
56.0,74.61415623144347
59.0,60.4877855055326
59.0,47.698859753916906
62.0,65.46057772490258
62.0,65.43868791308535
74.0,78.08977966103117
74.0,68.65417955074861
68.0,77.02136938599494
68.0,78.16969837843328
46.0,40.1486692966032
46.0,73.91574104041791
50.0,54.70992418597234
50.0,78.93753428593965
71.0,75.8719399534819
71.0,76.68194285182057
68.0,73.09085491676211
68.0,73.67811476749597
75.0,82.21869786561115
75.0,80.0862378294641
68.0,76.06843657852215
68.0,76.19345894249847
59.0,63.29047279702115
59.0,68.43132430741446
75.0,79.35346718290117
75.0,55.753744779910846
41.0,40.824127817077
41.0,25.567508503303372
58.0,59.91721594228051
58.0,65.15336378997358
23.0,9.355873463358591
23.0,75.82409243588484
49.0,45.89821854791313
49.0,13.737230402461876
60.0,62.7439397382646
60.0,77.39013423330005
46.0,41.02277536564691
46.0,48.47387258235602
70.0,76.4908685619111
70.0,72.85371743074899
76.0,81.6648136662451
76.0,80.1869283811833
76.0,82.47755377616625
76.0,62.006724117314434
68.0,75.75691009183282
68.0,74.73749746406361
77.0,84.42222454964622
77.0,61.417688156393694
47.0,46.427058437178175
47.0,53.01318487267423
19.0,6.305871461579557
19.0,84.78674901059134
66.0,69.61723180591446
66.0,48.20751548955474
8.0,10.100968011960845
8.0,70.5615909268335
34.0,21.860325230434057
34.0,41.18672092858196
30.0,27.748152853366037
30.0,63.50564891981281
70.0,76.07585062502028
70.0,76.31440281745347
54.0,59.24135817068992
54.0,68.7444949247382
46.0,46.39458937249242
46.0,66.30219433324186
63.0,68.33103628069648
63.0,37.02937338532445
46.0,43.74519144596337
46.0,58.69030724297659
74.0,80.51473968651072
74.0,73.14982544870514
40.0,35.98672284406996
40.0,42.968117733021984
60.0,62.490081679444586
60.0,70.96632523270324
47.0,47.698859753916906
47.0,60.25869046807037
74.0,82.76980756463263
74.0,11.844099114551682
56.0,51.585676263209166
56.0,75.26857594791801
74.0,77.09003333865388
74.0,68.44906292801568
61.0,65.88707466592075
61.0,57.47480420035902
75.0,77.5398237725006
75.0,55.469966438615586
36.0,31.57450579856527
36.0,89.93165141568971
71.0,75.34818283376688
71.0,65.37585825498252
69.0,73.07604468414803
69.0,80.71380088217495
71.0,75.62090707989239
71.0,89.82052470302932
71.0,76.6053173206767
71.0,73.34182909894332
56.0,53.760545561579704
56.0,32.53177947369693
65.0,67.41530777933826
65.0,42.44100955686952
63.0,65.94964516939001
63.0,81.33042233677423
52.0,59.686410319298716
52.0,55.590096422045235
66.0,70.58736918960597
66.0,44.23349692828651
73.0,76.60275206094639
73.0,77.40008096682635
32.0,34.907918177232546
32.0,50.793021537550715
59.0,66.84762950834727
59.0,20.91477525291964
73.0,81.17270347765123
73.0,55.80741619856741
70.0,74.37637783948338
70.0,36.77503760860861
75.0,85.7023862174081
75.0,62.3576348892214
31.0,31.973291557238838
31.0,70.16902372232641
69.0,75.40071477118664
69.0,62.48946511158363
34.0,32.54126328415589
34.0,66.434908545783
64.0,66.69242400201762
64.0,73.61408032433576
36.0,30.950251893729956
36.0,19.602783373964485
46.0,49.183606982072604
46.0,77.2607748895611
48.0,48.20883181646997
48.0,66.26847434655957
56.0,58.99028633168473
56.0,37.904396282407276
51.0,47.93681093380013
51.0,43.53254883664448
72.0,79.07477233708278
72.0,38.080967218632566
82.0,89.46808159743892
82.0,68.64662701603345
31.0,17.168585845775965
31.0,75.50706890051697
69.0,74.27034103773008
69.0,32.66378161669854
40.0,28.684259390792306
40.0,50.629584963002856
79.0,86.1259998983329
79.0,47.71997732027387
66.0,69.91747878639876
66.0,52.61094451155935
68.0,72.85371743074899
68.0,86.81655422269176
24.0,25.647428274577692
24.0,55.49853036291188
50.0,50.24257950756197
50.0,82.45372259603545
71.0,75.5817146671398
71.0,48.60103775110571
70.0,76.02717300403435
70.0,51.40660792097543
65.0,68.70397258601838
65.0,73.92300142493048
55.0,58.63127442762021
55.0,76.38773641042724
64.0,69.79268719737343
64.0,81.89672448435226
48.0,50.50218230672482
48.0,52.5765295134309
71.0,76.81952179939248
71.0,35.05104442438403
53.0,58.13823945906216
53.0,73.37349743013806
63.0,71.21012150346485
63.0,77.86071383153234
46.0,45.56303255614711
46.0,73.81948327617255
67.0,71.1449605224069
67.0,69.3654652252905
69.0,73.82084641005747
69.0,55.19740973758854
39.0,46.11041968438445
39.0,61.596621871256446
66.0,69.07073010963126
66.0,56.000052448267525
70.0,75.37401957434628
70.0,59.018332619817045
73.0,79.57043340289937
73.0,67.52150765382913
69.0,75.23157718409823
69.0,25.248530690187238
60.0,63.10271948634647
60.0,34.70610129477967
63.0,62.53331593417272
63.0,52.35963822064872
50.0,48.75853292823598
50.0,64.42839702310187
43.0,39.73105644547746
43.0,78.57249040908619
64.0,65.7639029025637
64.0,76.2305262582089
63.0,67.35813807248132
63.0,70.1458513321682
65.0,68.17619376934192
65.0,44.41961846617954
59.0,63.35290656784042
59.0,51.357542915937415
40.0,35.690652872435805
40.0,47.65255797498361
70.0,74.96694424563412
70.0,80.29433768167536
51.0,50.552145811684454
51.0,62.182138830924885
45.0,37.32240397092551
45.0,45.53387784037034
70.0,75.15867514982602
70.0,57.91889973764319
52.0,52.654231442433286
52.0,29.692630561872136
67.0,71.75668017417064
67.0,54.330988332131426
69.0,71.57843828920898
69.0,72.03021937310939
70.0,77.42579998347179
70.0,56.69481854922947
69.0,75.89389348556591
69.0,55.75834898821233
42.0,37.635783427928686
42.0,85.47611140070626
65.0,67.68197366089947
65.0,67.91513187835073
72.0,77.0173196196879
72.0,80.73747795887624
55.0,56.44250240034211
55.0,74.34258677524264
25.0,21.498118227519853
25.0,47.22646086618278
49.0,45.381148355557684
49.0,71.3641263827543
32.0,25.353635514392863
32.0,82.91073026108529
46.0,47.771232180756556
46.0,86.05157118495492
55.0,61.002821004672455
55.0,74.61245236452885
28.0,27.6289362222019
28.0,78.66428067734921
69.0,75.8682426530608
69.0,51.57244836547994
61.0,62.280719245586226
61.0,75.34937913985613
70.0,73.1995854690154
70.0,70.60394191955163
74.0,79.62845839911296
74.0,80.76144574331818
69.0,76.14076146163535
69.0,23.309298189829917
67.0,73.1653550953024
67.0,77.12483569319386
58.0,59.96713191540408
58.0,48.06550231727016
44.0,42.59600252954937
44.0,64.31639522435518
33.0,35.55885280151347
33.0,30.017957263289702
45.0,45.658081991783604
45.0,77.29673298072754
65.0,69.85946669449567
65.0,79.87086365177157
73.0,77.64759819297626
73.0,75.687095409731
39.0,38.157058397933724
39.0,83.31011056927588
57.0,56.19337680890192
57.0,75.20352480210249
51.0,47.54177789204323
51.0,48.56473727876886
72.0,79.52689323019092
72.0,76.68937631761906
61.0,62.04344429936128
61.0,68.22472684931279
25.0,12.310098071152197
25.0,59.90234046199879
53.0,56.637921014578126
53.0,59.769911289070194
71.0,71.82043840637903
71.0,70.37877202452216
74.0,81.91282394784105
74.0,71.58609754737591
20.0,-0.4375567967062466
20.0,55.40281532381994
64.0,68.8869380998828
64.0,29.58772370375135
75.0,82.78551813898366
75.0,60.57111403865417
70.0,76.69295468417653
70.0,79.77495364077896
58.0,58.11693747976028
58.0,56.58031377625787
39.0,32.17973197380928
39.0,49.41318372661175
50.0,54.498942872103214
50.0,76.1308589532992
71.0,77.14525035734732
71.0,49.623459907865424
75.0,79.1274494784115
75.0,34.153556646389006
29.0,36.50821402721755
29.0,73.08605986416643
61.0,66.61349895134651
61.0,75.980307944137
65.0,64.9421415028886
65.0,60.59709599033437
67.0,71.95371473781768
67.0,41.62615410232189
75.0,81.7467983112972
75.0,60.48589613472711
76.0,81.09367697734842
76.0,59.089918434113486
62.0,67.59045566158954
62.0,77.99307556117157
26.0,32.34621877421898
26.0,78.3185186319522
76.0,80.86258756853124
76.0,41.5032422125451
64.0,70.5181432182074
64.0,65.34233737696866
60.0,62.628213401589335
60.0,71.25851184579085
48.0,54.95097058836342
48.0,64.16268462302168
52.0,56.768890082036876
52.0,70.16580444510856
23.0,21.092364562712362
23.0,59.09739746421599
45.0,43.127304853788075
45.0,73.8323000915388
66.0,66.42918641417964
66.0,68.88825849591791
36.0,31.823640867714857
36.0,79.87542098252351
74.0,77.02202557806731
74.0,59.042789374407675
68.0,72.03528157903207
68.0,89.89078842333743
67.0,72.24546031247337
67.0,70.95688724341636
69.0,73.51492066611428
69.0,62.00909865279601
55.0,60.75534631661964
55.0,58.34437275651965
71.0,72.08277065931031
71.0,67.29372115664768
73.0,77.2288912827496
73.0,67.97317060437933
65.0,69.94614677284534
65.0,54.343384325450245
68.0,71.82463258711374
68.0,80.48181104861396
55.0,60.262668255107144
55.0,38.43321877870818
63.0,68.92901328907698
63.0,46.1643438826444
76.0,84.47276399347663
76.0,25.068444508261678
36.0,32.8799509847546
36.0,69.48294133864101
49.0,51.91703596969677
49.0,72.80936450292648
65.0,66.41464748685894
65.0,18.14377514494288
74.0,78.83938270996629
74.0,14.661744437520383
44.0,44.96969095702883
44.0,40.904116124241284
71.0,77.9975085167909
71.0,35.85351338842253
70.0,75.80376484461596
70.0,70.02477610357295
65.0,72.19574914457053
65.0,71.88744383601039
50.0,45.35453441525715
50.0,86.80462104294787
66.0,68.42889652136296
66.0,74.8318671423184
56.0,54.643717692714745
56.0,74.748071700791
59.0,59.25259012763263
59.0,36.685152105288694
58.0,58.62837068836524
58.0,36.70487920467576
80.0,87.31064739165595
80.0,71.58333688893754
64.0,67.09613306787287
64.0,76.80578346760677
60.0,66.10223089298029
60.0,69.10538123164582
65.0,73.66139340141103
65.0,73.07298005592929
83.0,89.48597264179449
83.0,50.153663350298814
52.0,54.0676270936907
52.0,64.7232075765171
58.0,56.95088709554477
58.0,70.14670445316301
51.0,52.02216883527166
51.0,20.68063761338101
66.0,68.88860763533756
66.0,31.15130821286965
64.0,68.86610222581754
64.0,23.985556283014375
45.0,47.482703600006005
45.0,65.72327130553276
55.0,61.90190405513164
55.0,70.8091212999924
82.0,88.67454037883249
82.0,68.31793496915856
48.0,48.15732161473204
48.0,79.60234918215104
40.0,45.6788754318689
40.0,65.03877145864328
51.0,48.31315851182052
51.0,34.347195088101444
63.0,64.63098552749875
63.0,61.02468488533384
42.0,43.16171763610123
42.0,73.87148294180366
43.0,47.708795094093716
43.0,79.28699349272478
69.0,77.52185055536023
69.0,60.458582559840124
68.0,70.77312384364092
68.0,55.35971166316051
71.0,75.56665903350421
71.0,72.74354149724343
50.0,55.638945585941315
50.0,32.2697946568627
62.0,68.53784673908132
62.0,29.742803245874995
59.0,59.582314859888356
59.0,71.58751420128908
75.0,80.7252574568372
75.0,58.16726499838353
72.0,78.32358438071151
72.0,74.64539366457916
32.0,30.989385573903064
32.0,86.79247537660092
74.0,79.61972301148427
74.0,55.07446054439265
58.0,59.91408103479364
58.0,85.72795743251675
55.0,56.55649569400782
55.0,73.34896604115573
75.0,80.4613899148058
75.0,80.30083089084013
63.0,66.93649317034476
63.0,83.41248622023261
37.0,41.32425890113649
37.0,73.5273379040691
28.0,27.74035656357603
28.0,83.90502197543833
48.0,45.62341620815448
48.0,49.63386706826748
62.0,69.69702886657444
62.0,72.48290046488165
70.0,72.79789779579306
70.0,74.59150969327027
19.0,11.752073996505203
19.0,62.02090592454687
59.0,58.73608717231781
59.0,73.67755894271698
63.0,59.85874628438131
63.0,74.34147582836403
68.0,77.48915868909825
68.0,64.04878143359673
62.0,67.73751725958925
62.0,84.46943339063779
37.0,38.75122910055768
37.0,53.73160341284108
60.0,57.3252953084384
60.0,77.69733430662347
46.0,53.842440657777104
46.0,57.29971822643449
73.0,79.14100942435022
73.0,72.27526522199821
67.0,69.08535073905477
67.0,78.86411226534727
63.0,65.53663316620538
63.0,18.363221076621812
77.0,84.51151865612161
77.0,77.52828656946213
49.0,47.340603222087736
49.0,50.626534386387334
64.0,71.89482204711368
64.0,49.8848906341521
72.0,76.2854831695368
72.0,78.37195652227007
70.0,78.34801934198464
70.0,53.2179148975481
81.0,87.98396025257642
81.0,79.01787148959579
23.0,21.757286390866568
23.0,72.96285485273194
48.0,51.88612461424367
48.0,75.24641002127703
42.0,43.67031504649378
42.0,69.91708365022987
51.0,49.426463046522315
51.0,66.23172984226454
28.0,26.300134140595105
28.0,36.210323731727954
51.0,45.598407972608925
51.0,15.65151380553823
49.0,51.44411130795771
49.0,64.20858612815101
51.0,49.78739341808006
51.0,77.89292650874307
28.0,19.15863328591405
28.0,39.02436367220133
46.0,42.95133844544205
46.0,31.40486037844346
72.0,74.30749757413588
72.0,79.32753230162791
62.0,67.35008359902764
62.0,87.70224074364188
73.0,80.72395833816819
73.0,44.5412499142663
39.0,33.78562060760464
39.0,57.992056320175834
54.0,53.223571301050924
54.0,29.49453971329723
49.0,46.84944912133875
49.0,43.31125573510599
47.0,47.87974797245079
47.0,46.25241753799628
54.0,54.495787259672284
54.0,30.960439976633268
63.0,62.565936142764656
63.0,60.385326479395076
63.0,65.18127740242693
63.0,62.81877054332364
58.0,62.51296289467996
58.0,63.34065687116839
68.0,68.79538826531319
68.0,83.12582841763839
81.0,87.76667994607078
81.0,62.92413657485287
57.0,56.49425525139827
57.0,58.22923172106215
76.0,83.48148614111284
76.0,71.75384971842948
51.0,55.0314438327141
51.0,71.16310883401582
19.0,17.026756697386134
19.0,58.8540207317958
66.0,70.49182847501095
66.0,10.156709789094236
62.0,66.26309950670117
62.0,78.02766379123716
72.0,75.83232918853923
72.0,86.6489428999368
63.0,63.41138688448194
63.0,71.84737374337749
56.0,60.272926016017436
56.0,86.96311069130348
56.0,57.28926884540323
56.0,77.17283788838137
60.0,63.276513495254676
60.0,80.89053011618483
65.0,66.4954352265915
65.0,67.0977983547105
65.0,69.67933692634398
65.0,29.511281724564867
48.0,49.136420433778255
48.0,43.80704866733413
57.0,59.19263432971292
57.0,77.69644745346324
69.0,75.74768542916604
69.0,74.3561946470669
39.0,37.83721870367947
39.0,81.66626119426297
70.0,77.1496007088382
70.0,45.55170143471389
49.0,41.239887486982354
49.0,56.18945114111648
56.0,57.0031498428508
56.0,69.07211561801086
25.0,21.323708254021767
25.0,63.860754563852026
66.0,65.36015191937281
66.0,40.884532581954204
55.0,58.55256068407408
55.0,41.76470657290196
75.0,81.63291355889805
75.0,29.222908830260508
27.0,23.039639800809027
27.0,40.904116124241284
45.0,43.89271048330528
45.0,65.6303777683699
60.0,62.34889266688623
60.0,44.91336319541335
67.0,71.17375991400871
67.0,82.76029498882218
68.0,74.89450375146538
68.0,78.10395675791636
54.0,54.745612764563475
54.0,72.95819469751274
49.0,52.29540540026568
49.0,89.04623609380866
71.0,78.15093097568808
71.0,74.10376568550294
68.0,68.98157499050473
68.0,14.200155611610285
53.0,55.901358895296596
53.0,41.14450968727658
64.0,65.14776425988555
64.0,78.91416526498125
78.0,84.76577956874763
78.0,48.43643968530614
44.0,46.02261873727383
44.0,66.50939706528521
37.0,33.89181969422333
37.0,46.23451311025997
59.0,66.10297034164154
59.0,83.36519431707774
42.0,45.303904468217524
42.0,83.51891344798383
32.0,29.81253687314836
32.0,44.091739239348954
18.0,11.89272522388984
18.0,34.43141987433785
62.0,61.84703718986293
62.0,60.196382844468246
20.0,21.53196783309727
20.0,52.729426900820556
65.0,68.62650191789805
65.0,47.873244366943254
63.0,65.30552682298782
63.0,43.54028717756512
36.0,42.85402876159418
36.0,38.08434903284626
67.0,71.65872060500249
67.0,53.370345967581784
65.0,73.21548294785134
65.0,63.0179720683405
72.0,77.32243721247738
72.0,58.4299392929297
70.0,76.61719192255083
70.0,72.27508260041947
63.0,70.55175232120388
63.0,67.71416932818175
47.0,51.79461359476511
47.0,39.59397160612673
69.0,73.86957290429723
69.0,52.57505141130167
21.0,16.88688291864179
21.0,59.69315007428543
40.0,38.12757574706768
40.0,83.89582492190766
54.0,57.26562544663739
54.0,81.35438459196791
66.0,70.29700367719579
66.0,69.43067633860716
60.0,62.78544308686696
60.0,70.64604502296481
60.0,58.934595466301914
60.0,37.61625993425838
74.0,80.1602865468372
74.0,75.98549864687425
36.0,31.574060741882022
36.0,71.51888053868913
79.0,87.10749179728066
79.0,27.67626159055004
32.0,22.44175005486528
32.0,75.70882398221943
72.0,76.24826001658505
72.0,64.77133153160531
75.0,79.17547228197213
75.0,32.299538948904
67.0,71.06475416309542
67.0,46.49306545259594
66.0,70.77495857448349
66.0,80.88324042033832
69.0,73.78671364613024
69.0,60.63429674404631
41.0,36.31869124853148
41.0,70.68435095120259
67.0,72.37734470669983
67.0,56.28083874269248
29.0,16.473294653258222
29.0,36.52630298299806
41.0,41.85423238364456
41.0,67.76323809726921
63.0,65.35739038558506
63.0,78.03311495956962
73.0,79.00904308405023
73.0,75.40197260513622
61.0,59.780816566059
61.0,50.4727347870579
68.0,75.75984553389446
68.0,73.08019321510238
33.0,32.7268165984637
33.0,75.44183819040086
66.0,70.90874723870559
66.0,67.66490104573177
74.0,78.34015252374547
74.0,87.78944161873727
72.0,79.95595624277382
72.0,63.21596494118796
49.0,52.806791862823445
49.0,74.82396144679547
60.0,63.280481644137296
60.0,56.91439886080656
68.0,73.5911839480101
68.0,60.0900805037989
75.0,81.20976552289522
75.0,34.82460451442694
58.0,61.156427190019485
58.0,67.61049453994366
63.0,71.00434458626796
63.0,80.29814440591934
76.0,79.1161154170515
76.0,71.50192944546211
75.0,81.08250179810051
75.0,39.20938052770049
56.0,58.38053450250135
56.0,48.4736027873073
27.0,18.969249646730248
27.0,77.67413199161098
68.0,74.57130412156914
68.0,79.11816984901571
53.0,58.76036423640221
53.0,73.35777102316206
76.0,84.29986876031705
76.0,59.7260974545884
75.0,80.47597110017034
75.0,82.31215108266042
71.0,78.49691331442438
71.0,62.86489668945245
63.0,64.11492686856258
63.0,50.945727608581194
76.0,81.71468792036444
76.0,89.10300483871964
77.0,82.94541062146851
77.0,84.02091560248573
77.0,84.1583431895998
77.0,79.86770685329964
66.0,72.41800353514202
66.0,82.39560325677911
40.0,46.51140335639144
40.0,85.79162956433242
25.0,22.69701888257282
25.0,51.984404909885995
61.0,63.08699098554035
61.0,71.49022957172161
61.0,64.09355782430112
61.0,72.46481874973517
65.0,70.2886576743901
65.0,32.34672580299298
61.0,63.165263671781815
61.0,75.94816459832583
42.0,43.299304851482816
42.0,67.73708488221956
61.0,64.43796118353669
61.0,74.46839366493413
65.0,66.66989702730166
65.0,61.9311158500974
39.0,37.65736625165465
39.0,83.08766601742042
79.0,87.77372402900818
79.0,68.63342726373338
60.0,64.7561593877453
60.0,62.762148024230385
46.0,42.63975084354735
46.0,74.85614686469461
73.0,79.24849303563184
73.0,43.818181851968575
38.0,31.545914796863258
38.0,77.05652855209462
67.0,70.17677533750839
67.0,75.4579338417933
69.0,70.94149968182211
69.0,54.8381820877928
39.0,40.80283907662755
39.0,78.55713363393147
61.0,62.93235887712251
61.0,65.34741915860906
15.0,20.320515041412307
15.0,76.83363797167704
84.0,92.8800054489937
84.0,79.1340695251327
55.0,53.68461147274661
55.0,49.21418572567046
29.0,29.065103558191993
29.0,60.099003455746185
36.0,26.406630626631852
36.0,86.98203373162823
76.0,80.20272368280433
76.0,47.340603222087736
69.0,76.69828316597562
69.0,67.69878501001762
28.0,14.11899756260891
28.0,69.38913968508973
59.0,59.40624677100391
59.0,77.39634444723032
29.0,26.115967835376352
29.0,81.61989182963055
72.0,81.45538114268419
72.0,25.932921832899126
71.0,78.35575591137092
71.0,71.47325520302303
63.0,69.03961748412786
63.0,53.26296561954143
43.0,38.047552507491275
43.0,46.41640203189354
32.0,28.584487934004642
32.0,38.3590758863665
74.0,84.91481186129732
74.0,34.1353706933408
53.0,50.52267035165033
53.0,79.01933460915308
45.0,42.19634752862112
45.0,34.96840723768685
54.0,58.6557111241205
54.0,81.37544691712583
58.0,61.209618307658786
58.0,44.91528860532861
68.0,72.42706821258577
68.0,81.80455408033077
46.0,47.10314955979777
46.0,76.35747184359144
75.0,81.0669668629863
75.0,65.18237149133739
59.0,60.6700013140138
59.0,72.9257838320965
46.0,45.58557313222906
46.0,63.53560063128407
52.0,53.58255765559659
52.0,85.20740158299895
84.0,90.51666649972447
84.0,73.79959370585249
55.0,62.093063490195505
55.0,69.20528825193156
59.0,64.50397533071907
59.0,63.981197536254854
51.0,49.30570628225274
51.0,8.69221556471905
62.0,64.94601758647963
62.0,67.326174638944
60.0,64.41252576925189
60.0,75.7347372313302
44.0,43.66602724221201
44.0,72.06182168775081
50.0,52.44261888054302
50.0,64.51636015058176
65.0,67.12188640207114
65.0,74.85955986818868
74.0,80.62788871556728
74.0,17.779790999488625
43.0,40.37179290402685
43.0,60.57145309462078
71.0,77.85366873637008
71.0,68.02858669513529
33.0,30.047770181501562
33.0,68.82843759242905
73.0,76.40539615500398
73.0,76.02590996100162
74.0,78.37181224375615
74.0,66.86404324504525
22.0,4.733377407752869
22.0,60.838398424432455
51.0,49.67558017823751
51.0,62.956756877294595
79.0,88.5178422648533
79.0,64.64336212379561
29.0,27.67030546767029
29.0,61.390955192247304
71.0,74.32666012291838
71.0,65.5333581712706
67.0,71.83277822373594
67.0,69.55707989142314
74.0,83.22205250730502
74.0,71.95839419233408
48.0,42.243115334173524
48.0,77.30260086437988
46.0,47.34483591682908
46.0,52.79096688026408
70.0,75.90283952132631
70.0,59.13968610679075
43.0,41.19886942225486
43.0,39.39701614965219
45.0,49.52372379767462
45.0,31.252260709204506
66.0,71.8660428899721
66.0,75.91084212735575
44.0,37.614851235645745
44.0,57.71187636284304
64.0,65.18522856825274
64.0,69.86839200924356
57.0,60.430686902915454
57.0,50.2036254250699
76.0,81.61217950673614
76.0,50.6461681828053
75.0,80.26324055077816
75.0,66.73305236776804
62.0,69.58337692777837
62.0,35.49769237679607
40.0,39.362823074146604
40.0,53.108724823750435
70.0,74.27344556191576
70.0,52.036924427070346
73.0,80.09743924008092
73.0,62.44381917232198
42.0,39.83333386813166
42.0,22.739695812334503
49.0,50.6802908635039
49.0,70.3153677503962
45.0,39.09517661140228
45.0,56.07300165735052
71.0,75.67105326781308
71.0,59.03819845567739
27.0,17.49986748510662
27.0,52.433930601523286
75.0,82.08579064475128
75.0,25.77295308974317
38.0,34.110548859780295
38.0,76.63413134281143
69.0,72.88127626838553
69.0,71.31119098008179
79.0,84.19049946979533
79.0,80.93621996486411
60.0,61.51229514468815
60.0,73.04777601961075
72.0,76.81036618090923
72.0,39.765527693175954
67.0,67.55168069992897
67.0,21.502606466394127
62.0,66.4698589033739
62.0,70.40856107118191
35.0,27.030007630941384
35.0,70.39169659391513
68.0,73.72919397010895
68.0,62.05262225073568
65.0,71.20548945311435
65.0,62.74824472248599
68.0,74.37724755842169
68.0,75.63632319585997
49.0,52.86574492672116
49.0,72.59320201630942
30.0,32.93985629153127
30.0,48.25818178888392
72.0,76.55420217295887
72.0,75.26220614838081
47.0,47.32779394936523
47.0,85.50261528656495
78.0,83.22556629775676
78.0,79.605677477798
74.0,81.07779681944595
74.0,54.484667602503976
61.0,62.335941879074824
61.0,68.96823580440878
58.0,62.836736141333915
58.0,84.78475097534306
70.0,75.48971242722774
70.0,78.7883012065306
21.0,24.86555485533728
21.0,40.499582204714216
70.0,73.6350778808038
70.0,65.66388075338159
49.0,48.90713673649782
49.0,77.16345322158458
69.0,72.38662623812002
69.0,79.87490951364094
71.0,72.63492904254912
71.0,80.17731559756425
59.0,60.38897128787693
59.0,77.75949795656311
68.0,74.08792935086427
68.0,71.66759157301067
36.0,31.391239523920547
36.0,74.44562669784267
67.0,73.44147170085131
67.0,68.06876369174375
72.0,77.29076039596828
72.0,58.467048034484435
75.0,76.76456949268135
75.0,52.59151663192142
21.0,10.46275376491775
21.0,65.12470474762819
38.0,36.19539161799713
38.0,81.19174787298687
64.0,64.23319937027532
64.0,69.4558070537064
66.0,70.07628467314953
66.0,70.13280270232002
78.0,86.73996153339186
78.0,69.4637805164387
39.0,37.5834759810561
39.0,65.75955619601314
65.0,69.73773966047082
65.0,76.42882765207287
32.0,33.608167491587324
32.0,71.79740072627652
64.0,66.9572495900045
64.0,81.81064561492428
41.0,37.04711486718787
41.0,22.21323768889272
66.0,72.27062617142548
66.0,51.48447629175257
58.0,55.94108702631968
58.0,76.6338376613927
21.0,19.95442159232101
21.0,68.62589719419617
76.0,78.50186716855859
76.0,72.3970053359717
66.0,71.99088566304033
66.0,73.67539871725859
62.0,68.14873921053379
62.0,46.239060357346375
70.0,77.9137281266137
70.0,78.33787610574564
66.0,68.75643951439832
66.0,81.7036790316912
67.0,71.11788709468289
67.0,47.88125986458152
61.0,65.3472510493524
61.0,22.907263833549678
71.0,78.5658631657671
71.0,53.50254954598074
66.0,72.57533633003897
66.0,83.20043926189015
31.0,25.241056476805795
31.0,76.18372611671805
68.0,75.15395976882968
68.0,62.052382117518164
73.0,79.4213710940574
73.0,48.15516613427536
78.0,84.43249008912784
78.0,72.02026159197516
77.0,82.72839379746699
77.0,68.53574660783067
38.0,37.25543571775012
38.0,54.129335105714915
55.0,50.36410084021162
55.0,65.43222454597714
47.0,39.40893818037307
47.0,52.46117323684592
68.0,74.63243684985582
68.0,85.25725710274406
46.0,42.09706924166187
46.0,88.71981458057576
63.0,64.4871327037788
63.0,44.363135117508705
67.0,71.48985947358477
67.0,78.12465792515894
50.0,54.11620207817839
50.0,15.176669601041397
75.0,83.28081751311856
75.0,78.48723324311692
36.0,36.24654330982304
36.0,62.46158826969048
73.0,78.40634159663404
73.0,59.05571933313911
55.0,52.669287972678546
55.0,41.505335328756644
74.0,81.47514828607274
74.0,53.17125374340446
30.0,23.457738875574933
30.0,33.635984060134945
49.0,51.72965717360057
49.0,33.47609173880443
28.0,22.357324355142282
28.0,33.39256221997965
62.0,63.96995887644857
62.0,64.52796366786151
72.0,77.81308196014834
72.0,67.92603286104946
73.0,80.49714652938007
73.0,52.39592413020324
66.0,70.51727765981536
66.0,77.36798471985128
32.0,13.555135029297332
32.0,81.10253259275333
68.0,73.52677795799445
68.0,76.57821939274771
32.0,22.6581822601932
32.0,68.06438602936612
51.0,52.68974894751045
51.0,58.67358569804367
20.0,7.958882138326146
20.0,67.73379146119203
75.0,80.6327979251484
75.0,66.44364980233166
65.0,65.52375520535446
65.0,23.013414243185252
53.0,53.2046110533729
53.0,73.35338129296082
59.0,61.88786802884937
59.0,67.05053885807024
69.0,75.84894654005052
69.0,12.740587982350917
67.0,71.49593651463243
67.0,79.38199594211534
62.0,65.10474662723101
62.0,75.31953436560144
42.0,36.86441090636157
42.0,57.666423404198554
55.0,57.34767713411486
55.0,78.40580971248369
78.0,83.35374175357583
78.0,79.67258589610884
55.0,56.881284971442994
55.0,83.1224484829645
42.0,42.460892244528225
42.0,70.16704670466237
77.0,83.13926985857171
77.0,75.93249808300664
58.0,59.40742361969188
58.0,77.72752132595525
47.0,49.16915029077171
47.0,73.324885628831
52.0,55.87863325930829
52.0,83.11875567230396
74.0,80.72462176153323
74.0,79.6767383347256
76.0,85.59613467669891
76.0,72.61397425263374
74.0,79.56359896182272
74.0,57.482848627502676
67.0,74.40050100457165
67.0,34.955646982166456
59.0,58.55662683878592
59.0,69.691652826574
65.0,70.20233717127445
65.0,61.70056025221214
60.0,68.76479663023247
60.0,62.575636511583866
55.0,56.222273335338116
55.0,61.372732485872746
68.0,71.29203322987905
68.0,62.550152071711295
73.0,80.21233468190007
73.0,3.6381660749178764
55.0,58.954961254764896
55.0,60.568461551677956
59.0,60.104202698377605
59.0,16.318900856015546
50.0,50.7618272993775
50.0,58.923955840989606
70.0,73.21223679407592
70.0,57.49496738924603
68.0,75.59446491325781
68.0,30.016446865707735
65.0,69.81560980218535
65.0,50.21458041237389
75.0,80.91428547509838
75.0,78.0482353000076
65.0,68.11412535549044
65.0,53.601826210329534
52.0,55.87399721203684
52.0,59.49388037272735
69.0,74.2247384370209
69.0,73.54664548296603
61.0,67.67994345488876
61.0,73.89193945068769
49.0,50.941849010897045
49.0,58.308685835460665
39.0,44.58501187840977
39.0,66.87436895806826
57.0,58.582189705002065
57.0,56.43831267544124
60.0,61.73328051111662
60.0,54.11216009583404
78.0,86.26211324289386
78.0,77.48370798023961
55.0,59.33848383911675
55.0,63.84475591591985
40.0,36.92643204846229
40.0,52.90624935982311
22.0,19.053809091081632
22.0,70.50557760324659
65.0,68.21105911457977
65.0,20.85195621183709
67.0,72.9662140930626
67.0,54.398686119093895
63.0,63.96330332357303
63.0,81.70834664731507
56.0,64.52394504767761
56.0,49.79517522114054
70.0,72.28667552393671
70.0,79.82673300901132
53.0,54.783221298938884
53.0,39.509030849743226
74.0,76.7411907924511
74.0,50.389434520616135
67.0,72.40674131154941
67.0,89.69488566745616
38.0,43.21594222597446
38.0,31.454748529436245
61.0,64.68850000531165
61.0,74.52951834290741
69.0,73.71847083261417
69.0,61.31564486857201
66.0,73.97235829796091
66.0,71.19497870198649
57.0,54.528130879509604
57.0,72.2206050224313
68.0,71.52870110153202
68.0,32.91670199893673
60.0,64.57810213877553
60.0,36.40521611337698
61.0,63.33285281115815
61.0,25.252705573631374
51.0,56.26697522302959
51.0,62.94607132307618
59.0,59.53453142450297
59.0,30.358221492945404
66.0,69.6761165005467
66.0,66.71572232118064
69.0,72.60926189400061
69.0,65.7516102782916
19.0,17.01817205367263
19.0,73.47808222722955
64.0,66.28264632640241
64.0,22.32099938456048
50.0,45.339670752122686
50.0,32.65334976146511
72.0,76.91440393783472
72.0,65.6751989190771
24.0,22.45868399369448
24.0,72.44730952908088
67.0,70.8332532281774
67.0,50.273716809096356
76.0,81.6935187781948
76.0,72.29266675830894
68.0,73.74799642338286
68.0,84.34434326435667
53.0,59.601672493611204
53.0,27.494048788555517
62.0,68.76415003091796
62.0,73.50844027624703
65.0,68.44816554976524
65.0,80.94525044332022
44.0,43.154581179862475
44.0,40.30724305667428
70.0,72.19329528373117
70.0,76.9141106454311
55.0,58.72079914876275
55.0,77.40908704924959
63.0,66.09295702306423
63.0,46.17505858576027
39.0,37.5658037184437
39.0,40.15602897886089
49.0,53.32360715066301
49.0,83.1752334243127
63.0,65.65892158738677
63.0,65.89966227943648
56.0,59.23539704458619
56.0,52.45300146868436
42.0,45.37838781066705
42.0,62.73235031841938
73.0,77.81569328935393
73.0,90.94642665661183
69.0,77.12616759490777
69.0,55.50449599224862
60.0,68.31887437729898
60.0,26.938328794344727
71.0,74.9877599789973
71.0,89.43755884983722
68.0,70.02460579105053
68.0,62.40271807528842
37.0,33.30613877226557
37.0,58.45110508548788
38.0,40.01328909813964
38.0,67.96049275337208
63.0,65.16645487198718
63.0,24.11623261857727
49.0,55.282414399680306
49.0,8.523044069601042
67.0,71.58545388646644
67.0,76.97276550825973
63.0,61.9496966212634
63.0,59.45617481684451
63.0,68.84742908537731
63.0,71.66410348587851
77.0,83.32695004374165
77.0,47.93419694066682
66.0,68.54444291109337
66.0,54.078204356957826
48.0,43.97251991243854
48.0,61.10878841600186
75.0,80.15507777174707
75.0,81.36901111856224
68.0,73.1829634648434
68.0,85.45678552161337
73.0,78.08436426264296
73.0,58.87813709498414
68.0,72.47692926036876
68.0,33.710003361997565
88.0,96.30072931956698
88.0,73.04529185609385
70.0,72.05089580897936
70.0,84.94380616213198
64.0,66.97880584455118
64.0,43.710556645941665
23.0,21.53196783309727
23.0,58.58140929121868
72.0,76.35097608014962
72.0,71.6005118613266
34.0,24.769206691130364
34.0,17.734011514374117
74.0,80.9770995503983
74.0,92.48672021439171
73.0,77.73839488292572
73.0,91.7578940625732
42.0,43.46052774637269
42.0,40.74710045867448
69.0,73.08481389336805
69.0,83.92163733251135
53.0,51.34821674740476
53.0,85.08014671796224
22.0,25.231570367920085
22.0,66.54223448341509
59.0,59.99075407166225
59.0,54.96199864173309
63.0,65.13631672389249
63.0,81.34228479797133
39.0,38.157058397933724
39.0,44.46327614300213
58.0,62.44109229638252
58.0,71.48986042860724
54.0,58.882031960112045
54.0,56.93558311352518
72.0,75.78821002043173
72.0,66.96104906575158
21.0,11.752073996505203
21.0,70.73355614455079
67.0,70.6517846299966
67.0,64.21004340762863
49.0,41.28142130823392
49.0,63.76565891865528
63.0,65.04521099176844
63.0,39.63548955247296
71.0,76.38451253030172
71.0,70.70676925097945
31.0,32.61300669524434
31.0,58.90121497425724
25.0,27.183283112107347
25.0,84.35868647875424
63.0,66.55048909380787
63.0,63.76306979808339
71.0,75.27931307823292
71.0,70.12962922989323
26.0,19.22347890908486
26.0,76.03280401074244
63.0,65.85721266950469
63.0,82.49738291551114
68.0,72.15169626018348
68.0,82.6592801787022
45.0,45.1450621455607
45.0,70.14371590057101
61.0,62.63641304093318
61.0,27.519862864268703
63.0,66.14015781757695
63.0,85.53404400063556
67.0,72.99332928639171
67.0,78.70434514765168
68.0,74.71220356362221
68.0,83.35335733616301
75.0,80.03383406062727
75.0,72.90726999946213
55.0,55.91789870614582
55.0,80.65388557717347
69.0,74.6997944137218
69.0,38.17681402173048
68.0,70.72957027065803
68.0,42.026211606801155
62.0,65.38115824137282
62.0,64.10738297495897
40.0,29.824377995502573
40.0,81.81038291887717
26.0,20.630694604189898
26.0,69.96300559704991
62.0,65.86282605037013
62.0,77.03303917498516
43.0,35.01508923427224
43.0,79.83280479204029
66.0,70.28282551982352
66.0,76.51457186338325
52.0,55.25793539557009
52.0,10.716109234265275
33.0,35.09036436916978
33.0,63.356638849237925
49.0,46.781522603168355
49.0,23.11796003260389
68.0,74.17668042305502
68.0,79.76831483950855
63.0,65.50125063725983
63.0,43.267163395530645
69.0,75.07101974790697
69.0,72.54704419591684
56.0,58.32760396666106
56.0,51.865648085553914
67.0,74.67622473270757
67.0,87.14864290889585
65.0,72.57127140176755
65.0,59.04255639989202
56.0,56.04291888510767
56.0,81.07484566184593
68.0,75.54533135614895
68.0,25.631685712311707
62.0,60.10262751426751
62.0,64.25076134493253
70.0,80.74561621660024
70.0,77.40311440023777
69.0,72.92489105340854
69.0,65.39176903715372
51.0,54.356518644157006
51.0,78.60131219592819
56.0,54.37146204351592
56.0,42.0918880922639
72.0,76.76777139442044
72.0,50.36447550627179
66.0,73.9025750616924
66.0,49.4785375564465
77.0,83.70733294669594
77.0,77.3179273901224
66.0,70.38328716152017
66.0,84.07230198516703
78.0,84.29655338836187
78.0,56.8734022764238
65.0,67.14033879974215
65.0,62.496194679405676
73.0,79.08914802282993
73.0,74.41639486323129
77.0,82.95844941425929
77.0,80.15208295573893
82.0,88.16645632454015
82.0,93.14718432375065
62.0,68.26520428688218
62.0,59.82969534658804
74.0,76.95422763053193
74.0,62.482325382886074
44.0,42.289923988569
44.0,15.238752863449236
74.0,82.42983889556558
74.0,66.32799161884395
75.0,81.53091164926371
75.0,34.994055087548986
32.0,37.66576586803512
32.0,75.82675536879549
67.0,72.37562701877624
67.0,73.63532344287904
79.0,85.09475261417543
79.0,60.995995963320695
69.0,73.64865187689077
69.0,54.57977067658817
64.0,69.97979606603514
64.0,76.55887329546721
80.0,87.23177631137992
80.0,32.73608562681363
53.0,51.069965993465075
53.0,65.64988477527709
53.0,56.80126280974787
53.0,35.36554560838459
63.0,65.75040369418593
63.0,69.66627192165498
59.0,58.17639039571475
59.0,55.649849308902674
27.0,8.38910770333257
27.0,47.71888925687625
57.0,56.81194399877057
57.0,79.8491410117075
52.0,54.345322443873386
52.0,65.90872591700582
72.0,73.56234817722049
72.0,46.3987655290274
58.0,59.208297634278665
58.0,32.40708322824429
59.0,63.66470450869332
59.0,81.7025710057128
53.0,55.48551080756101
53.0,76.6934167152852
43.0,35.08079122221653
43.0,78.653702824216
68.0,71.3288012910129
68.0,70.3423677048022
60.0,63.890866274272355
60.0,33.846507312467054
26.0,17.734011514374117
26.0,70.83668646046215
68.0,70.2446266310493
68.0,61.954865048540796
53.0,50.940744539333764
53.0,71.32705842691121
45.0,46.81132262311286
45.0,39.58344996307659
70.0,77.52898447716387
70.0,43.16171763610123
82.0,86.85160607870824
82.0,63.752905577675506
70.0,78.4075692381059
70.0,31.34683050509193
68.0,71.37191439837159
68.0,87.98511509356103
80.0,86.18182893815248
80.0,48.78373257339075
77.0,85.48594069766568
77.0,47.8802060867842
52.0,53.753084301568094
52.0,79.68879095642939
65.0,73.18940175356556
65.0,41.850064797630125
56.0,52.784069202234775
56.0,72.98885133304424
73.0,74.54015359070917
73.0,25.39621978671977
31.0,29.396277539478717
31.0,71.8452596325381
57.0,57.10735571040783
57.0,51.66794241549661
45.0,44.63384771732569
45.0,33.05207367580874
32.0,24.60702716030005
32.0,68.09912735151534
64.0,70.28975007388613
64.0,60.08637544897471
69.0,71.99536031809652
69.0,67.8132463122115
58.0,62.441281697554246
58.0,81.78381796771782
54.0,50.2573710733497
54.0,66.7504722311167
70.0,77.2512184202132
70.0,71.62239304131157
61.0,61.85286235316198
61.0,74.84113687977958
51.0,51.33477655131992
51.0,34.34201618787711
71.0,77.05554755469097
71.0,78.66724981235069
60.0,66.6754941432086
60.0,90.93301856983624
66.0,67.36338165577689
66.0,31.55084420484775
51.0,52.1532048094146
51.0,76.8891699635397
61.0,63.672057585213395
61.0,88.47192340096149
37.0,35.04130458567835
37.0,68.92782033591084
58.0,63.3722558855369
58.0,67.00461310702372
60.0,59.16246434076197
60.0,55.68316767950569
48.0,46.38459177818362
48.0,52.53225454807068
54.0,56.306327835970535
54.0,71.07593159669267
35.0,36.91270647782227
35.0,60.94657890271611
45.0,43.23301516071365
45.0,70.80747865563643
66.0,70.20782135644242
66.0,71.68642046426191
70.0,77.34853928631276
70.0,58.081825296199554
69.0,78.59230929161185
69.0,76.83928813694297
21.0,24.14250679445132
21.0,58.03683134260643
73.0,78.2184269036461
73.0,15.253419266160677
62.0,64.34014982178968
62.0,31.398899920422082
61.0,62.53203988234554
61.0,74.08209918365839
66.0,73.0207116438271
66.0,63.272367248893374
69.0,74.68623543721344
69.0,79.26815036337808
39.0,40.01770866884499
39.0,69.86559711484222
51.0,49.53587184690235
51.0,83.34205412415048
43.0,44.21149931426618
43.0,79.94089205315402
49.0,50.16681971782492
49.0,33.100213802596386
65.0,70.28792764027838
65.0,38.51770611057765
59.0,64.4551632833236
59.0,56.18945114111648
72.0,73.41942693422874
72.0,92.0264588101902
63.0,65.26514801714308
63.0,69.01170870267009
23.0,23.086756299172066
23.0,76.98683400475716
75.0,79.26352266994422
75.0,67.8447899727131
59.0,64.77011604699055
59.0,37.62880736453576
61.0,63.959748908915174
61.0,68.91927112861265
64.0,69.20082362011101
64.0,79.05372893531649
72.0,77.03200569409245
72.0,33.098495137114185
69.0,72.16022243906536
69.0,76.35747184359144
73.0,77.55666383388535
73.0,77.98061111724712
55.0,58.620981298629545
55.0,81.88735643997722
55.0,60.001073952260526
55.0,38.37460118229484
68.0,73.94111591155604
68.0,77.97072012939464
77.0,82.79664577780704
77.0,59.842498497055544
72.0,79.43402539410943
72.0,77.39869298055578
67.0,69.09765189898053
67.0,44.00228662660294
70.0,73.5444023567922
70.0,38.19555176378327
56.0,55.85945326201295
56.0,25.700671827743122
40.0,33.43792601234355
40.0,85.64055944551541
27.0,16.34801859854383
27.0,90.05970403208238
81.0,89.66973175325126
81.0,28.850134930076308
65.0,70.42532509011369
65.0,70.46537573339498
64.0,66.6951866739343
64.0,71.1087288200614
44.0,46.19966746239595
44.0,40.32301226971521
71.0,77.19481750141864
71.0,60.85164557558886
53.0,55.788831112865125
53.0,82.06743718956466
68.0,77.64817973247256
68.0,64.02251010272175
64.0,69.20855790226415
64.0,46.8828099508778
65.0,73.0486841053193
65.0,75.46007030347562
41.0,41.969525155099234
41.0,76.33295234913857
63.0,67.50487434278199
63.0,87.81773368863804
69.0,74.84433807326099
69.0,71.51529902548384
38.0,34.60403953469739
38.0,79.96937658601252
38.0,35.37749628101807
38.0,74.98983748145594
60.0,58.980520814682905
60.0,25.66858848944446
51.0,52.81957768052973
51.0,42.79069886742775
64.0,69.22734808081691
64.0,84.79388767184275
40.0,44.5412499142663
40.0,60.45507369102779
67.0,71.37687355679657
67.0,73.96404086184748
26.0,14.803006868681564
26.0,83.53562122193802
70.0,75.32716739285132
70.0,57.24370845471611
48.0,47.8042452159595
48.0,64.3114710714629
55.0,55.34287701966463
55.0,71.60033462032266
76.0,81.19703365158341
76.0,60.67976136779038
51.0,52.13579037220654
51.0,39.539570491795246
70.0,75.85241971496077
70.0,42.99539894812358
45.0,48.55887856796875
45.0,63.82930535603498
77.0,85.36537911634719
77.0,68.54672658216515
57.0,59.82460813030707
57.0,88.0274357110589
52.0,55.087405656457065
52.0,69.8701056499504
43.0,46.744451586563116
43.0,72.03509403226121
51.0,50.72369858443375
51.0,78.92856252621374
49.0,48.71710920698939
49.0,70.05209516896178
57.0,59.18224713628223
57.0,49.479606122473
58.0,63.70945938215624
58.0,63.47100436903213
42.0,37.58599835403385
42.0,76.61929819657894
61.0,67.63674046275162
61.0,85.07477084534167
64.0,62.98637545606664
64.0,64.02477470437145
59.0,64.78001489833332
59.0,56.80030584312709
56.0,57.72858141703074
56.0,82.5569280047286
58.0,65.03070543086704
58.0,71.78346758341286
36.0,32.751071539934344
36.0,74.24862327480434
66.0,71.43038308145293
66.0,82.07815407114549
73.0,78.78804880318268
73.0,72.6215186288461
75.0,82.6253000191711
75.0,78.77228131212348
75.0,81.63876168811242
75.0,65.9565509586331
65.0,66.92769203489951
65.0,68.84841550554836
55.0,62.08339885887426
55.0,74.77631032093944
52.0,46.303322105902225
52.0,78.09874650078689
68.0,72.10129074027253
68.0,58.09232134421325
47.0,46.19174877708713
47.0,73.33574189450906
23.0,18.443443247619314
23.0,59.47760401920232
54.0,50.383777701116855
54.0,54.648475801263544
56.0,57.541861715566256
56.0,71.52733504478266
53.0,52.73119414093367
53.0,74.18923640623251
70.0,77.79075599121308
70.0,62.85915169130891
71.0,77.81714299731419
71.0,76.99636506054867
75.0,82.49390207607911
75.0,17.106150111218312
64.0,66.56529298250103
64.0,73.32190720379589
13.0,6.283099385150933
13.0,65.92410140465995
79.0,86.28947266422006
79.0,56.97414196245364
35.0,30.850999935072593
35.0,53.114289956078835
59.0,65.7333370992182
59.0,73.3375870801105
64.0,66.49862205507452
64.0,75.87486390405178
72.0,74.32694790991957
72.0,70.93741221038977
70.0,76.49616340378378
70.0,64.09302482601328
60.0,64.93790179099705
60.0,79.05810989611695
60.0,64.51090164890087
60.0,64.00860916618569
60.0,63.64973619374439
60.0,54.47791815920846
56.0,60.41663816425125
56.0,54.79668172255526
62.0,70.09969660883513
62.0,24.965400344186037
35.0,39.228563737580714
35.0,64.0585772442119
62.0,65.5595001609791
62.0,6.033062446064434
69.0,70.63817547098654
69.0,82.13562189776462
32.0,23.914444422556016
32.0,64.70682385727082
54.0,57.313336638277235
54.0,60.09658522689688
58.0,62.81803593067508
58.0,62.79793004133279
76.0,82.60393848113426
76.0,67.29678549615414
37.0,37.800916298164395
37.0,47.83581179076566
61.0,64.93759131227722
61.0,79.87670063957057
44.0,45.377525045182836
44.0,79.56290924635027
57.0,56.02344076498275
57.0,80.83692965556986
73.0,80.17861079332039
73.0,37.94764132272758
75.0,78.75927098835973
75.0,61.38342282859776
80.0,86.74930077619439
80.0,80.97831480065963
64.0,65.78974226251097
64.0,72.88240456027211
76.0,83.04516229433352
76.0,60.34363712478449
57.0,60.02846040897674
57.0,58.34144768852792
31.0,29.718473127149252
31.0,77.19934113020736
71.0,77.92899802982379
71.0,74.32349484389431
49.0,51.37220091266795
49.0,57.3287480124107
63.0,67.1741664256432
63.0,82.90933692135172
24.0,22.53158255377059
24.0,72.17849504630976
83.0,91.45463311334731
83.0,62.44395958141939
69.0,77.1089412842287
69.0,62.798387868153384
35.0,34.44986965428353
35.0,74.37804195028616
68.0,69.93760767448896
68.0,84.74786984099029
45.0,47.33248830320588
45.0,76.77010985611713
50.0,46.2405421782222
50.0,57.709801591730695
72.0,82.10789424027377
72.0,19.751567304289154
72.0,78.07326751408823
72.0,70.99802028785962
26.0,33.001119191623786
26.0,51.26997504620908
66.0,70.15253312196569
66.0,10.520705927877316
75.0,81.13653662977038
75.0,58.71172601375906
78.0,86.82102409930906
78.0,56.3391195088854
52.0,52.82700488837088
52.0,40.25518760744325
67.0,73.36822606305628
67.0,86.35769972144686
65.0,70.14336913676942
65.0,66.02275005166769
71.0,78.47155016674884
71.0,73.74934577425847
31.0,24.954193951969728
31.0,36.32927433749802
58.0,63.14076384703185
58.0,72.85433913410918
83.0,91.1360193330899
83.0,55.065401481925676
77.0,85.98778823632881
77.0,33.410264074873965
59.0,61.46056011458995
59.0,76.33143215199243
36.0,31.391239523920547
36.0,29.765344246531924
55.0,56.86017653351735
55.0,37.16193018926316
72.0,75.26276811277035
72.0,76.72718067454025
68.0,73.69412134047235
68.0,60.57111403865417
57.0,60.25709878677549
57.0,43.053775393350975
62.0,62.74802135790003
62.0,68.63793855444464
60.0,63.30303286927398
60.0,84.99613457574088
68.0,75.35347165525388
68.0,25.643199793538315
53.0,55.034412227512746
53.0,59.59153873260982
69.0,74.90706761012558
69.0,67.43003429243004
64.0,69.58686783543249
64.0,72.58749321790532
70.0,75.40268551155248
70.0,56.51316999410636
46.0,43.384274750853876
46.0,64.8401695448893
44.0,44.45402395825556
44.0,70.30159099233288
58.0,63.35224009604059
58.0,71.67941222931796
50.0,52.88188200551548
50.0,76.18814736711693
79.0,84.47610863767164
79.0,49.632907279040126
58.0,63.369543774645194
58.0,51.76230698178563
68.0,70.23493677371931
68.0,45.25417065268289
60.0,65.12262188429344
60.0,57.30739489706235
43.0,43.00942471901192
43.0,22.572669857430526
63.0,66.77392672568249
63.0,52.315629968644714
63.0,67.8214509122405
63.0,54.49809653991821
38.0,35.333282435786884
38.0,81.48589343530415
67.0,69.78990058557105
67.0,86.60851639355451
35.0,40.9174275509497
35.0,63.14854472126211
72.0,77.54891619388519
72.0,65.69442271186495
67.0,70.9139708890425
67.0,78.40850114604427
69.0,73.58108336495548
69.0,90.1653382042071
61.0,65.65317055581028
61.0,75.3695892633429
68.0,74.64945282460894
68.0,73.09590032777618
73.0,77.86071383153234
73.0,46.31416220872836
70.0,72.18736645024251
70.0,60.00674017085885
58.0,63.38209325003294
58.0,66.28497681230385
73.0,77.80652221773119
73.0,35.6090993044491
65.0,68.25378352518999
65.0,76.34111530542106
49.0,44.807072418076814
49.0,77.38272967269882
39.0,48.90557397130277
39.0,51.343588642218435
32.0,26.63941917676692
32.0,72.1635610726745
56.0,60.9047519922986
56.0,75.51733928456815
31.0,28.02201682713502
31.0,77.13457652500472
59.0,61.820525366376046
59.0,49.203949087896376
67.0,74.58551432147567
67.0,71.60467315656172
54.0,53.801658510291304
54.0,58.62542181400369
69.0,75.41011874181834
69.0,35.926053771364366
54.0,51.59631700535425
54.0,75.50635938514961
58.0,62.75529863755469
58.0,58.02391325217428
60.0,64.62810494116894
60.0,77.8341997523313
70.0,74.14802822829978
70.0,66.80568779549151
69.0,71.69272190147484
69.0,82.13205634115377
51.0,51.132405378508395
51.0,49.58118153520405
66.0,71.57466535192242
66.0,61.71549573070439
76.0,82.7046625852609
76.0,76.03649652752654
68.0,70.64883453240981
68.0,43.11150499853238
40.0,39.51078128473938
40.0,61.67722502605142
57.0,57.914626776652995
57.0,76.79604134109331
44.0,37.97179935806571
44.0,79.37242776909454
60.0,62.030220978339685
60.0,64.52505257332041
35.0,32.99995928204419
35.0,83.53106832889569
32.0,23.5241465556594
32.0,65.1337221856923
69.0,73.0456659610141
69.0,73.78554887743331
29.0,28.03324166908351
29.0,45.543522624813704
59.0,60.10250892097304
59.0,30.83000333304409
65.0,70.67891539301371
65.0,85.02724804240216
42.0,38.725729327410875
42.0,56.063905574703085
77.0,82.16136648932417
77.0,78.67985621739479
49.0,49.76367851123916
49.0,72.45328507688686
70.0,77.62340955449974
70.0,45.45244109567852
55.0,54.2226312949457
55.0,68.068223520083
55.0,55.77607266456994
55.0,47.91630894085023
43.0,43.031397712648186
43.0,31.218311358678193
35.0,34.01613843595203
35.0,74.86799952101632
64.0,66.21286545816713
64.0,29.664687166473584
52.0,51.84202564949413
52.0,81.05516436431651
22.0,22.407916176753872
22.0,70.16393970753347
64.0,66.77662938311778
64.0,76.19531062269272
67.0,72.72893109469561
67.0,34.530619085497676
51.0,49.35712259392881
51.0,63.74682932624677
77.0,82.93949309101203
77.0,62.68375721324969
72.0,78.64788762076904
72.0,50.750691090238774
71.0,74.39461562611757
71.0,66.44364980233166
56.0,53.45858051553017
56.0,68.03581359556938
70.0,73.70661779027898
70.0,58.14951542561016
30.0,21.13398681519294
30.0,10.156709789094236
69.0,74.54318880277424
69.0,44.31796317535088
64.0,67.59127628553489
64.0,79.85682651084329
37.0,34.096961395579854
37.0,86.94990285919675
63.0,67.02276912184055
63.0,3.6381660749178764
70.0,75.9241809868085
70.0,69.54784499209035
33.0,32.40401869431048
33.0,69.72094705275128
63.0,68.22640633901602
63.0,73.96716581825586
68.0,72.71541885998283
68.0,69.02434536265127
77.0,85.5492783058956
77.0,62.407215151537514
65.0,67.85645319223482
65.0,74.84709702914364
48.0,50.835786584914274
48.0,78.08274160320627
44.0,42.882577580860755
44.0,41.56087696694186
66.0,71.18806128083895
66.0,74.88318592002292
21.0,21.263035415664262
21.0,36.44240610592078
69.0,75.22767616070308
69.0,79.59124093057716
73.0,78.88289969620894
73.0,67.08341967449843
40.0,36.64961914950237
40.0,77.52668137020657
55.0,62.85577675393125
55.0,66.54285444423277
66.0,68.91882914802085
66.0,67.915637807537
41.0,42.175320358288616
41.0,66.97695564790348
69.0,73.448588331015
69.0,65.60559607709001
69.0,76.97449315633264
69.0,64.4023109036832
77.0,83.7812519769086
77.0,48.82436273588979
59.0,64.56155843362438
59.0,51.766203444356165
73.0,80.03040925347369
73.0,51.847194840632085
72.0,72.63571584813997
72.0,57.57357717322526
66.0,73.79323694963858
66.0,75.91686904150214
39.0,38.18777721904962
39.0,15.29727410810267
53.0,55.92186595147325
53.0,64.81228342958855
34.0,24.755137338201678
34.0,72.91952653272529
76.0,81.297961416911
76.0,86.39221367578438
26.0,18.014175444137436
26.0,79.25766978312686
79.0,85.84064794758746
79.0,64.9083372070852
70.0,76.5169647880063
70.0,74.90272182213135
44.0,42.57667657354364
44.0,16.77832193275043
41.0,35.46220711253636
41.0,84.397507506414
37.0,33.356189318793156
37.0,71.82804793140383
40.0,40.020864511470506
40.0,66.44758245121977
63.0,70.14617096272184
63.0,73.99571612916026
55.0,60.409562919841505
55.0,72.77056255448889
47.0,45.95421765526919
47.0,51.464003686202545
64.0,68.47190560096737
64.0,33.434763240754364
38.0,38.47201869197664
38.0,72.1208160734559
64.0,68.51120773801466
64.0,83.14993925752367
69.0,71.97865037621204
69.0,78.28777943826833
42.0,31.61437103444382
42.0,59.4278617592588
37.0,36.2200376636211
37.0,9.296607645846336
51.0,52.99281299151295
51.0,51.31218143795718
33.0,27.996847861276024
33.0,62.76672217198211
67.0,72.80715705832006
67.0,57.552873418848435
20.0,10.180641521411133
20.0,70.11612165223568
37.0,33.356189318793156
37.0,57.36704041333894
62.0,65.57400325559331
62.0,77.3629181372325
39.0,38.768932226586344
39.0,83.10529164264477
77.0,84.62737610947227
77.0,79.62563187580196
62.0,64.23070432055545
62.0,76.28714909242763
76.0,86.14710289685928
76.0,56.07444977666785
51.0,57.23875823690571
51.0,73.37998755996887
64.0,66.60044329629045
64.0,75.65333674302565
60.0,63.41075049160759
60.0,20.833340196549955
61.0,65.8197949263261
61.0,35.72940490712074
62.0,66.42677841715613
62.0,47.279030818952435
61.0,65.61796205410423
61.0,28.56648691924414
74.0,82.47264035632656
74.0,48.95176370942522
70.0,75.821589689929
70.0,85.94740621495731
37.0,35.76946883619843
37.0,54.73564256725575
51.0,44.58627828742243
51.0,62.13769914043871
71.0,76.33277894095306
71.0,76.32132675158277
65.0,66.57436563934954
65.0,58.25644087606253
82.0,90.31761067810123
82.0,16.522534112074766
82.0,86.78807113409829
82.0,70.7124514708226
38.0,36.425056746942005
38.0,75.75202532647194
62.0,64.10885493671992
62.0,75.27764902043884
71.0,78.43245099985705
71.0,65.78285546807587
62.0,73.40037089599446
62.0,82.41803886818326
11.0,8.883373449346152
11.0,70.47869099991232
35.0,21.78608571773526
35.0,42.951673791445955
65.0,70.57025963701153
65.0,58.3769744119835
39.0,41.639533108849946
39.0,49.40289328284695
68.0,73.83816969702548
68.0,75.24409867068113
74.0,81.96506492376284
74.0,64.31102837580107
72.0,74.5919477655616
72.0,42.38597438935233
49.0,44.07887530235911
49.0,67.71480688290995
74.0,79.91160889742923
74.0,74.71219937583055
74.0,78.62231327371387
74.0,81.8507166867019
66.0,70.85479806621908
66.0,78.28045149804649
60.0,65.88839630171572
60.0,31.927925746190226
43.0,42.42006072307498
43.0,62.25362000647482
69.0,76.11806900703272
69.0,73.83160968312967
35.0,34.09342689818709
35.0,73.54814777566696
69.0,76.05240624764502
69.0,75.74458415188866
67.0,67.7089190765559
67.0,36.95507967276751
53.0,51.04723365716342
53.0,54.91527605435601
77.0,80.97561026120133
77.0,81.95002881522038
41.0,41.29948209454892
41.0,47.929956580018484
63.0,68.87252925586517
63.0,67.93866069543054
59.0,63.16976916036617
59.0,43.08313684911769
32.0,30.11603124068762
32.0,65.53255741121728
65.0,69.76240670109587
65.0,18.315075477507776
60.0,62.43562141498575
60.0,80.04132594365564
30.0,28.103812599125035
30.0,85.31438661449846
66.0,68.69581445457516
66.0,67.38030822669953
38.0,31.14441507987857
38.0,77.77475487226025
46.0,46.77745399239524
46.0,75.82412660711213
72.0,78.78207171869076
72.0,73.97771222167768
66.0,73.5918444664137
66.0,65.31120116098532
58.0,58.71288330822864
58.0,61.33037515310258
31.0,34.1404088370478
31.0,19.800370673963016
54.0,58.92026978172953
54.0,54.075115085319055
79.0,84.48306452388056
79.0,51.44852152644086
73.0,77.48741645274214
73.0,76.58083367011591
67.0,72.82845841379901
67.0,79.05058154658866
60.0,61.230491770838114
60.0,68.44822871738256
74.0,79.6796512130993
74.0,49.5740615701676
61.0,63.12239767909824
61.0,48.79593768537745
69.0,75.30892443324524
69.0,60.70421869500166
49.0,45.089101401905054
49.0,57.53189233575074
74.0,78.85549472131686
74.0,80.34283461430744
39.0,46.33194185027236
39.0,66.41311597445593
72.0,77.3631668337203
72.0,19.95442159232101
57.0,60.389339382765115
57.0,82.68667339268308
55.0,51.82170813425034
55.0,93.34341242792357
74.0,81.56020658013688
74.0,40.85686276677768
53.0,50.13298391071504
53.0,11.075477443441741
67.0,68.52211068192065
67.0,32.956223561265745
65.0,68.47158756334426
65.0,86.09816339097796
41.0,36.10934773510644
41.0,48.87903379094848
72.0,79.00455807077486
72.0,63.86581023819525
47.0,40.76228155531754
47.0,85.89513487430344
59.0,62.18634388947555
59.0,75.57411661083569
77.0,85.98629564667993
77.0,58.28123591887578
58.0,62.45294005715613
58.0,64.6792758072167
72.0,76.48052595049086
72.0,79.73908193259615
77.0,81.7100373780267
77.0,60.96034855354134
44.0,49.805579071015586
44.0,65.1051636779448
36.0,37.14895195382172
36.0,79.20287864993486
31.0,31.336259809651494
31.0,70.18810219152044
69.0,75.96122239630688
69.0,64.22182630557506
64.0,65.65143333760386
64.0,36.67769881520093
53.0,52.34829965861559
53.0,48.43643968530614
44.0,42.218989903743875
44.0,29.84241339168932
62.0,66.94440698529428
62.0,62.6285487448435
41.0,42.42690385231225
41.0,70.79309715498101
29.0,28.29522799410978
29.0,77.68185676154434
65.0,67.34020973484309
65.0,69.6781169873571
74.0,79.6884992120643
74.0,72.94912095426707
64.0,69.5355485668004
64.0,31.186129735244833
74.0,80.74849579396454
74.0,85.6819235836441
46.0,41.66083641229693
46.0,70.04672094382505
71.0,73.65892669383362
71.0,81.1453588464571
59.0,57.41588967090797
59.0,67.90350839070788
55.0,58.225556647551855
55.0,47.3167511609135
65.0,67.16528808728413
65.0,80.49028996919088
60.0,64.46352480562928
60.0,65.511859672855
35.0,33.836276035335686
35.0,70.57550295971811
64.0,67.19816709133653
64.0,9.510170780665192
27.0,23.450224274667278
27.0,68.1260133741099
52.0,56.50367812449343
52.0,62.36929517131705
57.0,57.92607233616587
57.0,64.41655468515239
44.0,35.90888662610678
44.0,80.8988168681625
56.0,60.90425730722052
56.0,74.39530396252252
23.0,18.486415699275256
23.0,74.33550567795857
78.0,81.18329682183668
78.0,87.72693521798254
71.0,75.66121731848233
71.0,68.84981250181204
66.0,67.18327498978891
66.0,31.969098972327913
76.0,79.2429052403059
76.0,34.74648743185833
51.0,41.024741954796355
51.0,65.75492942937325
66.0,69.80018394954897
66.0,79.32349832909364
69.0,73.98830926709508
69.0,57.31864014566793
67.0,72.36093086242278
67.0,54.78193126346264
39.0,36.938565912864135
39.0,55.49419347128992
72.0,74.40337096465049
72.0,74.23090251235067
62.0,67.29397766718023
62.0,63.186233901069954
19.0,10.175181310172263
19.0,16.291826237838166
26.0,20.88847326003662
26.0,64.15729720804956
70.0,74.08257350552145
70.0,66.80480512866757
73.0,75.6557188862559
73.0,63.218000015465236
66.0,69.37519720935063
66.0,38.102597668211274
52.0,49.76587156096468
52.0,24.021391976334712
68.0,69.74509713017068
68.0,74.12747599205926
71.0,74.01926633546441
71.0,70.99459390019081
67.0,67.32179667089667
67.0,68.9892780394938
68.0,69.42964067129344
68.0,58.248251725283126
30.0,25.252705573631374
30.0,79.82369030571772
53.0,49.76737014903483
53.0,73.65533179099691
33.0,31.894704124846726
33.0,39.50541924314081
70.0,76.01881877608793
70.0,76.17139835856437
71.0,73.75148254405309
71.0,52.43451217957545
71.0,79.60534814367531
71.0,63.549901602046646
70.0,74.9669343707501
70.0,71.18177408129196
48.0,47.00093412053383
48.0,79.16156379528093
34.0,26.51057478807587
34.0,67.8778748986092
65.0,67.98525966378901
65.0,52.18961277623737
58.0,64.67685108531037
58.0,50.115149817480244
69.0,71.36953209479606
69.0,60.24869868380563
51.0,46.365244511363414
51.0,79.4717487403899
22.0,27.316026542005886
22.0,83.34127110365404
31.0,18.484813737379795
31.0,62.43500265380993
73.0,77.40124542638415
73.0,54.1752124996633
63.0,68.17870192698166
63.0,65.42667162044495
71.0,78.61638604893898
71.0,52.290074775900564
72.0,81.75421573974745
72.0,73.04791844072327
45.0,47.768975712824954
45.0,55.020531615035395
78.0,84.78226168098684
78.0,63.56335912791326
72.0,78.73865503326687
72.0,75.63428383638393
66.0,67.10969478512772
66.0,46.83564055336109
33.0,31.67057315483936
33.0,40.3776452012537
54.0,53.31669306756902
54.0,45.74203214575266
72.0,78.40153585991703
72.0,63.38907061991125
66.0,70.63905654243297
66.0,80.84975129679657
64.0,66.33481467913629
64.0,78.68261114607992
65.0,65.94336992768245
65.0,78.16822760147272
76.0,85.78865807197559
76.0,40.38103541467973
47.0,43.203622278297246
47.0,64.59172350907835
43.0,40.27455622681191
43.0,71.78689336555249
30.0,25.252705573631374
30.0,12.203962075329514
62.0,61.70490565616677
62.0,58.205011863701486
76.0,80.0478334007567
76.0,86.02023606864674
51.0,53.24876403599308
51.0,73.85268839052935
71.0,78.2468004125675
71.0,66.24242184452271
68.0,69.65989000728734
68.0,68.70883682663901
36.0,36.30990969263212
36.0,68.50955721563872
59.0,61.318191354846135
59.0,63.5659563983466
77.0,83.00827744109495
77.0,29.303417651018663
49.0,51.904270700977804
49.0,62.35044357383106
76.0,81.61825363478624
76.0,75.65936754468595
60.0,65.4991951536602
60.0,75.23566160208009
73.0,78.53312302129495
73.0,79.34836759172441
64.0,69.30367435142387
64.0,80.06123833808084
64.0,71.71523810910048
64.0,76.31482613053453
49.0,44.82270308423534
49.0,86.45937127654446
51.0,46.41111444254125
51.0,72.2593055901383
52.0,56.80988986865498
52.0,41.579471672942134
65.0,70.49465599581293
65.0,79.68596230548985
46.0,48.71370519500704
46.0,75.8652364959654
15.0,6.544887538155024
15.0,73.41879319778451
72.0,82.3226512291036
72.0,91.41310973459656
24.0,29.577841418156197
24.0,79.66580128357089
57.0,56.86377931103863
57.0,67.5657222339857
57.0,55.803439413845524
57.0,63.44071717611615
67.0,69.91946671344806
67.0,22.234404446217923
54.0,54.45928501693214
54.0,65.40914022607967
71.0,76.10383361784909
71.0,38.680820309529395
35.0,32.53889854295511
35.0,69.34775717713109
72.0,73.82861712391764
72.0,83.19740966611738
59.0,59.465308418983625
59.0,73.14014063179496
48.0,47.329999784770735
48.0,37.58509160862201
54.0,53.72751847682264
54.0,86.72489321221559
47.0,39.136602194522254
47.0,48.11737841796884
29.0,32.03363810378829
29.0,60.726582592315935
34.0,35.04937040708609
34.0,84.08734908475742
59.0,62.07422733006672
59.0,21.63972526135558
61.0,61.95999674031418
61.0,75.72749478647114
31.0,39.44190064074621
31.0,65.94686113663028
62.0,66.48806801064347
62.0,62.95685728336571
62.0,66.50209477754822
62.0,90.1514640067935
52.0,53.713331536307464
52.0,83.03185329532062
71.0,72.49421069863632
71.0,32.58553740538707
74.0,78.0285115440202
74.0,67.82659705253303
71.0,77.8526149581806
71.0,74.64241497166489
68.0,73.70111321077519
68.0,37.26273616846731
73.0,78.96545064392774
73.0,34.19801011954098
66.0,70.388488226773
66.0,70.43860120591143
63.0,70.73977571864242
63.0,34.05071248914726
73.0,81.34841420146932
73.0,71.06241505437976
54.0,52.79621913758956
54.0,51.8638546053179
72.0,75.32247897151063
72.0,46.70226756029092
54.0,53.16826291802312
54.0,13.417467123830193
70.0,77.03629137574882
70.0,53.80764305016436
26.0,23.144967699839924
26.0,64.02336473639627
18.0,15.298031471935474
18.0,79.83820078349987
79.0,85.10591671751075
79.0,87.32659176153737
77.0,84.99593874561697
77.0,72.50605501055054
62.0,63.84056922734288
62.0,54.52460109092942
26.0,22.677092922462236
26.0,16.37323545254668
63.0,64.38467028257298
63.0,63.35179464940063
31.0,21.44012515384088
31.0,70.40060452047197
65.0,71.36272076885422
65.0,73.90395780215209
66.0,72.42196979032968
66.0,74.29908190160927
65.0,69.11300635116964
65.0,69.0876101139774
54.0,57.120852687106776
54.0,74.09457080891048
70.0,76.23914484965962
70.0,66.2803322645915
35.0,34.198811111890336
35.0,74.88209057310746
60.0,63.2569374151999
60.0,68.22054987675511
20.0,6.183043985720303
20.0,66.06892368829728
80.0,87.2259315517993
80.0,64.94862250973262
43.0,38.04424609806364
43.0,64.93545476759448
60.0,65.69276894256126
60.0,69.71390990953148
56.0,54.01993611988087
56.0,74.18974373485645
58.0,63.42627037254482
58.0,42.050896811843984
66.0,71.9457965687858
66.0,18.965973445638554
60.0,64.9989311711953
60.0,76.78877044609226
71.0,77.58415855202907
71.0,43.73894345521359
34.0,27.919517805128407
34.0,58.468799507054314
37.0,38.3116054066993
37.0,63.90732014381763
45.0,41.04150366799092
45.0,71.88246600317166
62.0,63.41202018398934
62.0,75.01068743217144
49.0,48.378935707175344
49.0,79.9856387571636
71.0,78.63208207074712
71.0,45.22676583403336
67.0,71.8134028749318
67.0,76.233042137972
30.0,21.616636215682604
30.0,66.1211150490567
57.0,55.072255016474685
57.0,33.48201905916267
70.0,75.0792238876997
70.0,76.11722651506648
63.0,66.28265049901489
63.0,76.59318799736633
68.0,72.77970421444337
68.0,82.7012014599166
68.0,71.79266810231735
68.0,67.04462575804376
49.0,45.89228272859617
49.0,45.20451858668514
80.0,86.8210339075572
80.0,46.042843397148715
47.0,42.61965648230773
47.0,58.886544062896974
18.0,16.463703503576426
18.0,79.73808413706377
75.0,83.2797992251372
75.0,52.39212764925344
61.0,63.48562584169639
61.0,65.07166302732179
57.0,59.41724757704009
57.0,71.04256070789899
71.0,72.43118237896664
71.0,57.004335120960945
44.0,44.81948509562443
44.0,47.75916147031745
30.0,22.939961177461328
30.0,61.02300236664382
46.0,48.443059686260085
46.0,72.50988321154227
75.0,81.77360150942002
75.0,79.33113279607858
46.0,45.24421679738407
46.0,34.27001339073718
63.0,65.61926194348155
63.0,38.28612454102199
73.0,78.66194928623463
73.0,17.228502193959343
71.0,72.28300466789523
71.0,63.41363400478724
14.0,11.844099114551682
14.0,71.99096202079909
72.0,76.32425895239675
72.0,75.73802639816466
56.0,58.27117986899481
56.0,60.281760240688925
80.0,87.4066020457376
80.0,46.967732521422136
33.0,33.39256221997965
33.0,48.39292595616814
73.0,73.92944259193877
73.0,73.87239542538816
58.0,56.625763298199445
58.0,72.21681964485879
68.0,77.03893436712485
68.0,54.21980363330124
66.0,69.43454426040529
66.0,55.723334993862636
67.0,73.2448250621569
67.0,70.42855884789674
49.0,46.349623563087846
49.0,11.708573697867848
66.0,71.88623193781399
66.0,38.32219087949352
66.0,68.35234282763031
66.0,64.82263165345125
64.0,70.58892639382623
64.0,61.66360822423269
66.0,70.15633514702438
66.0,79.84001479460312
72.0,74.8462751883406
72.0,77.51467280305292
52.0,49.11164843131627
52.0,68.57492139500192
64.0,70.80890869320689
64.0,71.6947119488637
70.0,73.68047405298165
70.0,71.14073959356034
51.0,50.587024821390116
51.0,71.96420432107197
49.0,48.68098785967305
49.0,71.32917074591575
43.0,38.54694597242343
43.0,28.194471649668515
63.0,68.1968823318013
63.0,60.861478536771756
53.0,57.25576705846862
53.0,55.22393215205449
64.0,69.74900122843542
64.0,64.53638180124074
66.0,71.08707272645455
66.0,36.5445294276891
70.0,72.19539926939831
70.0,57.51215414014757
70.0,73.37078989680043
70.0,76.08273473277961
48.0,43.95844482741148
48.0,65.1052933291499
61.0,64.07576915841611
61.0,72.90822572425935
61.0,65.9506007159228
61.0,75.41044154801938
72.0,78.01802409104192
72.0,67.39565312072682
66.0,69.30906434953289
66.0,65.0186674321273
65.0,67.21726266641008
65.0,22.572669857430526
75.0,80.01842729198648
75.0,74.20752827611295
52.0,53.02057535018821
52.0,75.25278704988995
70.0,75.88722950937415
70.0,78.13265951370562
56.0,60.11183493309545
56.0,80.12796610730533
67.0,70.69785254382259
67.0,78.30690995436197
41.0,32.702826939735644
41.0,82.18719713234094
70.0,72.7769025983315
70.0,87.4212157736086
68.0,69.33655917931554
68.0,42.74817786458101
74.0,81.02659059244655
74.0,37.74294891845631
46.0,43.384274750853876
46.0,82.43807519460063
61.0,60.249549704454864
61.0,74.8890632497758
61.0,67.22986478610056
61.0,57.449278492200676
11.0,2.6368210851815093
11.0,43.823343785218526
56.0,60.861582534701654
56.0,79.6092290168798
70.0,74.54371498951025
70.0,75.60629399911574
49.0,46.21997687430547
49.0,40.413548496618716
15.0,18.933211663410702
15.0,75.47809723697469
61.0,66.14003429426987
61.0,50.813038318528754
50.0,53.6084483928156
50.0,75.78426767061416
65.0,65.2321322480417
65.0,50.65843129779705
38.0,37.08103347377215
38.0,79.82069795101893
65.0,67.07088597537603
65.0,73.48555045490599
64.0,67.27220448502999
64.0,87.55760647021441
43.0,50.56237849144998
43.0,51.31657042713687
30.0,24.32615002154921
30.0,78.48041706924795
55.0,54.70763163272312
55.0,57.77163968802307
38.0,35.37660126080266
38.0,63.4758189751127
64.0,64.55939450774787
64.0,71.57222522534391
29.0,22.704133318604306
29.0,54.94805228854938
61.0,64.76027009969647
61.0,69.17610824336344
40.0,37.421916261447564
40.0,70.44035930411968
65.0,67.5070255136742
65.0,80.04756608054055
45.0,38.64779040778882
45.0,79.57969742169394
44.0,40.01179473165587
44.0,54.36159813539689
77.0,85.45343362872126
77.0,77.56028795338568
62.0,68.01100841674042
62.0,55.55197547271803
62.0,65.39137765715554
62.0,79.38374016320995
59.0,67.70722853061318
59.0,69.19881678807752
73.0,80.49273017167377
73.0,79.67014234925426
76.0,82.12776740681085
76.0,36.937119198198275
29.0,30.337806958477188
29.0,52.110861999838164
72.0,79.10141006688411
72.0,53.9375032415324
62.0,67.09521472879862
62.0,74.38361767675485
32.0,27.409442123064764
32.0,68.38156009606911
48.0,46.49158768265977
48.0,66.52313165758909
58.0,59.7680587793883
58.0,71.96044104453483
59.0,60.62881962489644
59.0,67.08341967449843
17.0,17.581708055365823
17.0,49.42790173139923
39.0,36.37008091731133
39.0,50.1280945983641
54.0,57.50851008833098
54.0,69.6710436950658
37.0,33.45862309365867
37.0,61.875872097333456
54.0,60.42491738124045
54.0,77.05375884212606
64.0,68.97716203231943
64.0,66.1329856545853
42.0,39.45356905801833
42.0,53.92009891763638
32.0,24.833322697190795
32.0,75.05508581381048
14.0,3.8379155426557645
14.0,73.29772665219417
53.0,57.04245365659557
53.0,73.95719962389933
43.0,37.205460816183404
43.0,89.40956004212558
58.0,60.7926518353637
58.0,42.46737808027882
49.0,54.74780789349063
49.0,80.53908449750094
53.0,53.192958882350354
53.0,86.79003300428599
50.0,52.163068663895274
50.0,70.08222430543486
74.0,80.91054917360924
74.0,72.20615420209816
66.0,72.36035713715
66.0,24.417439307292625
75.0,82.53701798711586
75.0,62.655701797298946
58.0,64.67421875026855
58.0,70.84595027185105
61.0,62.796723969210746
61.0,68.24171992577283
72.0,78.93030243496696
72.0,48.89644558736239
52.0,52.694523903340155
52.0,28.208445888631843
62.0,65.01241132510637
62.0,70.39701556269961
45.0,48.890407579779605
45.0,37.205460816183404
72.0,79.48351791350632
72.0,50.8969098233743
63.0,68.47246016432416
63.0,67.23324379199721
58.0,65.16258303190767
58.0,89.75990679506265
56.0,55.01293880761261
56.0,77.59967732740472
67.0,71.64939213516811
67.0,48.13596314404458
59.0,58.52618083968099
59.0,69.97480574253223
27.0,22.379046233690815
27.0,75.46713054365654
62.0,65.20059837469597
62.0,35.29816570838693
46.0,45.26253582942894
46.0,47.798781731518034
40.0,42.188504508130904
40.0,44.076116261752134
57.0,57.72620882012427
57.0,53.07439105295259
48.0,50.03706210129343
48.0,84.96285622819386
38.0,40.10470690408596
38.0,78.86383027839668
77.0,84.53543031191083
77.0,76.23647347523581
45.0,43.274554029031094
45.0,41.28459200981331
72.0,78.11926249668142
72.0,69.81613534873895
43.0,33.86161965188802
43.0,50.83957204832302
65.0,68.05967480735876
65.0,56.063557071163814
46.0,46.65430796706215
46.0,75.22001686317071
76.0,80.22094117161765
76.0,75.94520671183346
67.0,70.01787004547833
67.0,58.22923172106215
74.0,80.51781084800075
74.0,41.66083641229693
75.0,79.4726099483994
75.0,56.71979007079881
67.0,71.48552049992605
67.0,41.491254605307404
78.0,85.07460642258047
78.0,87.96191385053697
81.0,88.63418625141458
81.0,14.661744437520383
73.0,77.02173263964005
73.0,18.047662002990933
56.0,57.761432855934856
56.0,15.176669601041397
33.0,35.18214149672423
33.0,79.16284102262568
75.0,76.88770358082627
75.0,83.91550009055118
74.0,80.4755411090631
74.0,71.84945956860986
45.0,44.98177648708253
45.0,84.46641787121337
43.0,39.43740900053842
43.0,78.94290586081121
80.0,87.51942075766937
80.0,57.53697535729691
70.0,76.33312505417734
70.0,77.09117537700746
74.0,76.30469142453325
74.0,46.509907593820856
58.0,61.65769991223715
58.0,73.76074252194275
74.0,78.08087410582993
74.0,80.940866175167
59.0,64.7567882320219
59.0,85.14813344520246
43.0,45.91908028462052
43.0,60.01249842037845
63.0,66.24191202532137
63.0,79.85998252261777
63.0,66.94991067481254
63.0,81.25506125403967
78.0,83.6855862321782
78.0,87.14393581047199
48.0,48.95743198565225
48.0,24.4628884255564
61.0,63.60665269614179
61.0,52.32828077438535
80.0,89.0299132332828
80.0,78.14237609182089
69.0,76.37113019606613
69.0,65.97478390122785
55.0,58.773254038781886
55.0,69.77040522276349
70.0,74.42198334783353
70.0,15.069264847279953
64.0,65.60483575895842
64.0,84.51161222939334
57.0,58.757534186834846
57.0,17.484668525613188
36.0,35.98816171058064
36.0,37.1351735857225
66.0,71.70994896710965
66.0,68.55151097808192
70.0,76.55492698534721
70.0,76.2562037616035
59.0,62.24268067849084
59.0,91.5067580602817
57.0,58.0540260069933
57.0,61.32986950365904
56.0,60.41709594551554
56.0,77.8228702226969
70.0,76.47041489598155
70.0,68.33068487070403
50.0,51.336353991224314
50.0,81.77005883371686
51.0,53.20248809361243
51.0,47.35658248026209
69.0,73.37169384622337
69.0,48.4827448621395
64.0,66.43690566444565
64.0,76.04478749753503
68.0,74.2158772653305
68.0,60.109465474807166
68.0,72.76347477427589
68.0,66.08935784871363
64.0,67.8550529318722
64.0,68.05911892573056
47.0,47.89357229286338
47.0,65.91795936487762
37.0,39.38775587107608
37.0,77.01306882007384
31.0,29.656925117562366
31.0,19.06377447968771
26.0,19.992840931315584
26.0,69.66571977302812
65.0,67.0686278680081
65.0,32.17973197380928
19.0,24.602278634438505
19.0,69.91699358995317
82.0,88.7936179970909
82.0,40.59314930414149
74.0,81.165417009198
74.0,10.725673298541778
30.0,28.129562729349573
30.0,3.6568848887935133
75.0,82.08411268776405
75.0,48.56809086429604
69.0,71.09321491842746
69.0,48.28839573588192
68.0,73.13571115048461
68.0,50.625161247216624
46.0,51.14359786858216
46.0,64.83523087049474
63.0,66.85411996466735
63.0,63.989515002498536
19.0,7.99110537285793
19.0,71.66041481030487
70.0,73.31594897090343
70.0,46.763278059178674
58.0,64.9921593200122
58.0,37.04654679582069
69.0,72.07429005041138
69.0,87.95591620742357
68.0,74.8696557236118
68.0,88.2734613330548
71.0,74.78570524437629
71.0,60.265854237527776
19.0,20.281079179453116
19.0,73.45090627284173
74.0,82.28989246119852
74.0,75.33087946191199
66.0,69.91671080828797
66.0,21.982333886317804
58.0,61.5204226154853
58.0,78.2265046299529
78.0,84.05964011587258
78.0,75.97191261738465
39.0,45.15935432219385
39.0,88.05656183072887
61.0,63.137420277891295
61.0,63.17499429571694
73.0,81.42538825980228
73.0,48.633030127210645
65.0,68.58406495520791
65.0,72.0283519506296
41.0,31.371316906634604
41.0,61.37285379966909
63.0,66.75093297097345
63.0,17.23988647512209
67.0,72.99065998540635
67.0,85.21177673126095
65.0,70.488732072409
65.0,44.83738996126402
73.0,79.27050912802287
73.0,57.26114287650762
74.0,79.09854548100293
74.0,64.11587834943663
47.0,48.963219284578656
47.0,63.79855417925614
51.0,51.86652971267648
51.0,50.51533909270887
74.0,76.8334945968358
74.0,69.91544120167237
47.0,47.1399391757958
47.0,72.40770863444078
72.0,72.8510176567055
72.0,73.50667752733949
70.0,73.14152842839894
70.0,65.67898244454585
76.0,83.7905761344706
76.0,72.31440998231761
59.0,63.60763167147627
59.0,84.35563009270442
63.0,66.79576492031941
63.0,51.58158011765778
69.0,73.24302864602214
69.0,63.48968891631466
75.0,82.2933456268226
75.0,64.69239298047131
74.0,78.59091248184887
74.0,59.294085945262054
33.0,38.58422017163889
33.0,59.085521107851946
41.0,43.68524187483047
41.0,49.10689160964159
65.0,67.24811262583961
65.0,6.728711118672095
35.0,26.10918695430223
35.0,70.76869962213368
55.0,57.42292536677172
55.0,73.31006903064463
71.0,76.15353577288533
71.0,50.067828758098415
19.0,18.6629865322181
19.0,70.78469442934346
72.0,77.01056002376441
72.0,49.47751077502903
65.0,69.87851874264067
65.0,81.45013324159083
37.0,33.89181969422333
37.0,63.15312474071061
52.0,55.10450966146004
52.0,80.42513315326698
39.0,37.72593249857323
39.0,83.56173633230048
50.0,51.744095207870544
50.0,73.05307031180632
45.0,41.92366081571123
45.0,75.58860706254211
69.0,72.17951846466076
69.0,77.72494233814797
72.0,78.05369934310443
72.0,55.80763294488514
63.0,66.1742323783219
63.0,71.6998030447948
21.0,25.553654168593937
21.0,72.20470716574056
72.0,76.91341076628743
72.0,67.91284594182076
69.0,77.30262889301605
69.0,65.62410447178036
63.0,63.50791701174063
63.0,63.062994902157754
60.0,62.747039406855436
60.0,81.8951594591976
40.0,41.509286391039325
40.0,82.3049880543141
71.0,74.87472994351134
71.0,50.30212317294877
77.0,86.26273132921904
77.0,20.268913339244705
75.0,79.41675406788397
75.0,69.96609235898319
57.0,61.652326310246394
57.0,84.98832011742519
55.0,54.69382148831892
55.0,85.37823478616326
55.0,56.3240209423339
55.0,49.571315836380734
64.0,65.88794421557463
64.0,84.34326015477444
60.0,59.97814705781366
60.0,40.01865598651074
76.0,82.91053585474435
76.0,70.13455702128948
60.0,62.59147894342868
60.0,76.70371505629572
33.0,31.101367458660206
33.0,80.37082238380663
64.0,69.49421408400679
64.0,74.83775168925769
62.0,61.770811731702054
62.0,74.43196280124175
42.0,42.792121039014546
42.0,72.78957600382074
26.0,10.073528094480764
26.0,34.289571742354894
65.0,70.52300246092892
65.0,57.77411143398706
54.0,56.52733569188479
54.0,70.46535073883524
44.0,46.61943852686488
44.0,75.25570869286537
59.0,64.57681648379719
59.0,62.95495007922716
32.0,31.972266579939912
32.0,21.813672270852067
39.0,40.924233166103534
39.0,70.12981846579856
58.0,62.66072637819326
58.0,87.29571833639864
57.0,64.67421875026855
57.0,61.71007307619237
57.0,57.023912214964014
57.0,69.29728221768539
67.0,72.04637488121188
67.0,53.28513188458794
63.0,65.98462725469159
63.0,55.26737488075713
77.0,84.56679059774484
77.0,61.87067405699224
32.0,23.995657520130464
32.0,79.10761332779515
64.0,67.24720601490287
64.0,61.2595547334941
52.0,51.58158011765778
52.0,43.660832135864496
54.0,53.988760178364714
54.0,89.63422433571691
53.0,53.85991050840835
53.0,78.50563956188302
66.0,67.86232958527802
66.0,58.8408275589926
74.0,81.2894108080609
74.0,70.84168360122334
68.0,71.70232469589911
68.0,77.14375606188565
63.0,65.68008213968716
63.0,72.93653395720321
59.0,64.59831284079957
59.0,63.152565380347255
59.0,62.643445049085585
59.0,60.10575335354059
67.0,69.5733089808603
67.0,66.40868253126894
11.0,8.102769118357173
11.0,45.774337233804204
61.0,63.341593387405226
61.0,45.75627306149124
74.0,82.58338588395151
74.0,61.770811731702054
71.0,78.02980167527932
71.0,51.839912149996564
80.0,88.78800037392483
80.0,50.3136148240647
62.0,65.00566326339862
62.0,75.68602070788575
53.0,46.97923031199713
53.0,71.55499016539414
66.0,68.35234282763031
66.0,27.51214157335795
67.0,75.44182356842208
67.0,69.2373035754033
67.0,73.18710256201041
67.0,70.04308222938153
40.0,43.08622819162895
40.0,69.36946846607043
22.0,10.601566488142964
22.0,62.83591693447772
81.0,88.02767433969012
81.0,26.63780820088226
72.0,75.8696630852296
72.0,71.35351247221274
53.0,60.5068544725404
53.0,56.3394322963689
31.0,24.021391976334712
31.0,50.4017129999076
78.0,84.36544669128523
78.0,73.70301855153218
72.0,77.12290986231193
72.0,72.56425952016451
61.0,66.32643691325177
61.0,80.3580764935262
40.0,41.53896130108075
40.0,78.02046548181471
75.0,78.21473344450823
75.0,82.46168174674716
81.0,89.18003907295986
81.0,77.48134645177481
73.0,79.09871936408473
73.0,35.57446687090146
70.0,74.68593697988075
70.0,83.51541978309405
47.0,42.2853688192925
47.0,59.33271323034029
70.0,75.12982201120485
70.0,54.48486835415457
53.0,49.12468199040592
53.0,67.80033021824886
43.0,35.83441173865225
43.0,68.20850417830337
63.0,68.02095417442871
63.0,79.07938189105994
68.0,74.09866703806398
68.0,14.693790688268564
31.0,23.32693075915114
31.0,67.61344074050123
65.0,64.87566789978524
65.0,59.399084544599475
56.0,59.10529226308006
56.0,25.144531173153155
36.0,32.53177947369693
36.0,70.56789547943464
81.0,87.40649196043358
81.0,75.6228730379928
68.0,72.2097967148361
68.0,40.598000044365335
53.0,56.14222266478265
53.0,71.3915454693917
85.0,93.43834581611094
85.0,75.95114502228176
46.0,40.143963980125136
46.0,72.23796102046674
47.0,50.81164228182013
47.0,13.168000566922103
61.0,66.80065916546585
61.0,56.947765724017984
63.0,63.28194115240149
63.0,68.1481078810034
42.0,47.29311205791811
42.0,59.49262062032017
35.0,34.24823363232895
35.0,46.470408120123466
62.0,67.79569868234114
62.0,56.42118358360682
73.0,79.4330871850699
73.0,64.09139933510193
77.0,84.55712895309017
77.0,70.33019308758128
60.0,58.69319454391734
60.0,72.53105950633181
49.0,48.243630834664316
49.0,52.40568754947816
79.0,85.75360593216772
79.0,65.97482308055027
54.0,55.145903720011745
54.0,53.333747444009646
19.0,17.86030199400301
19.0,58.84041272050962
70.0,72.97491189132785
70.0,76.41443420778927
60.0,61.73932662264576
60.0,66.05909951455936
57.0,55.872078982681444
57.0,78.51083200402599
33.0,24.689688662857577
33.0,85.16249499502703
69.0,73.9039623527338
69.0,75.09440634359692
69.0,77.01038109303329
69.0,52.38325359668107
52.0,53.560551913848144
52.0,82.95046755905952
76.0,78.87824660490907
76.0,76.54355438750292
65.0,73.22186110721032
65.0,73.28632742874231
55.0,56.72973818566203
55.0,40.96839507967684
63.0,64.9039157607333
63.0,76.01364228205858
67.0,74.56441931475439
67.0,66.36970124295573
67.0,69.49018720623633
67.0,44.85641004096789
55.0,59.756088332402896
55.0,73.34309756752589
77.0,85.29140876238608
77.0,78.33861678664317
63.0,65.41864765814859
63.0,47.46591942528744
49.0,47.63284901619676
49.0,27.842135079968386
34.0,31.497532471845716
34.0,75.27292562831644
42.0,41.49607062960985
42.0,73.6892329061618
46.0,42.91615180539486
46.0,38.751987191511375
70.0,73.00259535836011
70.0,76.64175655652207
60.0,64.90520695120239
60.0,30.46742754513616
58.0,63.07306771274864
58.0,53.44687573374404
77.0,83.49784885193355
77.0,77.66186660816845
55.0,57.81707899100542
55.0,85.11814307324954
57.0,63.53312050337547
57.0,71.43264153919972
71.0,74.7741246411278
71.0,76.69102904568769
66.0,72.05421203087872
66.0,49.67254211049419
32.0,29.664687166473584
32.0,14.315927071309602
41.0,44.510894381050036
41.0,48.38002583550815
76.0,82.53021795558061
76.0,60.83877890349987
49.0,46.34456448199518
49.0,65.55956194178731
57.0,61.793996983050135
57.0,65.37307735550758
64.0,67.57825963150265
64.0,27.51214157335795
79.0,83.68054159496859
79.0,49.40359050774413
74.0,80.51544289325722
74.0,75.64982574957764
73.0,81.43956729917534
73.0,68.87728964711323
73.0,81.5733696573738
73.0,68.04300769569602
64.0,64.91952365976039
64.0,42.89908958718826
47.0,44.60523847606191
47.0,69.38206270469163
68.0,71.33643175020023
68.0,55.686098469022625
57.0,55.972763557943665
57.0,29.63609144942467
55.0,54.296943982050664
55.0,62.91343464622514
47.0,37.299436209225235
47.0,81.40447405256253
54.0,60.097220321497446
54.0,75.30168128026679
73.0,79.16965550570166
73.0,78.73298261912493
76.0,83.06066822305468
76.0,82.5507769996961
67.0,66.92497232278777
67.0,36.61012684729303
64.0,72.09633035264812
64.0,67.2756864211301
43.0,44.94782006585325
43.0,37.113696512542276
71.0,77.5863603403896
71.0,78.59543284371676
56.0,58.06259620098018
56.0,75.38787745509654
63.0,70.42720612260752
63.0,56.44986738355931
54.0,59.2495997616586
54.0,74.82880856785567
77.0,84.36744444349154
77.0,82.06103926764894
76.0,84.06103689973543
76.0,31.64367840585146
71.0,73.32450567949189
71.0,73.34103062975299
50.0,50.746307882953204
50.0,81.37866023050981
58.0,62.60394647314888
58.0,54.63984327113042
70.0,75.74203118951698
70.0,65.64495579525482
66.0,71.30386795314632
66.0,71.11501796439927
65.0,69.51898906858793
65.0,46.81126221560265
30.0,27.748152853366037
30.0,62.88604791428418
81.0,86.91335403145325
81.0,70.23290544195191
62.0,68.97915556061463
62.0,71.26486955640837
66.0,69.1201985421688
66.0,52.88154347625709
67.0,71.11459090100442
67.0,77.62117216008028
52.0,54.129476391607454
52.0,57.011339799594
67.0,70.44993383039912
67.0,82.09981030740579
36.0,34.88319840545904
36.0,71.25755753902979
33.0,25.50826066033295
33.0,60.68515427608253
63.0,68.15241248719735
63.0,73.6889478270104
72.0,77.21772042500817
72.0,39.77614390994023
77.0,86.81030992616508
77.0,54.11620207817839
56.0,57.88314116274171
56.0,23.559607962568748
72.0,77.82952882365345
72.0,73.12595755648135
50.0,52.362274451118935
50.0,51.48459025950149
73.0,78.68924692626467
73.0,76.22525283237337
76.0,79.7367184640288
76.0,64.96029247659385
54.0,58.95729613667794
54.0,60.185241686227926
61.0,66.69492235990367
61.0,73.41670156626378
64.0,66.1487253565677
64.0,76.61719192255083
57.0,64.47683824315448
57.0,70.39714148714131
62.0,66.22859986812131
62.0,60.68372258201123
64.0,67.02632028291066
64.0,59.37455919035165
53.0,51.99311760983687
53.0,60.40707586426839
35.0,22.19470943966877
35.0,80.36287197549467
57.0,57.60069386478199
57.0,79.67786498669813
69.0,77.09586407888213
69.0,76.25641471345608
72.0,72.81119594074875
72.0,12.310098071152197
37.0,25.32652171362099
37.0,66.63083139548468
49.0,46.14326366493174
49.0,79.43876761782951
36.0,33.070844566909614
36.0,63.54424407049635
62.0,63.6248047573327
62.0,82.24960471278274
68.0,72.60368677025139
68.0,76.32832126781057
73.0,80.52675287290094
73.0,58.142709475658364
51.0,55.08511729388704
51.0,8.452256762549155
61.0,66.5226530241834
61.0,86.38477420386164
67.0,70.41833892086743
67.0,54.64145495884139
52.0,54.27233817614564
52.0,15.543453817064801
24.0,11.195611110903826
24.0,59.17744551810466
76.0,81.83455519035175
76.0,78.18718317188814
76.0,81.70965852904385
76.0,51.20241386355838
69.0,69.73325768231916
69.0,75.13791921457289
66.0,73.40521653831104
66.0,46.35687139370475
29.0,25.058381965056697
29.0,17.515684677743764
17.0,12.291653426232642
17.0,77.87651981154215
42.0,41.557742810592515
42.0,67.83955580895696
65.0,69.22130348904795
65.0,61.550452360815825
48.0,44.73167852103563
48.0,50.17213184457802
47.0,50.54830670352925
47.0,41.70091189164782
71.0,77.0495311834506
71.0,82.12718510935497
64.0,66.67372931333728
64.0,80.76261287994657
68.0,75.08362765987613
68.0,84.23755431809286
72.0,77.88165280346442
72.0,64.8668277575087
65.0,71.55203296146448
65.0,80.11936531579818
63.0,70.51408064552862
63.0,46.59888412897692
54.0,54.98980170565534
54.0,84.0229057315891
67.0,74.05444630286462
67.0,53.705237325715075
65.0,68.40289091294983
65.0,64.5764822015579
50.0,50.864794598898584
50.0,63.66391450156499
74.0,81.39041481085883
74.0,79.07726491707399
71.0,73.17978912879283
71.0,46.86281567543483
19.0,12.214888314493294
19.0,32.8799509847546
54.0,53.580021189169884
54.0,25.65541782771652
58.0,62.655891078383604
58.0,22.288329307006848
53.0,56.65649017509685
53.0,53.325805686100864
67.0,70.77931210444217
67.0,23.917770515356324
57.0,63.26525651965852
57.0,79.60284640118806
32.0,31.836975112168886
32.0,73.9496243625436
67.0,71.42707686365037
67.0,60.32777916678896
72.0,74.15219210636366
72.0,75.11224288756944
60.0,63.505214312195164
60.0,81.1781133097075
76.0,82.00615389871393
76.0,33.1795649221167
69.0,74.82441486524596
69.0,62.197754781225285
66.0,72.33169338127556
66.0,72.06900933447093
74.0,79.8976473732497
74.0,50.625161247216624
77.0,79.98547013139455
77.0,70.21034440264361
71.0,77.17421938930698
71.0,71.88917989085132
69.0,74.64166520190713
69.0,67.59822813172991
73.0,78.46257119751169
73.0,60.352549120540516
73.0,78.11212332613297
73.0,57.94646800241793
74.0,78.48236594521654
74.0,50.21627427760677
60.0,61.226608303234116
60.0,73.33748149978385
77.0,84.09622349017468
77.0,52.4019539871623
60.0,61.2897413020105
60.0,65.8349367385801
41.0,42.94433783400672
41.0,74.46068540174184
55.0,61.020258912331315
55.0,70.07121925310435
32.0,26.86993026242635
32.0,66.65443238633844
36.0,33.410264074873965
36.0,74.58344819267842
15.0,12.111025659569918
15.0,36.656045078144246
63.0,70.20467631566135
63.0,66.67549496306628
52.0,49.77940590194521
52.0,80.94890244363233
74.0,81.09387113313971
74.0,59.19410420905626
65.0,67.48110469709928
65.0,67.57253132474096
75.0,79.65149360345481
75.0,65.21983837130398
71.0,77.05192368530908
71.0,74.16858363613466
63.0,64.63737067677704
63.0,43.81315727730856
60.0,60.867883158880886
60.0,56.13914294746269
26.0,24.42564118904113
26.0,74.16140577860665
68.0,72.68937486799553
68.0,79.41118195338788
65.0,65.81270534256697
65.0,67.91538843481669
69.0,75.01810777284317
69.0,55.24742115391251
75.0,80.50094023503863
75.0,54.65793958542713
68.0,71.28274641997007
68.0,57.262647842305114
81.0,86.96195482317773
81.0,75.03281972005556
54.0,58.46191896372835
54.0,33.36722565409457
66.0,71.0761760998571
66.0,48.519089182835785
75.0,81.74524735469998
75.0,68.83817938947396
49.0,49.59596478959293
49.0,3.6381660749178764
56.0,57.76897085895507
56.0,59.76128851829617
42.0,38.725729327410875
42.0,65.94941905816427
77.0,86.60666807984177
77.0,71.67165712696738
20.0,16.522534112074766
20.0,44.50377157075792
61.0,67.76403120268526
61.0,42.52644529598592
48.0,55.632199917940625
48.0,58.6062234938658
69.0,70.88863308654095
69.0,36.489449446564095
61.0,65.83940741210847
61.0,75.08934381088437
56.0,62.59705210498868
56.0,65.72181866222036
38.0,31.716468192103434
38.0,38.39692104853543
64.0,63.18120439792335
64.0,48.71382729715327
64.0,68.21722564328451
64.0,68.50008523437805
66.0,69.17311992152469
66.0,63.91276854517622
65.0,67.76597604314202
65.0,46.83430968746478
60.0,59.20155204927585
60.0,74.24890125809037
37.0,37.488833047487674
37.0,76.72488327037667
46.0,44.70797580445077
46.0,40.74666651006555
63.0,68.41743235821457
63.0,78.54159699853273
50.0,49.80961692078483
50.0,64.90112048286545
72.0,79.37960914121811
72.0,70.82950310503969
58.0,59.11929923015248
58.0,72.98103992812418
33.0,30.458261716398454
33.0,90.00018431802732
51.0,54.53189605437177
51.0,69.51640842074107
44.0,42.289923988569
44.0,63.97375768601643
65.0,67.57938462619245
65.0,70.52056271086064
44.0,48.59667334344198
44.0,82.0520163428913
59.0,63.0109015987249
59.0,81.38646917102056
68.0,75.4610375309096
68.0,69.99990444906337
73.0,79.99760290718245
73.0,69.78194261739134
62.0,69.11951617741255
62.0,84.59603171207505
64.0,65.06323195526448
64.0,57.71667239066579
52.0,51.54471171781955
52.0,32.481225493390355
71.0,76.69919695670797
71.0,70.940030964973
56.0,49.3970092320925
56.0,48.23295462949102
68.0,70.25010171370172
68.0,67.2407315622417
69.0,75.04460784799221
69.0,71.31424351047701
38.0,38.70874700607459
38.0,28.95663186308451
57.0,60.568795356879434
57.0,70.14089938852635
25.0,24.417439307292625
25.0,59.12588558479234
66.0,66.85774125798781
66.0,54.669376451381765
34.0,35.88511429960914
34.0,78.59480741138145
76.0,81.77659277869247
76.0,79.08758339935713
67.0,72.70359921069172
67.0,44.9397561822085
55.0,55.48850988711763
55.0,90.08022978012895
76.0,82.36676721209273
76.0,53.04692381508488
71.0,77.41681584845674
71.0,45.4986785670128
64.0,65.90344972996479
64.0,60.17926382883701
69.0,70.568802117627
69.0,64.2236494963754
63.0,69.2222245774015
63.0,39.093674412200016
54.0,54.692435758881004
54.0,81.54982949364677
62.0,63.073124425841115
62.0,54.58901776925853
33.0,34.227302379125376
33.0,46.87117557265333
51.0,51.916734343550615
51.0,69.85888129774395
72.0,74.62103305367663
72.0,73.12729480847338
51.0,50.677188686471766
51.0,81.70647645340381
67.0,73.03404964163849
67.0,73.58623511442437
70.0,76.16995549564632
70.0,13.635623168472762
74.0,78.63548618621849
74.0,86.81687896848206
46.0,47.52813467556979
46.0,57.37141771587392
58.0,60.093493173846014
58.0,35.22105032029884
66.0,71.74990616684994
66.0,18.443443247619314
77.0,82.51118519961682
77.0,73.27691246958682
61.0,62.11109445704676
61.0,58.715441315412534
70.0,77.19499256789948
70.0,76.89429465704376
82.0,89.24477543528872
82.0,46.24042708801511
64.0,69.63348877826161
64.0,16.6567850553659
75.0,79.81565059574683
75.0,70.86666350891875
72.0,79.39240886559043
72.0,66.05356729130801
66.0,68.87557537016761
66.0,78.63037021179485
59.0,63.68742624762575
59.0,79.37413258984901
61.0,62.503624336491725
61.0,65.87139525094108
65.0,68.91907262922734
65.0,76.13104648392624
70.0,76.94353015207741
70.0,90.45859619563913
57.0,57.04125889160804
57.0,53.887922516473736
81.0,89.18419593500175
81.0,48.835433131084926
61.0,67.51795130274047
61.0,27.670304262302466
70.0,76.97254273719602
70.0,70.65428799394107
67.0,71.54709518908601
67.0,60.908095848507
62.0,66.23172984226454
62.0,52.07194648404703
69.0,71.47991014302983
69.0,77.41479282931994
80.0,85.39329661486471
80.0,69.14867632789594
56.0,61.40778592405667
56.0,86.1753306473737
65.0,69.5400117932021
65.0,23.433748630474497
63.0,66.67118666635531
63.0,83.10563959959757
67.0,71.89363828098283
67.0,47.974880461514715
53.0,53.60603383050045
53.0,67.31044847023213
73.0,83.04223362442258
73.0,72.70825011722775
75.0,78.30712408428116
75.0,82.09906107677966
63.0,65.04122996372558
63.0,72.46447321694023
69.0,73.39377133555053
69.0,54.81428540454698
76.0,84.13572097052196
76.0,57.02775277078075
68.0,72.32542199592604
68.0,74.82944356502196
60.0,65.22499766224189
60.0,69.94704792301769
58.0,61.52157605347759
58.0,68.32305811223796
58.0,61.20543938544773
58.0,70.92017893696016
53.0,53.57919102723599
53.0,74.35736720068718
74.0,77.40294538854226
74.0,74.49232169841946
27.0,15.355991164319107
27.0,81.79076264150655
68.0,76.82897056696635
68.0,57.211524644052076
72.0,78.42334515350757
72.0,46.104577068666345
18.0,4.180418832842577
18.0,57.86934589466546
79.0,85.80291221662128
79.0,79.91684118535915
75.0,82.64652943089231
75.0,55.05282269935566
64.0,68.94436874452214
64.0,78.68574265919648
73.0,78.73364972030578
73.0,52.605396645182964
72.0,76.63428395499795
72.0,69.10751086913348
75.0,80.61292669586999
75.0,68.80706519521976
74.0,80.4107217070964
74.0,83.81972574934696
73.0,79.57323702629117
73.0,83.88824379419572
68.0,71.01290359368784
68.0,38.81314468293198
37.0,33.156007403770445
37.0,57.83059326346785
40.0,41.93405546597046
40.0,80.10758719165108
43.0,42.066923450519596
43.0,71.47996783514208
51.0,52.994048090609795
51.0,55.14114188429596
59.0,60.39691825064864
59.0,56.902960181347794
66.0,73.4780197011491
66.0,40.72572482657529
67.0,72.55051367885801
67.0,83.4601644031909
77.0,83.21459611749862
77.0,86.65648937888682
65.0,68.58598799680203
65.0,65.69760737144054
71.0,76.4175368355327
71.0,75.52919145399142
70.0,75.47812259169672
70.0,85.83459303711425
29.0,19.432492251561655
29.0,41.674736412992274
78.0,84.19991066839208
78.0,67.52984673407201
66.0,71.11197492609409
66.0,81.68650227192927
69.0,70.74556189212103
69.0,20.419194200932054
73.0,81.213184435904
73.0,57.00103695091599
67.0,71.53735827350414
67.0,64.52008234322528
74.0,79.73960480511886
74.0,21.758335674998136
33.0,25.28882384826136
33.0,74.03722362893427
73.0,80.2377430873845
73.0,47.158612381930936
73.0,79.03238386455087
73.0,3.1149274670311797
73.0,76.92926729623963
73.0,75.30157175438904
61.0,61.024412903561995
61.0,70.10550883329705
56.0,58.11628236084766
56.0,71.94245099742267
70.0,75.16447505969523
70.0,69.43192159992503
64.0,69.15345674949293
64.0,52.952943020318855
27.0,22.397071946353606
27.0,72.92192475582272
50.0,48.73868737223506
50.0,77.00683768865389
50.0,50.669104320139525
50.0,85.6404547973737
63.0,64.95806365661377
63.0,56.97414196245364
63.0,61.386157264426856
63.0,67.26352047224077
29.0,16.134967207474574
29.0,79.60579111640783
12.0,9.905740374614425
12.0,67.41711830011059
68.0,73.22986322946986
68.0,33.002302233629564
42.0,42.99416144226052
42.0,77.73021046258816
60.0,63.46449553054936
60.0,36.65257002705397
73.0,79.96765137603802
73.0,53.93135278491064
61.0,61.23269148566243
61.0,76.14211273173845
75.0,82.77913995511534
75.0,76.54866377130412
60.0,61.37217219575342
60.0,43.66029520438235
77.0,83.58974957843503
77.0,64.86830537789831
37.0,32.95637142518069
37.0,73.80493309089599
70.0,73.49740048553343
70.0,52.55908159028985
60.0,63.349972729841966
60.0,16.37898037222766
64.0,69.79143168409928
64.0,39.742938378823226
67.0,74.73223712629141
67.0,11.844099114551682
44.0,45.131433316614505
44.0,85.77994500464183
44.0,47.64038568021056
44.0,51.50801201673056
65.0,69.57277431497431
65.0,39.704856738729234
62.0,63.40308911910847
62.0,75.99376343914855
66.0,68.74026681139333
66.0,80.13503276944834
44.0,37.08416055486657
44.0,34.9856759599939
65.0,66.77818319106626
65.0,73.06509672124366
78.0,84.39234969537932
78.0,71.98013746672086
73.0,78.67683148539425
73.0,85.7423590241122
43.0,44.403470032865926
43.0,68.33783670187961
29.0,28.40801050721052
29.0,72.40441238258626
73.0,78.75569546500765
73.0,65.79304383371186
65.0,68.73991859765249
65.0,62.41383387729769
76.0,84.77913906680817
76.0,74.2514474815506
70.0,75.44619285377007
70.0,69.88068152195427
50.0,46.4067671280348
50.0,22.359443725376195
75.0,82.28137117350064
75.0,70.77457335141037
67.0,74.6518135561638
67.0,75.93214532402317
59.0,63.334612252463046
59.0,70.62556204761762
77.0,84.3821136586339
77.0,76.94406419729478
50.0,53.98756585068867
50.0,84.45031378414973
67.0,68.89412114063043
67.0,45.74558725590441
83.0,91.19584521349844
83.0,85.48165365783257
61.0,65.62539580396236
61.0,64.95841089750155
36.0,38.09742552535329
36.0,73.6924924868278
73.0,80.06818274497829
73.0,71.79276819828362
76.0,82.68924029452819
76.0,26.602673445772894
61.0,61.94362391336722
61.0,76.05624222827709
74.0,80.81103898712598
74.0,71.3914472383774
74.0,81.88768423689976
74.0,72.15688015129001
76.0,83.5075835205609
76.0,68.47190560096737
41.0,42.29128696961544
41.0,76.53767508369441
72.0,75.18029934564333
72.0,41.94780712219648
80.0,85.63632166856189
80.0,70.36240613602092
68.0,72.56872532766573
68.0,46.84944912133875
59.0,56.93995418751979
59.0,73.72342982617067
69.0,73.32047862778631
69.0,71.8846017690883
69.0,74.88371064245047
69.0,78.78130284768764
59.0,62.012868810442285
59.0,10.408633446081751
56.0,59.26952587116506
56.0,81.39119870804325
61.0,68.3205250670876
61.0,36.099409274094285
53.0,54.13958028392415
53.0,76.37830156835321
46.0,47.28748768134585
46.0,70.18662234013851
68.0,71.43750298268981
68.0,61.36000181392694
58.0,59.848627740363554
58.0,50.413547735455154
71.0,77.19071254659042
71.0,70.98616885655866
67.0,73.83900865935522
67.0,65.73771969031282
65.0,67.73116460415503
65.0,82.59692175254872
74.0,81.52377126352746
74.0,66.23331131086184
67.0,72.32572726702665
67.0,21.786908326171897
52.0,52.871254566945595
52.0,44.54856826038167
55.0,60.18529902536642
55.0,45.81604056481336
67.0,74.97687846274863
67.0,71.50715470999927
73.0,78.40355175838391
73.0,69.54818402473438
49.0,52.806791862823445
49.0,57.745254279219296
78.0,83.09809849342133
78.0,27.861087360277793
69.0,78.53469881048744
69.0,49.62852995173341
60.0,59.08255208787807
60.0,73.080669900413
34.0,30.17451587418924
34.0,-2.0466704796679096
44.0,40.969672125014085
44.0,81.41211272894981
32.0,21.77293380229554
32.0,64.51213111917849
53.0,55.679659369720355
53.0,7.414496048476508
45.0,43.657022016544374
45.0,56.91655271549729
10.0,-2.9835609517677995
10.0,82.95467576829725
75.0,80.58984898773258
75.0,31.635329339104658
78.0,84.75101213034759
78.0,38.67941549870841
69.0,75.94999051483029
69.0,68.39854498465849
67.0,71.84917403047496
67.0,89.1265818384091
58.0,59.76446550743964
58.0,54.572664251420406
74.0,80.29419403084671
74.0,78.1512893812639
37.0,37.27071980779999
37.0,44.06449278471598
70.0,73.74470187287687
70.0,83.03306715030266
60.0,60.88862907550208
60.0,65.86703318921224
45.0,51.19015090876189
45.0,58.037227631030134
67.0,72.63455106827462
67.0,29.17351211815469
68.0,74.38544649863354
68.0,66.35124174950687
61.0,65.29169503441511
61.0,75.86315352365284
75.0,82.31110714198786
75.0,49.79507494727159
29.0,18.80046768459971
29.0,80.68622161014878
57.0,61.57485350368938
57.0,84.33214323439341
43.0,48.4599798941091
43.0,64.69933141796605
66.0,67.20460552190781
66.0,81.31541052962206
30.0,26.63885618666069
30.0,75.77920153029879
47.0,48.8111784778273
47.0,73.08743470334139
51.0,51.35022428665553
51.0,65.95734918823058
62.0,66.32827143496291
62.0,72.33420884105828
54.0,52.98689294822998
54.0,73.98763712367594
65.0,70.39557431093232
65.0,63.08129755064118
73.0,78.78825141797086
73.0,69.79741694242756
66.0,71.11980978750887
66.0,84.89011472900177
67.0,71.25619178344425
67.0,79.80443863065756
71.0,73.56228066102875
71.0,60.61865283109199
25.0,15.934992746820285
25.0,63.59206830049493
59.0,62.42572961213875
59.0,71.54442589264897
59.0,62.560424176424476
59.0,83.19448555567863
62.0,66.94998235016436
62.0,25.356473214606922
56.0,50.96468425380385
56.0,34.96406915614301
72.0,77.24569968749086
72.0,62.5856424575411
78.0,86.07636491657291
78.0,75.21154044958433
52.0,49.68443870380912
52.0,22.860861356811313
67.0,73.81673873430714
67.0,65.51353899286664
73.0,78.9732569909986
73.0,54.7976590354138
55.0,53.3473438495771
55.0,54.9398830991816
63.0,67.66698415766786
63.0,25.75825112123755
44.0,51.06486582837408
44.0,60.31531293365481
53.0,55.02126628457165
53.0,68.35522808871548
81.0,89.30738411873597
81.0,53.370345967581784
9.0,-1.333191625057168
9.0,76.07346223871792
36.0,32.40708322824429
36.0,32.68599086753852
69.0,70.89275321262147
69.0,79.70914674732717
44.0,45.547849393973195
44.0,69.52525423354467
58.0,62.543691793267385
58.0,56.54835055887281
75.0,84.17139518945788
75.0,69.21685535289225
68.0,70.34712092061739
68.0,16.299496281815436
27.0,18.969249646730248
27.0,75.80306378980538
40.0,40.17800687587851
40.0,65.47079434641648
74.0,83.21176820235138
74.0,53.54925670117109
69.0,74.78983458043155
69.0,82.51376173623277
45.0,45.580711393861634
45.0,69.41682653914069
61.0,68.72818512817554
61.0,60.288266268796576
46.0,44.28653409360004
46.0,75.65513962187248
70.0,73.92587907613307
70.0,78.64121944986096
55.0,61.7881320535605
55.0,53.48419413072867
76.0,80.88734199882828
76.0,76.58230108310454
36.0,40.78193904465786
36.0,34.345710815178734
70.0,74.37122904794512
70.0,77.40239433150015
46.0,54.467067789762325
46.0,33.044343777779204
58.0,58.3418133519599
58.0,61.99130440562976
70.0,73.73146082052278
70.0,60.0172202005204
38.0,23.68434456997778
38.0,52.939957384963066
65.0,70.76610127379092
65.0,65.97703572577393
71.0,75.2491556710412
71.0,67.89787645989207
68.0,74.43179675699707
68.0,49.47298493617234
68.0,70.43269946987147
68.0,79.25069008424742
76.0,83.54668092395531
76.0,66.1380985510678
51.0,46.48314108614238
51.0,73.54141487962846
15.0,9.753207939415518
15.0,74.21012768291604
68.0,70.31166921351479
68.0,73.20882263600981
70.0,77.980717514339
70.0,69.2442973545119
52.0,54.966065525024646
52.0,69.61704836233764
20.0,15.941311944932409
20.0,77.41975581411685
67.0,77.1570435772548
67.0,75.13518638944015
71.0,74.68303262622959
71.0,33.356189318793156
78.0,82.60441277469232
78.0,37.097984689497025
58.0,61.33410490608094
58.0,48.60880105171401
68.0,72.64842945764218
68.0,55.215365641088
59.0,61.75431445938466
59.0,77.30232988407397
21.0,22.11978057258284
21.0,79.2100401223068
27.0,18.485907442354858
27.0,52.37757301742374
47.0,49.64964268953116
47.0,78.88233126618843
44.0,46.940083611345415
44.0,83.54735942932928
70.0,73.39643769856974
70.0,44.53087716643108
56.0,58.12433587678083
56.0,68.89062494141558
74.0,78.26241556166832
74.0,65.7514556629755
38.0,31.48511702522427
38.0,62.857904535094235
71.0,77.37341014616055
71.0,75.11030568290124
49.0,48.68134625089448
49.0,72.81598809403908
34.0,32.30336120042654
34.0,77.06691999823778
55.0,52.59306893139052
55.0,70.69403465009293
63.0,65.53653973969256
63.0,65.11383105365434
59.0,66.12417513061462
59.0,75.7434715714652
78.0,84.68543481688573
78.0,60.939319806739036
36.0,32.30498660704387
36.0,36.96099938870458
70.0,73.695087268762
70.0,22.895500988670392
73.0,78.44284597152864
73.0,58.82212680760426
43.0,48.162425756992775
43.0,79.86704174473283
57.0,56.4313174625176
57.0,73.624942435109
48.0,51.99031493293688
48.0,70.64697867420313
17.0,10.009675600972514
17.0,56.15991323317024
62.0,64.02957007092613
62.0,35.62213474373158
45.0,49.60189256385286
45.0,56.620880622939865
65.0,66.22080212069704
65.0,69.46443397647397
79.0,88.15143649825552
79.0,63.52277372802797
66.0,70.82272433984718
66.0,21.663699924469256
71.0,73.05345312449691
71.0,68.98560992855647
65.0,67.77346582563979
65.0,48.84113609370252
39.0,35.718553534750185
39.0,60.62081481047187
31.0,27.12460486457087
31.0,70.55898020729376
67.0,73.17057704043964
67.0,67.83845390110713
63.0,70.29372091511851
63.0,85.48433516268494
73.0,77.26621007084168
73.0,18.998500930742352
57.0,65.10786598438096
57.0,47.37291955349548
47.0,48.26067092750168
47.0,25.32022677715827
42.0,36.77503760860861
42.0,85.50496914553634
42.0,40.70782949543718
42.0,58.271258172600824
66.0,71.58211211071853
66.0,53.01426984475688
51.0,52.034428960273885
51.0,62.256591708886674
53.0,58.12509046303035
53.0,75.12522391318083
62.0,67.00058771576181
62.0,83.01829013790791
70.0,75.81447437381024
70.0,81.25022910766955
66.0,70.4327169727585
66.0,79.32567577568096
63.0,62.98451375626496
63.0,79.0399075146928
64.0,64.18276008804946
64.0,75.13776236825305
78.0,87.06264846921891
78.0,91.23303860182517
13.0,15.891799537892268
13.0,52.83973802636274
77.0,81.78194088863836
77.0,84.29130541101506
73.0,80.55991294548119
73.0,78.88699054255977
63.0,68.49489038392244
63.0,72.89119947343232
45.0,47.26157106237372
45.0,66.98722879865534
69.0,72.12219616393168
69.0,50.531966268617566
70.0,75.36246655049689
70.0,68.99045119238201
60.0,59.57078755537191
60.0,48.98240750983348
35.0,30.606917626568986
35.0,59.62931349290466
68.0,71.0475530060935
68.0,40.44709375315364
55.0,57.896763570552594
55.0,57.77658122528334
7.0,12.455332736090213
7.0,75.06078574052879
52.0,49.8873918918834
52.0,69.29301253764845
68.0,75.17088338525764
68.0,79.94556004892871
68.0,70.81909946676592
68.0,61.31145537026873
44.0,45.43252159913192
44.0,63.68373177287987
36.0,34.89397614189471
36.0,76.36545803058885
44.0,42.31376082990283
44.0,61.61370841067338
62.0,64.41423511369703
62.0,66.3516276257036
39.0,36.34357555771982
39.0,24.804974377718963
64.0,63.820626455395825
64.0,65.63969452673712
33.0,28.890563855439552
33.0,84.97019310408336
59.0,63.730515892140545
59.0,65.00433706027701
64.0,69.24470244110472
64.0,86.31631787723177
34.0,30.45243385761131
34.0,80.65182724281249
55.0,57.58193949177746
55.0,74.81912656550969
53.0,56.27900547600768
53.0,31.920518511439468
84.0,92.85628621576723
84.0,79.92584909857601
37.0,33.45862309365867
37.0,79.23531991361074
69.0,72.2423669763711
69.0,70.99681864302539
67.0,69.89196559759876
67.0,58.9539953318756
64.0,70.03309574742445
64.0,81.78707175236741
69.0,78.00608669553492
69.0,46.820673917396675
51.0,48.65726934552231
51.0,72.20594108129984
86.0,93.66565075636021
86.0,46.83746028238335
73.0,78.10964946023881
73.0,48.65242470446623
74.0,79.26432760084015
74.0,86.86726287699389
58.0,58.23191873320286
58.0,76.50891359247515
65.0,70.14037128878772
65.0,61.05145980771459
74.0,79.40633311257625
74.0,77.04349797957508
50.0,49.86566743799716
50.0,73.29738510543257
74.0,81.50522292678397
74.0,53.59958243201959
31.0,25.11111494634804
31.0,55.24725032764485
42.0,44.24954638034666
42.0,55.4880338553362
35.0,26.8327429912689
35.0,80.47534370271615
65.0,68.32245403050507
65.0,-0.5424384589866804
66.0,71.4663502630824
66.0,72.14357094538639
56.0,55.86543053217031
56.0,64.81965543302414
62.0,61.401223529107824
62.0,73.33137680211416
50.0,48.06820214148263
50.0,58.77849726695143
70.0,73.91905804347033
70.0,89.71531950015935
69.0,73.74522321252272
69.0,54.74780789349063
71.0,76.82062924914663
71.0,80.20779797521345
64.0,71.11226348904773
64.0,83.18909073707158
69.0,74.26332289750127
69.0,76.3511938731516
65.0,67.94760059569211
65.0,33.87130423274448
72.0,76.32493530723298
72.0,76.273945422753
73.0,80.87614632379643
73.0,69.29894831180127
74.0,78.50217577450599
74.0,45.15172103753548
51.0,48.57727977320337
51.0,51.476162231896126
72.0,78.04153157827989
72.0,47.55453014519833
54.0,50.026084279489
54.0,50.92778297045368
40.0,39.765527693175954
40.0,71.8134028749318
72.0,80.36155475724269
72.0,65.41950674480734
29.0,26.321631622556367
29.0,54.91737582486547
48.0,48.558537829864065
48.0,70.2792635308619
57.0,60.48075327431519
57.0,76.08023288813246
52.0,54.67587498413178
52.0,44.05205127540654
62.0,68.04955113242653
62.0,74.53536523133351
64.0,68.81241237989155
64.0,73.79571318870205
54.0,53.60951747835128
54.0,59.466073671346976
60.0,67.00737840643012
60.0,48.64077668268499
67.0,68.07985058348498
67.0,75.27109535150419
19.0,8.837468583549764
19.0,81.74485245013472
53.0,58.60417308442413
53.0,81.3930328986757
15.0,9.63490132831862
15.0,60.185484656840856
29.0,33.07817631429782
29.0,44.300406244307
49.0,48.997911085973385
49.0,82.20338911250508
77.0,81.89327175374075
77.0,67.99800923326296
71.0,77.46637122765719
71.0,30.265150508865645
66.0,69.29983638387688
66.0,62.953639327879614
71.0,72.86808369903036
71.0,31.273324692150425
67.0,70.71941174973341
67.0,34.70721212342477
41.0,41.969525155099234
41.0,66.21993114559638
37.0,34.580952554769965
37.0,70.006672376415
76.0,82.7274617884969
76.0,45.932489621260515
69.0,73.23511518753315
69.0,51.22908719972111
72.0,78.85136381542168
72.0,75.49028695457224
45.0,44.31262248112682
45.0,44.21236525067434
67.0,67.84442633483769
67.0,52.973007683300466
65.0,71.77944943047527
65.0,77.42212993414512
77.0,85.10604221012807
77.0,76.16703920424857
40.0,42.27255169455157
40.0,53.10969440635574
42.0,35.20862164556371
42.0,72.72543159718288
48.0,51.32727550129613
48.0,66.34547344971139
50.0,51.2277957650939
50.0,54.42295140409385
62.0,64.49850747083372
62.0,68.8121660163352
58.0,58.68032266426002
58.0,87.69759157054756
44.0,49.038094855167344
44.0,75.04145916716203
67.0,74.09759642099408
67.0,76.65096455931132
51.0,51.06869245114734
51.0,75.82426073850843
54.0,59.30783561008633
54.0,72.13927141990649
72.0,76.66394808240545
72.0,85.5406130568723
70.0,77.16531661010879
70.0,34.359935690518796
48.0,50.06311312025349
48.0,34.168689774802544
36.0,36.50066898127409
36.0,78.27902104245732
66.0,68.60196427761133
66.0,66.74335859552127
71.0,76.8130244702457
71.0,71.584247941059
76.0,83.98778201299962
76.0,71.46500447192483
42.0,37.69210652561179
42.0,72.03157069928244
58.0,61.52833927099374
58.0,40.82903448384951
61.0,64.5840555752128
61.0,73.91926036634385
46.0,47.50413221806997
46.0,83.99045278405202
45.0,44.63384771732569
45.0,45.52447492434351
63.0,65.29821942896837
63.0,49.05670945040737
82.0,91.50299420816981
82.0,85.49459294378119
54.0,59.50463995144071
54.0,27.52777227474371
58.0,59.85063770195205
58.0,67.3915761715723
69.0,75.01525376436035
69.0,53.469646941182475
38.0,34.75423161286318
38.0,46.17618572034695
60.0,58.831790027027864
60.0,69.73465706328574
21.0,11.752073996505203
21.0,60.61343715315314
42.0,43.58378862460751
42.0,69.54772707171657
74.0,78.33057831168423
74.0,80.47375898435791
27.0,27.821799701153964
27.0,86.52504106040811
73.0,77.31908779509251
73.0,79.11493822246848
64.0,67.91365570095189
64.0,67.41762357590562
75.0,81.76802158526095
75.0,39.2266763708634
38.0,40.10470690408596
38.0,82.47436717790737
57.0,58.52313019595414
57.0,65.97737685062816
73.0,79.22203864596611
73.0,62.36238692558021
73.0,82.87912736974567
73.0,73.60370453300425
78.0,86.4806438905203
78.0,73.87375526148162
59.0,55.455161382860865
59.0,75.2704960220849
66.0,68.7184191060797
66.0,73.50497308738039
68.0,78.20348145524355
68.0,53.869100858823
76.0,83.17125968293448
76.0,69.99983619882613
62.0,63.339598574597744
62.0,45.93459006948143
73.0,79.21706975961877
73.0,85.87607240047265
44.0,45.49469621285209
44.0,63.36488718379235
77.0,84.4181976431376
77.0,72.0834514690917
65.0,72.200956688818
65.0,54.28543282297096
76.0,85.41213556313687
76.0,79.75844440478255
63.0,66.76240150374855
63.0,60.70628295410296
67.0,73.76381133367903
67.0,68.36499571495744
57.0,57.211607493826364
57.0,35.67920326234133
70.0,75.59849271454163
70.0,69.75683054489559
61.0,65.55466545897269
61.0,84.19000745998386
70.0,76.42727517663485
70.0,76.84652233273022
21.0,12.754217894814587
21.0,66.88973863754853
76.0,81.12195922051558
76.0,82.00416319784989
48.0,44.97968137716498
48.0,66.6899986517218
53.0,53.002131368159155
53.0,79.68186248150027
56.0,60.245987679256416
56.0,71.00899841079394
51.0,52.76447739823169
51.0,79.495660779903
47.0,51.12634214107385
47.0,71.1262484213309
55.0,59.610194728240856
55.0,87.02267562907008
56.0,56.15416100908618
56.0,12.898598075194286
43.0,31.542555012618664
43.0,83.09082948899277
68.0,74.14978595053452
68.0,84.30620134601452
69.0,70.5871039393391
69.0,81.61653554425249
27.0,26.297456808348215
27.0,90.47116550216072
64.0,68.57282041515185
64.0,30.192806623288448
64.0,66.51427144215285
64.0,85.92106437603508
36.0,29.91334133323437
36.0,22.192766673809047
74.0,81.05914107354477
74.0,84.31098775712468
29.0,35.801239084701876
29.0,59.745944923559705
41.0,37.84729406268576
41.0,77.44603446726654
59.0,60.387104283360486
59.0,76.04144544928818
51.0,52.798311532485684
51.0,61.747395411518085
38.0,37.04783635612307
38.0,78.93680028184104
70.0,77.87990304653357
70.0,79.32633844465244
79.0,87.60274525877196
79.0,59.358451967996814
73.0,77.39278447059559
73.0,72.84833140755637
66.0,70.82051641166333
66.0,58.14110950510502
73.0,80.16371217754158
73.0,59.12434309964033
69.0,73.28287648897458
69.0,63.693035657517385
74.0,78.42157341490002
74.0,66.6827810179343
56.0,55.57755006819849
56.0,69.79555369485291
67.0,69.19005438301872
67.0,71.65671298657747
36.0,35.0220073225949
36.0,70.27788400021751
39.0,39.25399377675194
39.0,76.70020108655609
72.0,74.52443797678455
72.0,48.119881677276
40.0,40.50841262548812
40.0,66.0919062530129
77.0,81.91457403346254
77.0,71.26971446643768
66.0,67.46782125179993
66.0,66.41559679590114
32.0,27.280611541600308
32.0,75.65267307304703
56.0,53.47118823212793
56.0,49.378312793619216
53.0,50.11610771067376
53.0,81.47264816667649
58.0,56.251632651535544
58.0,71.57837607766714
68.0,71.9805321600698
68.0,76.58262198674021
68.0,73.97926920022655
68.0,80.50068246778545
60.0,63.86870814062041
60.0,83.27309838204582
51.0,55.24725032764485
51.0,62.09638690855007
52.0,49.23696649816952
52.0,83.01417974540618
78.0,82.66913249060678
78.0,65.09511104658674
66.0,72.41149271341249
66.0,34.830737531772115
66.0,74.26599082811629
66.0,74.9877854482304
69.0,71.50304713138905
69.0,73.83327738448861
30.0,29.6900934172387
30.0,57.51729040548844
62.0,59.59961934372865
62.0,65.67499158706545
67.0,72.50767699380043
67.0,75.9994652583967
57.0,56.13679121149056
57.0,65.71660486126075
62.0,65.43717685616537
62.0,69.31496147347536
69.0,71.78781426789703
69.0,85.86529162681558
43.0,46.49306545259594
43.0,61.74162254648735
24.0,18.965973445638554
24.0,78.86175707628075
55.0,56.183617425066814
55.0,63.37654184517868
59.0,63.79407028887994
59.0,51.497251006857596
68.0,73.48854250922653
68.0,55.04337116712787
75.0,82.55039176359725
75.0,42.56169124843183
72.0,75.68602070788575
72.0,43.78721330162864
64.0,68.39962860238086
64.0,61.79066048413114
66.0,75.91294205881655
66.0,51.07381752059166
47.0,50.26570865844718
47.0,26.115967835376352
65.0,71.86812165807675
65.0,62.15973467522497
67.0,72.97769580033105
67.0,66.79390858017439
71.0,74.34625197695453
71.0,36.426069533834266
38.0,33.61513587432256
38.0,72.07988321629477
50.0,53.95142749899463
50.0,73.33794033372072
60.0,58.99318145026564
60.0,61.03741529795565
71.0,75.22190647904222
71.0,78.73118528963766
68.0,72.00173836508003
68.0,71.14988317073141
67.0,69.51270706695726
67.0,60.48797880256501
60.0,57.33969727322909
60.0,47.45671885005203
44.0,48.1676858303361
44.0,32.30336120042654
73.0,77.6508276305928
73.0,6.7799659009361335
67.0,70.96613166827836
67.0,25.411158387257387
65.0,67.37619402412798
65.0,63.06667718826401
68.0,73.8701353681285
68.0,70.80806303820378
72.0,77.6845720038391
72.0,68.15015987554176
42.0,44.645313689589045
42.0,40.64663514935927
49.0,53.920611153770324
49.0,67.01889594306988
66.0,70.72478746731241
66.0,75.9585066687402
52.0,50.46821854164705
52.0,65.52631235155656
34.0,31.80874322948108
34.0,71.06605161165749
70.0,74.53536523133351
70.0,57.313336638277235
49.0,41.71151469726084
49.0,79.67796417829226
36.0,31.64916210524433
36.0,62.677119356135734
73.0,76.6096766397198
73.0,79.45746527496198
62.0,65.94719897491103
62.0,35.344719422633204
20.0,18.67465127411947
20.0,11.752073996505203
69.0,76.64318653759625
69.0,62.076611173645915
28.0,18.71063536013105
28.0,53.50549897831388
53.0,55.15639043619939
53.0,78.62015204793278
11.0,4.8390119131177585
11.0,63.03237836325752
58.0,60.242022805879174
58.0,47.6303901865881
79.0,85.10441442668775
79.0,84.80322151772037
49.0,47.86834188150044
49.0,65.01739949129751
73.0,75.06314354939786
73.0,18.485164282069093
31.0,25.933914874285563
31.0,59.909505538551116
58.0,55.16031239966844
58.0,71.33417306320104
56.0,55.6300066325627
56.0,26.53675545141448
50.0,49.298257261037236
50.0,73.0000912135497
57.0,57.33130002397178
57.0,74.13784942670259
61.0,58.720421846467445
61.0,69.84451466940521
39.0,41.3318660037379
39.0,21.971116226916365
66.0,71.15947693171967
66.0,74.82944356502196
70.0,78.83338254254454
70.0,56.412689076298705
29.0,28.29522799410978
29.0,63.3254385764094
53.0,57.99190577735851
53.0,89.05092733821414
81.0,86.89426358666356
81.0,62.16906145810083
55.0,56.2188588919862
55.0,64.99792080490221
75.0,81.33253892991229
75.0,68.62305375468361
75.0,82.48310579980296
75.0,36.65780574776801
64.0,69.08103897251232
64.0,71.73974546149236
78.0,84.1453686198027
78.0,92.62814395383077
77.0,85.05889545581527
77.0,76.61714426650445
70.0,75.17119708785026
70.0,84.23392234095235
50.0,52.09495428454346
50.0,58.11243705623582
76.0,82.87386158619404
76.0,19.36482180696993
44.0,51.86022952407126
44.0,74.50996842232263
64.0,70.1855066168871
64.0,71.3651680944327
46.0,44.45081959948948
46.0,64.26039117243937
39.0,35.83441173865225
39.0,82.71107828661479
60.0,66.06677675206004
60.0,71.39132431307348
71.0,77.6004759099074
71.0,50.80504212456907
68.0,75.6608366556494
68.0,26.036171976909372
40.0,44.92259228862616
40.0,44.74536937150941
46.0,39.072478917641035
46.0,46.185039185350035
68.0,76.84827704437231
68.0,82.1987488062037
76.0,80.26981613133597
76.0,65.97874292481032
68.0,71.64859137114445
68.0,47.38186572403049
65.0,68.72693275450604
65.0,42.62176350965308
71.0,75.02000625202731
71.0,32.42354802697611
32.0,33.23152023684395
32.0,78.9915321601394
74.0,81.33855330908284
74.0,66.12397749191916
69.0,71.57053891021917
69.0,28.262674363045505
46.0,48.55918461067148
46.0,64.62506293318637
72.0,77.29887953762164
72.0,75.9952814471049
69.0,71.44795806663325
69.0,65.09723430709408
68.0,74.59148324093786
68.0,47.803162244151
62.0,63.69736707092272
62.0,45.10993432175076
54.0,53.145015634496076
54.0,74.45313541231877
75.0,81.95070040433382
75.0,42.42824526733301
79.0,84.65441873933787
79.0,66.55898394311072
40.0,44.685904433643145
40.0,37.63199590284137
29.0,34.46870321936399
29.0,39.438419841597124
65.0,71.1527760958246
65.0,10.998599012879652
38.0,33.77169626143632
38.0,81.20068419874872
63.0,69.11001507498617
63.0,69.33187446623873
77.0,83.82814676515807
77.0,49.42390660866994
69.0,73.45945290955694
69.0,85.72092702792878
37.0,29.92005395492515
37.0,67.64162679418763
57.0,63.037998699471814
57.0,74.43091524911898
66.0,73.45839445872173
66.0,58.553437538494904
75.0,81.13275202244006
75.0,77.0905817618791
59.0,62.701623527603886
59.0,49.667209613174975
65.0,70.73122176948954
65.0,72.31500021619871
62.0,68.11488010452484
62.0,81.15694503724637
72.0,77.2759097932381
72.0,39.539570491795246
67.0,72.5550715456701
67.0,53.42936010643183
72.0,77.08022561846855
72.0,62.94713010258198
31.0,28.194471649668515
31.0,35.20862164556371
69.0,74.12430751867828
69.0,59.5776296160621
60.0,63.90686300999806
60.0,69.38287033601466
45.0,46.04504784664016
45.0,21.858125397006233
70.0,77.83513759279913
70.0,59.89890166635462
70.0,74.49865307054688
70.0,35.37749628101807
63.0,70.11845956610728
63.0,57.909956862281206
65.0,72.25850959640087
65.0,72.81966996165073
62.0,67.52146402849752
62.0,74.68614631515692
65.0,68.49853824982682
65.0,79.2704630665121
45.0,47.48133613117619
45.0,53.083686106492394
18.0,6.798603258682647
18.0,68.93835455873267
34.0,31.80874322948108
34.0,53.260425446011595
52.0,53.97035774657553
52.0,51.80691757862985
61.0,58.4967314852708
61.0,61.29804595308207
61.0,63.48511683679078
61.0,77.62468984763956
57.0,57.81149318315016
57.0,63.40030792102044
77.0,83.68325370821248
77.0,13.780272415670538
75.0,77.44396255639299
75.0,66.1953928117797
55.0,56.99292825640828
55.0,72.52720231872746
64.0,66.42687189537128
64.0,78.27411638443624
63.0,68.64668310590389
63.0,53.53189531125736
63.0,69.16723343562433
63.0,40.258068672835634
78.0,84.06697333695689
78.0,70.52531565667726
71.0,76.591189570334
71.0,29.121172760746504
70.0,76.46864091629311
70.0,48.157521392097294
51.0,50.46511030262377
51.0,72.36280812091996
34.0,33.84888844454986
34.0,70.61642478239213
44.0,41.40511821632134
44.0,71.59152080491333
53.0,52.82325315314972
53.0,77.9394346269284
45.0,47.218416093030044
45.0,51.79185718721669
70.0,75.1897930050032
70.0,50.66641961628585
64.0,67.80963499930846
64.0,34.717072429157724
68.0,73.82519233246501
68.0,64.81554453721884
59.0,57.41381543317772
59.0,41.887589497697206
81.0,90.6961498826305
81.0,62.21181299386603
44.0,47.93803443976577
44.0,75.66170170126043
70.0,73.74514252178591
70.0,59.96349185580897
60.0,59.659992734995285
60.0,65.03633090795893
25.0,20.57135205024474
25.0,76.00095728593783
56.0,58.51927408853334
56.0,84.94075437686837
56.0,56.56006207783639
56.0,73.22100080678513
26.0,29.511281724564867
26.0,30.779568032969678
71.0,79.06155792346249
71.0,74.80591204753142
50.0,54.052052676973005
50.0,74.92857359347425
26.0,16.844636791619905
26.0,79.74044309243112
74.0,78.5086672810549
74.0,82.02665199386882
34.0,33.59509568861358
34.0,27.280611541600308
80.0,87.56293498640684
80.0,77.98077682119896
61.0,67.41223845135374
61.0,32.854419718634745
70.0,73.16716662385659
70.0,82.79029158130851
74.0,80.52425471552607
74.0,51.513126789947535
44.0,42.40217888264425
44.0,33.43792601234355
60.0,61.13571544794621
60.0,66.86538649688106
47.0,51.29498317728883
47.0,68.80304503112166
76.0,78.3028429747352
76.0,61.90542593923777
64.0,66.13002260352215
64.0,64.49690195746803
76.0,84.13541970448341
76.0,53.785004523692066
55.0,55.433603090271106
55.0,30.813077642342535
25.0,2.945973448467271
25.0,27.85689678001222
74.0,80.06335648701821
74.0,67.41112966611092
48.0,48.69643863770136
48.0,70.17154657332276
77.0,84.99950166193281
77.0,78.65175088236589
69.0,74.90304477079843
69.0,66.19844247975544
67.0,75.79893451531251
67.0,78.27741503254316
48.0,44.08064792024379
48.0,54.80345743725246
67.0,72.51998358422622
67.0,54.08816446900403
55.0,57.37265956324234
55.0,50.675073755193694
74.0,80.51073152091641
74.0,65.45728787697021
66.0,70.70455550568386
66.0,58.606805618970895
56.0,56.22816540989294
56.0,74.66792070443165
59.0,60.58086733664169
59.0,79.44992299638068
31.0,27.339036132419892
31.0,15.497811712750945
72.0,74.6564633735702
72.0,85.39977919837577
64.0,64.14227449417302
64.0,67.66114876032475
36.0,32.58775706087914
36.0,78.45403506528481
55.0,57.078384303714756
55.0,68.67037628386169
39.0,38.17697540389912
39.0,62.93507651626783
65.0,67.5186889323245
65.0,70.16420715635064
63.0,69.18806032712087
63.0,64.90520695120239
66.0,71.09321304091367
66.0,71.52333768348791
54.0,59.05197447644565
54.0,58.84668638985522
55.0,59.35020384161987
55.0,22.407916176753872
56.0,49.066299394218106
56.0,41.60750184776998
25.0,12.520835036149379
25.0,43.982044062360046
49.0,45.29202197381096
49.0,63.08129755064118
55.0,59.46285594058321
55.0,75.00531159155457
63.0,65.41882301970617
63.0,80.19441711717099
58.0,61.43751895884145
58.0,29.95672040363081
77.0,80.73882776707677
77.0,74.3538997512963
66.0,71.12247573276898
66.0,16.971163730686442
57.0,59.3875635318235
57.0,43.66602724221201
74.0,78.15244354522662
74.0,77.34511558229866
66.0,72.97982569315525
66.0,56.24925553769009
32.0,27.106540053139668
32.0,76.76972381008324
71.0,75.23424021219847
71.0,78.10913545683383
67.0,73.01572883348388
67.0,91.70113233112
64.0,70.13310695770366
64.0,62.20578842725797
63.0,67.14486964396463
63.0,54.20425548754565
73.0,77.68011336640456
73.0,38.41879371518996
77.0,81.61309756640799
77.0,55.46582259038041
66.0,66.67597274844036
66.0,68.53359620140628
60.0,65.52184763276955
60.0,18.27362692363579
38.0,38.27281922718316
38.0,75.52815845753003
62.0,61.7769134327952
62.0,78.5222089759348
45.0,42.045215032869464
45.0,51.59832159047244
61.0,64.42318884829206
61.0,52.72077332018381
63.0,67.23366100484128
63.0,36.54604495650938
72.0,79.810368085135
72.0,41.45007138156427
75.0,83.82452010475612
75.0,44.54686487165145
60.0,63.79819261304419
60.0,32.84039643973978
69.0,71.3757708219058
69.0,83.7717578196881
67.0,74.30442102226215
67.0,75.32323924653076
57.0,63.53312050337547
57.0,54.82147784020316
71.0,76.80596797976432
71.0,20.184253416409433
59.0,61.60082296052565
59.0,39.45464228255378
26.0,19.22347890908486
26.0,70.25685076939266
55.0,54.10423549319671
55.0,33.02572403836223
66.0,72.62088107654205
66.0,60.5166958494263
59.0,64.00849095259497
59.0,61.76424937855984
70.0,74.58404568512952
70.0,36.15853654589415
72.0,73.56397739852747
72.0,60.67071594680152
41.0,35.518146231193725
41.0,64.23645903088078
75.0,81.87536526564742
75.0,72.57754805078622
71.0,76.90881778788861
71.0,76.72905058706749
76.0,82.49158680801162
76.0,72.63509585502004
78.0,84.86936065461344
78.0,91.61964028252896
69.0,74.31377004385706
69.0,58.47491961994933
67.0,70.02084240530314
67.0,31.36236018964604
52.0,58.90779393812642
52.0,27.6289362222019
67.0,68.08353685987623
67.0,41.57072666541603
50.0,46.92076294315831
50.0,79.31038993037743
60.0,64.57761231474223
60.0,40.598000044365335
62.0,63.560444437638296
62.0,68.31320906493357
48.0,46.70757223644637
48.0,76.2048454506284
81.0,88.24017860611167
81.0,80.95744740373414
55.0,58.467492993941846
55.0,61.813410156934935
58.0,57.142554504562725
58.0,63.59455909492618
58.0,59.92739996032299
58.0,75.4724370724037
40.0,36.68692849849538
40.0,14.803006868681564
56.0,55.18504149088858
56.0,66.40191770042782
64.0,67.12094992861608
64.0,61.90444129874015
61.0,64.03663849839802
61.0,59.60481883516138
61.0,65.9653477405472
61.0,29.15746392667478
66.0,70.19091159910033
66.0,66.25803654806418
50.0,51.438015616800385
50.0,91.20799855333757
68.0,75.3135932776405
68.0,58.93394279451019
50.0,49.34663733034449
50.0,43.35665359702159
74.0,83.28032366190604
74.0,66.56954836066285
26.0,21.786908326171897
26.0,77.35771230033305
48.0,51.34959312213658
48.0,48.7070919173384
46.0,48.72306168469919
46.0,66.72661552526722
71.0,74.90402516694081
71.0,82.75716574818347
17.0,11.391908975097977
17.0,68.43402950761015
72.0,78.88291761075169
72.0,65.49277220811405
42.0,45.15443549634716
42.0,65.18373899816305
71.0,76.11691030966813
71.0,60.466092544302114
77.0,81.14074597507562
77.0,63.08529131393857
61.0,68.95935408679958
61.0,38.15831961856128
71.0,77.85791519366654
71.0,78.005737239562
68.0,73.49690436457485
68.0,33.221519632834315
73.0,80.04944517102632
73.0,82.32549319860487
39.0,33.0955177758284
39.0,67.17647779174763
72.0,76.79197305399805
72.0,72.48649099952439
62.0,64.82974637805529
62.0,61.25780701145243
74.0,80.81313596707491
74.0,73.74644236101346
64.0,65.33901047571828
64.0,79.49483563506021
49.0,46.44720991529732
49.0,58.4039271566628
66.0,74.54787622514863
66.0,69.56933665273328
77.0,81.94853959740061
77.0,68.50172694705839
42.0,40.31828367886635
42.0,65.25972047549931
42.0,46.22495894101513
42.0,56.79055364734535
19.0,17.90032518770397
19.0,43.526034743181185
67.0,68.47215911520715
67.0,68.72818512817554
72.0,76.05556679455259
72.0,61.61492021163525
59.0,62.37140850723222
59.0,14.41151780198578
61.0,66.15114345757968
61.0,37.796155201344504
69.0,74.85389964883694
69.0,64.78626964550273
65.0,68.76385085423578
65.0,64.48701666359625
66.0,70.8938991258567
66.0,79.30706000636445
74.0,84.49265544076889
74.0,71.71018076234407
61.0,67.95722784177343
61.0,66.6329734947625
74.0,82.95911260160989
74.0,70.42821576441565
70.0,74.28207160313468
70.0,73.57688936308062
68.0,71.6795505701271
68.0,67.73189417205077
71.0,77.66854867107452
71.0,68.55340584989978
80.0,89.14378649124365
80.0,50.23488421475622
72.0,80.55655978923363
72.0,46.48488871285525
63.0,67.39142506849839
63.0,25.411158387257387
74.0,81.54454150677486
74.0,86.14471944717246
62.0,63.62370444586497
62.0,58.1198342693329
33.0,25.884944945661402
33.0,50.92473401734685
70.0,74.66133526431634
70.0,56.88301884526601
61.0,63.336924750401124
61.0,56.440866297892796
59.0,64.0919209425565
59.0,71.93764169880444
69.0,73.98979607690114
69.0,82.86445466867019
73.0,78.2494340333024
73.0,46.92076294315831
37.0,37.45259355863857
37.0,71.37723316729881
42.0,43.05631342389023
42.0,36.73019581719325
75.0,82.13329932285774
75.0,56.44187227724012
77.0,83.31938405756603
77.0,24.122779849244864
67.0,73.75627945947281
67.0,73.60505045082039
61.0,63.79620208296495
61.0,73.57747151992817
52.0,54.55944061113843
52.0,56.96066621518054
44.0,44.146906905825574
44.0,63.478760212237034
62.0,70.03197414129664
62.0,82.47556012331194
52.0,51.33046479117314
52.0,82.62826009393484
59.0,57.11556930019293
59.0,42.20239299490771
63.0,66.35339528964522
63.0,76.3710878981829
82.0,87.5577687325798
82.0,70.13992616289755
62.0,69.9942265149341
62.0,37.58509160862201
64.0,71.35175792633322
64.0,74.62444757476965
52.0,48.61365910223367
52.0,73.24408348008501
72.0,76.71672598105965
72.0,69.85541699262257
67.0,68.04228879089544
67.0,72.79449793430638
62.0,67.95966259710713
62.0,21.63972526135558
64.0,65.749476865502
64.0,53.76985347440046
53.0,55.642033716920025
53.0,73.65893006047884
68.0,73.00303477573954
68.0,68.05103478278448
23.0,17.515684677743764
23.0,43.20482326705741
69.0,73.56349642784534
69.0,77.22127586995862
52.0,51.28037646143207
52.0,89.97533611623857
58.0,59.31182570573344
58.0,59.22633221215909
66.0,68.15206437529599
66.0,44.63384771732569
52.0,49.357535082693914
52.0,61.81601667695787
78.0,85.49470653880326
78.0,64.3508920659637
67.0,65.3870892060487
67.0,18.002004796498
63.0,71.53164644762586
63.0,79.68931113843297
21.0,12.754217894814587
21.0,80.65951000564036
40.0,36.96099938870458
40.0,68.78155077406586
51.0,51.19772614920214
51.0,57.784368232686234
54.0,50.389434520616135
54.0,52.70070369832234
46.0,49.39152858089335
46.0,79.56738553198721
58.0,56.69724044353916
58.0,43.306384491146446
45.0,46.34456448199518
45.0,78.89785687265231
59.0,63.08607109152331
59.0,42.24938246188702
64.0,66.29778027471156
64.0,67.44867052199282
74.0,77.22561326968275
74.0,49.64292411992125
58.0,57.84821512143242
58.0,62.41727484340248
2.0,10.827424241724088
2.0,65.8262318145097
47.0,44.72594366399727
47.0,39.864479289464384
57.0,62.63495507874842
57.0,75.09627147826217
62.0,64.04411260364242
62.0,62.92243203446577
59.0,62.02818711082665
59.0,76.98986588280718
44.0,40.37629870899991
44.0,84.03628266539283
76.0,83.77981582302567
76.0,60.82561568100209
57.0,59.82973398063706
57.0,82.0455245819756
31.0,18.484813737379795
31.0,39.920331209690175
69.0,74.26007575069121
69.0,76.3175087627186
5.0,17.992489487624596
5.0,33.58215284729772
46.0,44.47491528920972
46.0,39.788839416057954
44.0,49.91744290362976
44.0,62.474603531566856
68.0,67.73853617081022
68.0,56.50069064218877
44.0,48.1676858303361
44.0,74.83157022290504
46.0,41.478642322359406
46.0,37.61625993425838
64.0,67.9891781025351
64.0,52.385390780299815
77.0,85.80340580777994
77.0,70.22904191951238
59.0,61.93148282807783
59.0,73.17968212613306
49.0,55.8746975372826
49.0,71.15720417881289
73.0,80.18695590729146
73.0,32.397292292820794
55.0,58.04151515352481
55.0,63.65232103459863
71.0,75.09869863457413
71.0,42.9819830152469
69.0,72.4885464284871
69.0,50.6114592326075
65.0,66.15289323307792
65.0,50.53403953970354
40.0,38.914422723310395
40.0,33.356189318793156
40.0,31.3007818815517
40.0,59.358451967996814
41.0,41.00856219155139
41.0,74.85596122410067
27.0,29.74643536405557
27.0,63.164968390820604
72.0,79.04141794859441
72.0,80.72179759366225
71.0,75.89746440326059
71.0,84.1290493049055
47.0,53.165722834172016
47.0,74.95888224135217
42.0,44.051495479935056
42.0,63.42752368442359
54.0,53.6944570999795
54.0,81.51551289270026
78.0,88.3821322418624
78.0,28.905722658784498
75.0,80.9725205135432
75.0,71.87876569977198
21.0,17.822485079561034
21.0,37.52983098199019
65.0,68.78275500389992
65.0,61.50650902538962
58.0,61.413203855868346
58.0,27.213946281896312
49.0,48.043755382333984
49.0,89.47805406386755
72.0,75.41471094779394
72.0,67.3398310803891
55.0,53.9906155112792
55.0,70.63173858054682
42.0,39.031388930075536
42.0,66.57708947766878
45.0,46.35007295862249
45.0,65.37422961147655
74.0,78.79893323959885
74.0,68.87630982133055
74.0,79.77893965253469
74.0,68.18028045360967
38.0,38.68325692494574
38.0,63.22455110384357
77.0,82.10693466607228
77.0,65.15625373748924
54.0,57.16096003475792
54.0,75.10333892786292
64.0,71.7017961365969
64.0,49.3771923718632
70.0,75.55953682211742
70.0,88.10768695707964
34.0,32.2796606992527
34.0,56.20924459933792
78.0,83.20360305752985
78.0,75.11279103214622
71.0,80.32598928356629
71.0,80.96932803629687
60.0,65.3747706623742
60.0,65.75439627268679
48.0,46.38459177818362
48.0,76.06769794249459
64.0,63.83246059910289
64.0,64.83725227808844
49.0,52.23991553051212
49.0,88.63090066981016
61.0,64.62719333304744
61.0,45.40374203076914
58.0,59.1906868287042
58.0,68.36086183868923
60.0,61.2937272754927
60.0,74.15021544537552
54.0,56.51209492756249
54.0,35.96152446897946
72.0,77.17009516592259
72.0,69.34417492543332
38.0,40.9008501585875
38.0,61.60747300311493
49.0,56.0451991016987
49.0,74.61684081027971
48.0,46.931932604097256
48.0,68.80960356104515
66.0,68.46122619662447
66.0,69.20796649698241
57.0,56.45713469839552
57.0,52.134514181506404
72.0,80.63362384843418
72.0,48.97351796837353
32.0,27.243731299255046
32.0,63.447433079185146
61.0,64.01993062902983
61.0,75.97036795127156
64.0,68.16631117508632
64.0,37.10784726338636
64.0,64.48936014316166
64.0,44.39745218540446
52.0,48.65632086784967
52.0,80.29822573163744
61.0,62.73556520055229
61.0,48.29818931477871
14.0,-0.014617156925226027
14.0,19.62915387186996
55.0,62.12060186306218
55.0,74.30260369178251
49.0,51.98491234960346
49.0,49.22860231341667
55.0,59.087541482518134
55.0,41.75530041700159
43.0,41.13733999453484
43.0,46.61943852686488
64.0,70.05894512882719
64.0,33.587272954999946
75.0,82.36703028120013
75.0,69.79406930582593
65.0,68.35623582428445
65.0,74.51080264500649
63.0,65.73824606542246
63.0,76.95155816800951
34.0,32.22780412499526
34.0,50.720602529320104
71.0,78.52741337938386
71.0,61.59680946221158
78.0,83.45005359404553
78.0,26.783019227984425
74.0,80.53579475474606
74.0,79.5271348904406
72.0,78.15325184618041
72.0,73.62363090979187
42.0,43.66029520438235
42.0,73.38377936052495
66.0,72.68316834536279
66.0,66.41876766847514
65.0,69.17610824336344
65.0,31.57188691588135
31.0,30.95929451046385
31.0,20.500537124003245
66.0,67.66647189537508
66.0,38.739916526282286
41.0,44.39688172174135
41.0,84.54117750131252
66.0,68.81557543328319
66.0,88.44060165393512
52.0,55.87652715072613
52.0,66.58231361512651
80.0,88.51822621608079
80.0,75.11904547091643
74.0,76.79036076601511
74.0,77.26093470977526
67.0,68.71206143484466
67.0,9.76546282672814
74.0,81.46627849027095
74.0,48.32858945502579
53.0,59.99465434995119
53.0,48.172546434007074
46.0,47.98271664505069
46.0,69.84951943594427
66.0,75.74905344365425
66.0,62.45624608066959
46.0,46.37915310694672
46.0,58.14051174257463
68.0,73.34479178195028
68.0,72.81406459756244
76.0,80.49766616552705
76.0,68.29942296861054
73.0,78.3830915295689
73.0,61.01157494757848
60.0,63.670985378917464
60.0,57.98375577732759
45.0,39.98469277973197
45.0,84.13046038613692
61.0,63.01252437416963
61.0,78.21116490650564
69.0,73.32708130564481
69.0,59.101714215583286
53.0,48.962126213334614
53.0,59.37826785225184
56.0,57.62587012667143
56.0,58.63955633156047
39.0,38.157058397933724
39.0,63.78034803692532
57.0,58.475446304512445
57.0,54.73111810888963
57.0,55.2468726105231
57.0,72.44600014184687
63.0,65.54044696566291
63.0,53.63321228202818
70.0,74.46080078878254
70.0,37.89491424254646
65.0,70.09421728821769
65.0,74.53656367156617
82.0,88.84517076617118
82.0,66.42860281222795
33.0,33.9112053659581
33.0,40.63305190285382
70.0,76.70993905111578
70.0,49.44763127784876
67.0,71.97971212975409
67.0,42.066923450519596
30.0,34.28680136860402
30.0,74.55819332345584
47.0,48.15102209450794
47.0,40.089631725026095
82.0,90.17273040026322
82.0,44.966873666699996
44.0,41.747951957619364
44.0,53.57779628113201
73.0,78.19313915544177
73.0,75.98033843642048
55.0,57.40989487457546
55.0,51.18748871682527
62.0,66.6908889468533
62.0,80.98752428176846
70.0,72.60675647255886
70.0,21.71171297082077
63.0,65.99771493176053
63.0,24.210936822019676
83.0,91.61760007807635
83.0,76.99434295022456
68.0,72.54761976431081
68.0,27.73399862814182
66.0,66.98089217506447
66.0,57.30598497860274
69.0,76.10316160684096
69.0,87.57294875887527
22.0,10.781795023828295
22.0,70.30835628772223
62.0,64.16093895708042
62.0,29.95672040363081
74.0,78.5006432236641
74.0,42.20288253226448
66.0,73.41825961113938
66.0,67.45816243355159
73.0,80.22437152884902
73.0,68.04299681818304
54.0,57.5300496126232
54.0,83.04234555925854
68.0,71.4819246972549
68.0,57.53114361908695
38.0,31.927753333993905
38.0,44.146906905825574
72.0,79.97294033292127
72.0,76.73479079960748
71.0,79.09077088039328
71.0,58.80797119717067
63.0,67.15062804618094
63.0,71.78264477927138
59.0,64.36800653349673
59.0,48.339637022563466
61.0,68.48140743925251
61.0,52.54078931075901
58.0,58.72861812480153
58.0,42.96716134501969
75.0,79.75931408886214
75.0,60.48299031200486
71.0,80.6030869480453
71.0,19.830968708696048
66.0,67.5149471539711
66.0,21.44676936466692
77.0,85.94662065587784
77.0,55.047114263975175
66.0,72.74797395462576
66.0,61.73000877658944
60.0,66.8021035708316
60.0,41.4959169002837
54.0,52.68660468841637
54.0,62.21181299386603
76.0,85.15321342391991
76.0,70.42594577714311
64.0,69.59452668481026
64.0,70.74173537827909
23.0,23.997856330847924
23.0,60.094519312842976
77.0,82.80853811623217
77.0,30.53257674245515
55.0,58.81246702691362
55.0,77.93416150791097
69.0,75.06193511267918
69.0,58.9604323141603
64.0,71.59536449228898
64.0,60.093493173846014
59.0,63.146005270611056
59.0,52.79657245898966
71.0,77.28440043604576
71.0,43.32469889364933
62.0,70.73153580954533
62.0,72.63236916126402
69.0,73.3885132804566
69.0,67.89859514271654
63.0,67.9426111926906
63.0,65.49255517863651
47.0,42.065471871007105
47.0,82.80853811623217
57.0,59.224379417496436
57.0,39.249642416475524
50.0,53.38957279559327
50.0,60.356108888484414
59.0,64.34839462029441
59.0,77.75403291170318
80.0,88.50905001683373
80.0,58.93655833919604
64.0,68.2101068743338
64.0,69.76633821495636
75.0,80.54276723685706
75.0,86.96809959700681
66.0,71.45572545923989
66.0,52.738713601856546
64.0,68.06060314499052
64.0,64.18321354066336
73.0,77.97771157585919
73.0,38.65126687321538
29.0,26.93787877056667
29.0,62.46083807114894
57.0,56.444876960639306
57.0,73.78279274981969
70.0,73.67906763540356
70.0,58.45060203201979
35.0,33.87010697921113
35.0,75.3547762664274
37.0,37.53750214218701
37.0,56.43278923450907
72.0,77.23177119725784
72.0,31.56559730693516
72.0,77.58231329696315
72.0,64.4974769737234
42.0,47.43473318455625
42.0,67.8104962839165
34.0,30.382559876004052
34.0,47.84792381058895
50.0,57.138335315416555
50.0,63.72869799345153
68.0,71.79863190633688
68.0,50.273716809096356
66.0,68.32686390078351
66.0,83.3366361966074
58.0,61.62198060810465
58.0,77.51627332794737
68.0,73.52447360463026
68.0,78.40881104249632
43.0,44.51341615792637
43.0,62.45041633683661
31.0,26.26337180897957
31.0,10.156709789094236
44.0,38.73714042496192
44.0,74.46607392484628
45.0,41.522987524133896
45.0,75.43303808842586
40.0,38.18777721904962
40.0,73.01525674810836
62.0,64.62035875883237
62.0,68.43971366709116
59.0,64.42689118962602
59.0,57.56967155657037
73.0,77.50095017758736
73.0,65.62187714161371
64.0,69.62682943743567
64.0,82.41144118811485
67.0,74.18498509940605
67.0,78.10234968117157
70.0,72.02880438287394
70.0,77.62328621799622
58.0,55.947015307215565
58.0,61.86798433698527
71.0,74.25725997235094
71.0,63.451705745817435
71.0,76.96413383157488
71.0,79.82775436535627
75.0,81.83716972261055
75.0,44.58996391939229
56.0,55.27501892600145
56.0,68.84226515087835
44.0,42.540755351825965
44.0,24.804974377718963
59.0,59.550092803047676
59.0,52.13384273775324
33.0,30.247057145733947
33.0,41.06119225775103
21.0,8.321181368344355
21.0,73.2406984222689
69.0,73.7744819550465
69.0,82.43891689510286
71.0,73.62484720773818
71.0,64.25890649811424
59.0,59.0352406938955
59.0,68.37992452540374
45.0,46.45444386832145
45.0,35.16339838278526
51.0,52.02588319738504
51.0,64.17733541375907
37.0,33.356189318793156
37.0,77.28480348273473
55.0,57.40989487457546
55.0,65.41936277801176
17.0,23.48232923365498
17.0,24.669143402222574
32.0,21.08221738660245
32.0,63.21565245299206
53.0,51.39067679804276
53.0,66.86530510302254
40.0,40.421032322705855
40.0,66.85553241462645
55.0,56.50642707137763
55.0,64.0794332045985
74.0,79.10374382765258
74.0,42.74531195439084
44.0,47.12146966696753
44.0,62.51349045574153
67.0,71.64102268898876
67.0,79.18107202044195
66.0,67.19198450503387
66.0,15.49106698146278
54.0,51.93040559265802
54.0,55.77913842786012
60.0,64.56345041368746
60.0,71.91905801075904
73.0,81.85865925365425
73.0,43.123810605709025
68.0,67.5972900086665
68.0,31.825958798932675
70.0,75.92092296413387
70.0,56.56604382605741
77.0,84.27967917181536
77.0,11.372267313891484
65.0,66.94309024160196
65.0,54.69640643296515
68.0,73.66488864336657
68.0,61.35994454835304
58.0,59.259101575254306
58.0,43.043264629582154
67.0,71.35167517731355
67.0,63.231784196621106
15.0,15.797006212508677
15.0,79.21061044201537
69.0,73.22608155872388
69.0,77.9521745706682
74.0,78.56900338561434
74.0,71.49099661578697
51.0,53.41396302200832
51.0,8.883373449346152
65.0,68.086990199078
65.0,62.059535843069455
62.0,62.993987644564356
62.0,65.53504509291196
42.0,45.19958168776179
42.0,70.56786734392631
74.0,79.55350733748094
74.0,79.64603593211405
70.0,71.61501636896668
70.0,81.9783185873016
71.0,77.75389927314063
71.0,80.62384550665365
66.0,70.16124738861254
66.0,82.33938498212291
59.0,61.85304610647012
59.0,88.14879175833858
66.0,74.26217740192254
66.0,84.75880133226104
45.0,47.21743460993616
45.0,58.68868063461912
79.0,84.25168835404185
79.0,27.031799837065478
81.0,88.67335148063074
81.0,81.8011945794301
56.0,54.127262879283194
56.0,66.4136794799856
79.0,85.91066444537199
79.0,79.12665648141689
74.0,80.0693761842187
74.0,65.72200691860394
59.0,60.27689816051196
59.0,34.31616274827519
73.0,74.806679764514
73.0,32.089784183164795
77.0,83.11767663567207
77.0,69.07732351867111
57.0,62.295391556954826
57.0,81.11208241565231
68.0,75.22024810568092
68.0,73.9368214631732
71.0,77.45461867997517
71.0,51.08511438680745
59.0,55.431729962405996
59.0,77.28445854839066
33.0,30.047770181501562
33.0,44.69896006394782
70.0,75.03209395574714
70.0,70.6584886982489
59.0,60.995995963320695
59.0,69.64683648848131
53.0,45.76590444216316
53.0,75.45940432792725
71.0,75.71516859045926
71.0,68.73708654925423
65.0,67.35474709442309
65.0,29.532163197962404
68.0,69.99191221841312
68.0,76.63623314939252
73.0,81.02463887086998
73.0,-1.9368374951690157
57.0,56.853596580960755
57.0,36.66005961973519
46.0,53.24214657326212
46.0,68.63584661993286
31.0,26.329605038142745
31.0,72.53933169752275
44.0,41.67486845651547
44.0,57.65407717550653
62.0,63.797702677274174
62.0,58.16997310521617
64.0,70.23117984188497
64.0,78.41250989548143
76.0,82.0006209624915
76.0,64.58826741889794
59.0,63.29545299338082
59.0,62.970220518363135
67.0,73.78682449841403
67.0,69.43098946819856
75.0,82.72697141491102
75.0,87.55659248662442
62.0,68.80824456894504
62.0,77.90308283674904
38.0,34.148066910095395
38.0,43.982044062360046
32.0,18.60541679447266
32.0,81.39770480852161
16.0,1.7450965987963514
16.0,85.66308393111939
65.0,66.82115964690973
65.0,80.34896693288664
76.0,81.79636158911256
76.0,64.82067303614917
58.0,66.02933154213059
58.0,27.660575602165466
40.0,35.281442530945355
40.0,53.95036112400459
22.0,15.508463165025375
22.0,67.63269954838069
31.0,34.312540661735284
31.0,59.038631067223434
61.0,68.64956888543588
61.0,49.83251377830743
76.0,84.90437844598034
76.0,60.54680250861355
36.0,32.15015310056168
36.0,58.096616936104624
31.0,25.86697421469819
31.0,76.61719192255083
69.0,74.49493053631295
69.0,63.98488700579503
60.0,63.97702221867564
60.0,31.49422930407428
57.0,57.80893138286467
57.0,65.06566221622427
77.0,84.66888469106868
77.0,71.73425191276954
56.0,61.563493044890095
56.0,51.571357384660814
64.0,65.3474476106544
64.0,55.86859468162953
61.0,66.47235521624424
61.0,45.25417065268289
65.0,67.4793773015391
65.0,88.36440525282251
72.0,77.41244579517439
72.0,72.07612509788618
55.0,62.22655563124522
55.0,59.88440095156557
49.0,54.02669627047999
49.0,71.42048631376286
44.0,48.05271294322358
44.0,55.85524003764209
57.0,61.72181030586387
57.0,84.25229898170761
42.0,42.35281203907357
42.0,77.48375947129011
52.0,50.655715674654914
52.0,70.6126533035403
68.0,75.11971342653288
68.0,32.917898072897344
62.0,63.145955536556585
62.0,87.88722620173513
64.0,70.93594853022165
64.0,74.47862310983362
54.0,51.28429657117755
54.0,81.31683760026988
70.0,73.55105505419243
70.0,33.38561848022226
62.0,62.69140353487933
62.0,31.825958798932675
77.0,82.78191203450734
77.0,49.05299820431401
22.0,10.781795023828295
22.0,45.89247111318144
77.0,82.33861807367089
77.0,65.36261113678592
74.0,78.89714871590729
74.0,60.29663771285516
46.0,42.21781336417126
46.0,55.67647288581679
53.0,51.38756850648639
53.0,69.87100272502562
40.0,36.33721155005054
40.0,67.06311964702138
65.0,68.87950115798293
65.0,76.45667083762999
38.0,39.85603775288047
38.0,71.9125276119911
50.0,51.121931113904566
50.0,58.32762109699098
59.0,62.482897138145745
59.0,81.58904092192921
57.0,62.02528920018477
57.0,72.57629365770151
78.0,84.40863721660963
78.0,73.50162615166784
55.0,56.41557059605958
55.0,73.3933401857696
70.0,74.50021148015855
70.0,70.96293393945058
51.0,48.579350998054394
51.0,85.13350359197244
61.0,63.81561165220103
61.0,76.8594171447366
73.0,76.0122079057312
73.0,26.93166787536586
50.0,52.45577429737705
50.0,27.667034806115907
63.0,65.4595049917341
63.0,52.41215508224417
69.0,73.95863415147687
69.0,62.4599723734334
61.0,62.36627963538518
61.0,67.38333838034589
34.0,28.466540048214483
34.0,74.24513793407533
37.0,32.28949149721228
37.0,63.738519704510736
49.0,42.330613787045934
49.0,33.12312996996309
61.0,62.3658529249069
61.0,64.68854223546816
30.0,29.088124542613855
30.0,68.45725217983227
64.0,67.3917131987912
64.0,68.79199747934376
53.0,55.92334616437006
53.0,77.20868303265513
45.0,40.362237581337126
45.0,17.852571654400094
64.0,64.29665951713588
64.0,70.44176664739803
74.0,79.87098179793475
74.0,14.208766775822028
45.0,46.83564055336109
45.0,76.69605618611547
62.0,68.18718279777704
62.0,72.82717255933488
54.0,55.45896101037198
54.0,19.65587911361814
64.0,64.29303847171525
64.0,71.85217688035141
67.0,69.1862100935993
67.0,66.63119198907862
50.0,49.85274352511584
50.0,78.0266339299476
56.0,58.77849726695143
56.0,69.63035033730227
67.0,71.19370335252142
67.0,76.95421252410438
34.0,32.38275384936554
34.0,77.01457179462147
58.0,59.07543665220288
58.0,53.98756725566511
53.0,49.22857108036379
53.0,61.979391751772596
50.0,50.04537552011806
50.0,87.65903473007506
70.0,71.64132120742482
70.0,64.18483819583145
58.0,58.59392929000478
58.0,57.6657054718122
53.0,54.31025050824428
53.0,82.71982893036704
73.0,79.0097329848848
73.0,70.26526121061721
60.0,61.386304019866316
60.0,63.26331885239705
51.0,50.06108003848561
51.0,38.46051016664188
50.0,55.81425856744471
50.0,56.525085388974844
68.0,71.26214827087136
68.0,71.44123295495069
62.0,67.30015672284065
62.0,66.83035475493705
60.0,67.03047405636033
60.0,65.84560174389918
45.0,51.91182263729041
45.0,35.78252728832905
70.0,75.82698796615284
70.0,41.36482837949211
51.0,49.7256926502846
51.0,81.21995689841532
71.0,78.12901630542342
71.0,80.6658523444288
71.0,74.7949159461757
71.0,81.8780437279583
27.0,20.643175917739825
27.0,68.95938557193233
54.0,58.49996930751024
54.0,76.20781666371215
79.0,86.91653983952767
79.0,76.06186346944418
60.0,66.80238268459084
60.0,39.19578002767139
36.0,31.81814995457404
36.0,60.5786174320167
43.0,42.754129160144885
43.0,60.48589613472711
40.0,37.76124712250339
40.0,75.91596989187519
53.0,53.37752249502978
53.0,68.12491274273748
51.0,47.265667742122105
51.0,30.950251893729956
49.0,51.101743335282094
49.0,25.932921832899126
71.0,77.42389186271322
71.0,72.23785535619584
50.0,46.28448732400068
50.0,15.833247901523919
64.0,70.73770366427601
64.0,5.931395511174969
45.0,41.04150366799092
45.0,56.99292825640828
39.0,39.76529443421339
39.0,72.94413861883498
55.0,59.203885998444036
55.0,68.22054987675511
62.0,62.91548873123912
62.0,78.81157191995482
32.0,28.166269594006394
32.0,64.34014982178968
67.0,71.08130616310001
67.0,51.58589748660597
47.0,49.49702813399227
47.0,73.09223928996863
76.0,85.13157626450078
76.0,65.74916027843722
40.0,42.95403533623295
40.0,77.49327505805184
75.0,76.82949193471956
75.0,34.23859703390315
68.0,69.58689828204507
68.0,74.2120684104703
68.0,71.39123758727652
68.0,58.66583797984879
72.0,75.09065656539264
72.0,41.99612154905202
59.0,64.34440095045181
59.0,81.60405418693534
79.0,86.11825345345466
79.0,12.520073326014654
63.0,64.70738004834254
63.0,66.22262870293116
71.0,75.97098027108905
71.0,84.32882481185862
67.0,69.03419368267674
67.0,69.34565763985324
71.0,77.68262608762518
71.0,68.5487852515825
64.0,70.95662491619896
64.0,71.96604530572876
48.0,54.44339163199561
48.0,55.3745613379254
63.0,66.67614449389015
63.0,79.39323418293816
53.0,52.823577119646586
53.0,71.63610360495642
65.0,68.85379586239009
65.0,66.42031594269736
63.0,66.4207458617114
63.0,38.59419030264689
66.0,68.80085351368172
66.0,67.26507748345892
60.0,60.2651243231349
60.0,69.36348984603194
54.0,54.129909266177776
54.0,85.21559404438551
67.0,72.94152114175444
67.0,70.4629238010138
66.0,69.0816934085318
66.0,72.02840413872775
20.0,10.520705927877316
20.0,84.39009363218861
63.0,66.16966205469106
63.0,67.96435780952612
26.0,29.48097674071397
26.0,30.094769719736632
56.0,59.149944460647134
56.0,85.41086498515114
26.0,24.027861716103132
26.0,54.65991294496581
58.0,58.421878058068046
58.0,63.27431088216133
40.0,36.33837998378658
40.0,73.32719394901432
64.0,69.64027168736231
64.0,75.52482598538779
60.0,61.0487496923638
60.0,57.26974815314679
70.0,77.87572692795271
70.0,53.90703188796908
14.0,14.873404033237819
14.0,78.35889414700694
77.0,82.49598167842151
77.0,11.391908975097977
76.0,82.64871704269268
76.0,64.74154138790033
70.0,76.01092393093506
70.0,83.69322815949386
20.0,18.67465127411947
20.0,89.26736531865271
46.0,48.9484559144488
46.0,79.35851884120734
66.0,67.71590773658158
66.0,71.85485799507603
69.0,76.11518923838202
69.0,47.05972209586548
66.0,72.50050644282976
66.0,50.629584963002856
53.0,47.824731656824724
53.0,69.85280618775164
65.0,69.8300390475195
65.0,42.582101239450935
69.0,75.86492438726964
69.0,27.763891580411382
68.0,72.90297155674762
68.0,38.63979299113896
41.0,29.97123413749057
41.0,74.13708189753538
33.0,36.06821938600939
33.0,76.70714974538436
51.0,48.92783823492482
51.0,45.28712096240474
50.0,45.23744358354918
50.0,68.06130385927406
34.0,26.51057478807587
34.0,18.107745201717933
77.0,81.53332925284127
77.0,17.402955141850896
41.0,37.3214178031638
41.0,40.132340188741296
70.0,75.68550771916603
70.0,70.93259475964152
63.0,67.8572460016781
63.0,56.45251463454656
60.0,63.935116647357006
60.0,41.730374522292266
68.0,72.12798198503162
68.0,60.445053611492426
67.0,72.82564232064954
67.0,47.55336454207395
66.0,74.44108316283751
66.0,88.1819099149863
41.0,43.526034743181185
41.0,64.47454298801722
19.0,15.29727410810267
19.0,76.51625949114919
44.0,42.397566937975455
44.0,83.33301213470776
53.0,55.5059756338141
53.0,74.56390274498943
64.0,65.89724311597377
64.0,63.16057313977524
68.0,68.76106473883306
68.0,44.32706587268308
52.0,57.16753365431782
52.0,92.24429582093234
65.0,69.02718088475285
65.0,52.89007347042042
72.0,72.31595806073875
72.0,57.252255556396335
66.0,70.83808505416192
66.0,38.753012572176374
68.0,69.45251508016116
68.0,41.438931755382725
79.0,84.06878956842951
79.0,21.53196783309727
52.0,53.31470921672434
52.0,18.905225023789967
68.0,70.94042119705801
68.0,85.50309236349625
68.0,74.8191896013389
68.0,85.04679892454413
25.0,32.00208055626723
25.0,59.144477518788676
59.0,63.2820482355674
59.0,47.33416838156853
70.0,76.93859105517822
70.0,86.40898210689016
72.0,77.76502692052657
72.0,36.60951973970873
16.0,1.8877576801650093
16.0,54.14893895908506
44.0,43.52130827579509
44.0,58.391791755144254
40.0,42.12591273359948
40.0,62.77115947988074
77.0,85.32121936987
77.0,85.41197463025446
66.0,70.06088534577475
66.0,82.02389040908025
73.0,77.1970510627284
73.0,20.669166531387248
59.0,60.92639549327282
59.0,50.779319365207186
72.0,80.2461766980797
72.0,67.5611859934362
69.0,70.6734396028885
69.0,66.54157609344128
67.0,65.97287223590456
67.0,63.301367677242695
58.0,56.88471373259529
58.0,48.197641957575456
50.0,52.33096168954137
50.0,31.126838244557007
69.0,75.8419227093591
69.0,19.36482180696993
76.0,84.15980281659415
76.0,63.80100049153174
76.0,81.45772696664636
76.0,83.02687808930432
56.0,57.36051930924867
56.0,52.25685390332501
19.0,13.180381219620585
19.0,83.50713815365492
45.0,46.12790719077282
45.0,20.669166531387248
27.0,34.436487288364845
27.0,70.2904153415721
68.0,74.19385164608713
68.0,51.88609352559115
75.0,81.01362335723735
75.0,81.40198991435733
23.0,21.18271462132651
23.0,49.478620448564584
71.0,76.10276846644285
71.0,35.62190863252869
67.0,74.10078703167608
67.0,73.31320276536883
77.0,82.59190321967833
77.0,79.1007985268298
54.0,54.68654754577483
54.0,69.67720307274044
59.0,62.285092551837636
59.0,75.49426664083103
69.0,74.18772665816749
69.0,56.30995665073016
81.0,89.46383248935228
81.0,10.513774260032733
56.0,57.10982944023442
56.0,34.96423134209192
45.0,45.93132630271464
45.0,58.143566844611314
56.0,62.42715731077243
56.0,65.07149664678116
51.0,50.41862379381166
51.0,73.32049316793712
75.0,80.51665644234623
75.0,70.72501112947202
56.0,57.929691395619784
56.0,75.23136945584122
53.0,59.631975645836235
53.0,65.86592325109046
68.0,75.106295670794
68.0,78.40522986464669
68.0,73.6209797000397
68.0,70.11544382794062
47.0,45.705038834293475
47.0,61.57485350368938
64.0,69.01194867002289
64.0,71.38934551938041
74.0,80.43642363466523
74.0,56.697227299348924
65.0,66.23733697630746
65.0,76.50703663624358
72.0,78.22606627120854
72.0,35.288751874414686
67.0,74.86076308936174
67.0,63.91873070289682
69.0,69.1765078109612
69.0,59.89927537986472
62.0,65.1199859581427
62.0,56.90582547385662
67.0,71.4287740246067
67.0,56.04693877416793
72.0,78.345284777865
72.0,76.60605741142302
58.0,58.29352992320929
58.0,54.2341505930097
72.0,77.47516899858732
72.0,19.28616368897417
61.0,67.5855711875862
61.0,71.83658289413518
34.0,32.52382460815585
34.0,67.35830863776272
52.0,59.865715636208506
52.0,63.88248275301817
71.0,77.76040478238286
71.0,42.088546221452816
75.0,78.96611896812357
75.0,54.59341701556292
68.0,66.6653849297096
68.0,27.50358468239301
60.0,59.11779608138568
60.0,8.837468583549764
62.0,62.812150911527624
62.0,67.63464090721396
45.0,44.2279542476378
45.0,38.9338493037875
65.0,68.8919251480126
65.0,74.5288766570996
54.0,57.193273891352476
54.0,62.97152184801649
39.0,38.93356420793913
39.0,62.19810865204403
55.0,56.51095835495272
55.0,54.228727644973844
71.0,75.87760477451394
71.0,40.8616863226743
54.0,54.715101071710706
54.0,20.33290500281521
58.0,64.66938975679358
58.0,46.54109156280987
58.0,58.584769543723155
58.0,84.87827665358014
49.0,57.91938629719135
49.0,72.84910134081252
37.0,33.279983061848554
37.0,53.85554927837052
64.0,70.51463218719613
64.0,78.9732569909986
82.0,91.15151357134471
82.0,78.26951363236884
57.0,56.9025929251477
57.0,72.23796102046674
83.0,89.42808822707332
83.0,70.15260952603694
58.0,59.85796784223004
58.0,71.7455892870662
57.0,60.72001543600584
57.0,70.38567907778992
72.0,75.60188778617777
72.0,66.72690335621735
56.0,57.08027699022955
56.0,48.68134625089448
65.0,67.13570322662252
65.0,46.20239834268392
63.0,70.22514435061504
63.0,87.4014960200783
61.0,62.12130381768952
61.0,54.13583484227553
68.0,70.73967843217662
68.0,42.38307537146403
39.0,39.44293784574177
39.0,37.350138573649645
64.0,66.3628788858677
64.0,69.50296855796444
73.0,76.54568675719969
73.0,35.48316910991389
38.0,36.426069533834266
38.0,84.01278470674237
70.0,75.22189669032628
70.0,72.042102473878
25.0,19.05055290080537
25.0,67.39588453015881
60.0,63.90686300999806
60.0,48.64235741056916
28.0,21.17111382199829
28.0,72.88127626838553
53.0,51.6022959588841
53.0,28.066443832612094
56.0,54.78847617671829
56.0,52.73950679763249
65.0,69.74234694053342
65.0,42.12677846617646
57.0,59.66921274446855
57.0,64.31723723557934
27.0,26.115967835376352
27.0,30.642681096315016
74.0,79.44029127151794
74.0,80.73869571353595
47.0,49.31099227084809
47.0,73.0671632706742
67.0,74.90050180176155
67.0,44.07728298559459
22.0,17.94033760525076
22.0,54.09543647576106
37.0,37.23142951805244
37.0,42.67061457297757
63.0,62.80248524123664
63.0,60.00998519923803
74.0,79.30113243260467
74.0,65.72474471964159
42.0,45.32664659711571
42.0,69.7907775549495
64.0,63.06355126172508
64.0,24.768459289344094
63.0,68.75140754342476
63.0,28.245082543687033
57.0,63.37180766802015
57.0,35.854449342221415
60.0,62.731108587458664
60.0,65.2590292421911
74.0,78.05863677986514
74.0,72.9919500427975
40.0,42.41907259887813
40.0,48.58071556561879
54.0,48.19028084403368
54.0,59.68608172166614
68.0,72.60368677025139
68.0,60.95311870800799
36.0,39.70555576209193
36.0,81.01384141764282
71.0,76.59888484329934
71.0,73.03291674539844
65.0,75.75870724975249
65.0,64.2491468640585
56.0,60.73227716199182
56.0,65.9367182983425
64.0,66.45450548920797
64.0,78.88737150296953
40.0,31.12060972832421
40.0,71.72194434792056
74.0,79.7487341562217
74.0,21.102683822194933
71.0,77.0884929892589
71.0,59.73506999895494
59.0,60.495732680795584
59.0,28.824899176954716
71.0,77.10223860913106
71.0,45.494418710006016
68.0,68.01988060738358
68.0,44.96831354274548
60.0,63.696294376360186
60.0,51.76890343374322
71.0,77.26649302116965
71.0,76.95128701301962
69.0,78.01661391675248
69.0,73.604187057829
68.0,72.56245158676529
68.0,85.38910258600743
70.0,77.07422486729939
70.0,61.28192971129221
58.0,63.14076384703185
58.0,86.71268762556025
29.0,27.074539170283856
29.0,19.582472992373084
60.0,62.04460746353868
60.0,41.36482837949211
71.0,75.01309124183581
71.0,68.33103628069648
51.0,56.132084412034374
51.0,67.38354960691083
41.0,40.46934897849712
41.0,69.57004844719302
73.0,77.5752936691199
73.0,61.61372251216994
61.0,60.29919207290084
61.0,63.53417024590334
62.0,69.87466091187162
62.0,30.44372972205184
68.0,72.58641946154216
68.0,12.034351221526833
56.0,59.57857136808326
56.0,65.09071609614102
60.0,67.75037705471533
60.0,45.886159688496264
51.0,53.59562901681369
51.0,54.93490625414768
53.0,58.60417308442413
53.0,76.61685308347677
41.0,35.87053283519981
41.0,71.86410435376251
65.0,70.06410503914833
65.0,54.08823220808466
26.0,21.21444554171893
26.0,83.41531992020896
67.0,70.29333009637134
67.0,19.950763003646898
70.0,73.28605234156151
70.0,84.00159573204246
51.0,52.094347794626856
51.0,60.413993176842496
72.0,79.70080438780258
72.0,81.63675250463399
68.0,72.62344378954128
68.0,33.71379378066359
71.0,78.14067948412043
71.0,51.62429641253459
71.0,79.29697567126613
71.0,31.336259809651494
72.0,78.3476580405075
72.0,72.50016389202972
62.0,61.9698566015274
62.0,87.44476795536565
63.0,68.24525175489413
63.0,62.052367154724436
71.0,75.82985074852417
71.0,68.39109093668452
70.0,74.70603139572268
70.0,45.65408183740351
54.0,58.15316241057616
54.0,89.01471366896288
64.0,69.998680089701
64.0,76.69542503306724
61.0,65.5252883673025
61.0,65.24531277439507
74.0,75.95603621058177
74.0,69.05150453490296
59.0,60.0311508218478
59.0,54.532003610565766
56.0,59.90526082054254
56.0,80.44948864399566
69.0,74.84895543506894
69.0,80.28513492962622
31.0,23.185293759325134
31.0,66.091900675815
72.0,79.24498720275932
72.0,30.606917626568986
31.0,23.185293759325134
31.0,58.375804761167956
47.0,56.84989260801569
47.0,68.3130701694522
78.0,84.75649523292839
78.0,54.42329515739635
80.0,89.56149082051917
80.0,70.42474826754005
58.0,60.18537287675804
58.0,12.068699712794569
63.0,66.14642210348285
63.0,65.68656866215787
42.0,34.74358440678259
42.0,82.7198584342882
71.0,73.81181020142054
71.0,37.05164819434816
58.0,57.68971231468379
58.0,69.0847974822318
39.0,32.90313547477524
39.0,53.61960331933369
61.0,61.145203258411925
61.0,68.51826405458291
68.0,74.94863583151505
68.0,34.56950457977621
27.0,18.969249646730248
27.0,87.32883613349435
56.0,61.66781281143017
56.0,78.9915321601394
69.0,73.48854805987185
69.0,68.19887247181288
63.0,63.391660670330964
63.0,49.20453975317582
30.0,17.574482889797196
30.0,53.95514852580965
81.0,87.73057331030867
81.0,58.835078576632725
61.0,67.8322288847317
61.0,40.5662383781156
67.0,67.0212664238087
67.0,65.81990740402824
21.0,15.899362057472388
21.0,33.356189318793156
66.0,70.16530661376788
66.0,82.31055069105889
55.0,53.739180003646595
55.0,78.29642501469255
71.0,74.76261896903424
71.0,-1.0955224587854104
76.0,80.11371246738821
76.0,52.100867272240464
30.0,23.930097632792013
30.0,40.99042763705734
73.0,80.36974446940809
73.0,48.24635761681151
63.0,68.85797545228576
63.0,63.36345498015976
79.0,87.23906700560264
79.0,54.659519226385896
69.0,78.99577522175804
69.0,50.96710252395002
58.0,61.47578460004644
58.0,30.382982077825943
46.0,48.097663341279485
46.0,19.292510372593256
51.0,54.508961167971336
51.0,48.73364053322615
64.0,66.2937689618899
64.0,61.78221560688229
65.0,69.92638655727364
65.0,80.26880202992044
72.0,81.77377153016369
72.0,75.7075043038958
33.0,25.57736937453467
33.0,83.14509768405912
77.0,85.27698140359831
77.0,75.27178998309921
76.0,81.78265498843302
76.0,29.088124542613855
61.0,65.6804328072115
61.0,55.58951732355456
69.0,76.01518575617092
69.0,70.03799402072269
74.0,78.70589313597304
74.0,54.984442707694484
55.0,60.98306284348479
55.0,75.53459471609568
49.0,51.627699916805
49.0,24.152536053383812
35.0,31.998883464992957
35.0,74.1398236183806
41.0,32.906742012045356
41.0,68.0211511861358
63.0,67.17192026218777
63.0,78.53114059998069
65.0,71.87062405988598
65.0,73.42488936199118
26.0,18.99470685867874
26.0,62.08708179178615
52.0,49.79586335593103
52.0,68.16403531690031
62.0,67.0936380798139
62.0,62.83585981957623
38.0,20.26768459336398
38.0,69.4755245091223
76.0,82.83568947946526
76.0,29.86539769434438
13.0,17.30127894167788
13.0,77.96382256671825
72.0,77.30014568128723
72.0,62.43100024432238
60.0,56.08367793790762
60.0,41.19449595933304
19.0,0.5229625377959906
19.0,66.43548772992744
24.0,28.81559571975572
24.0,41.83582701807893
31.0,31.082521198032055
31.0,42.89377992603727
34.0,28.76045720236067
34.0,60.72917097490091
60.0,63.91178253516006
60.0,78.27954093107837
58.0,64.07864695677262
58.0,79.46656868945365
36.0,29.49453971329723
36.0,63.10595991272527
20.0,15.728935227713464
20.0,70.74092703843792
64.0,62.85246985701741
64.0,65.6973203055021
55.0,53.14248729436565
55.0,71.31716638910876
35.0,25.32022677715827
35.0,79.88278207111449
74.0,78.17792641505974
74.0,66.38348872154512
22.0,10.513774260032733
22.0,55.4284690780965
60.0,67.60230111719716
60.0,69.82179058264978
65.0,70.88370287958975
65.0,88.2050168797241
76.0,83.17080449290563
76.0,30.622808289685167
42.0,38.2233367079196
42.0,80.56197675122672
68.0,73.09781654487495
68.0,93.2993899987938
67.0,72.21436425631106
67.0,85.79504033412348
71.0,77.66027244224927
71.0,89.1184384858027
71.0,76.85249425810315
71.0,69.12947843495084
69.0,71.83012242497466
69.0,46.89987238852336
67.0,69.38217956762793
67.0,76.08446257762864
65.0,68.70397258601838
65.0,17.09129649871511
48.0,48.17650939252894
48.0,73.57801977855786
25.0,21.032630927655532
25.0,42.68134021830514
71.0,76.35744789817278
71.0,76.69600016064857
32.0,22.8753958799972
32.0,71.97275955609263
79.0,87.28126589763514
79.0,24.08386952501752
51.0,52.419245973969794
51.0,70.95186223432592
71.0,76.6920377495104
71.0,51.507217187685455
24.0,26.884852507033486
24.0,89.932848819529
64.0,68.79878379250061
64.0,35.12034496056549
64.0,64.64081003541787
64.0,21.71171297082077
57.0,61.41807558734598
57.0,75.9241809868085
70.0,75.99459982678417
70.0,77.37957230636334
58.0,61.446315283015736
58.0,61.60373268420744
58.0,57.70121851811393
58.0,68.88405910348888
72.0,76.99144258177603
72.0,71.7114851886248
47.0,41.83649775354996
47.0,76.32198371081489
71.0,73.0407143643198
71.0,53.28344059021248
79.0,87.8812336892039
79.0,53.399913400404955
57.0,62.906207216912435
57.0,80.41267158808768
18.0,16.463703503576426
18.0,18.80046768459971
61.0,65.86713153113573
61.0,73.6646975423169
27.0,18.074502208230285
27.0,48.69643863770136
71.0,75.23330427503942
71.0,64.80504632395508
73.0,76.05405049872621
73.0,52.536883039974214
61.0,68.14939731269101
61.0,58.039591287914675
67.0,71.27443773151145
67.0,40.698335222779406
36.0,24.122779849244864
36.0,91.28586730269058
54.0,50.720602529320104
54.0,65.49862263665585
58.0,58.150668058653025
58.0,29.076554449947594
62.0,64.64569405979262
62.0,7.958882138326146
44.0,47.04519877892534
44.0,86.22679088489792
65.0,69.92444074745214
65.0,51.58158011765778
63.0,66.47231860329555
63.0,65.32477462534337
65.0,74.01147694857866
65.0,61.862482082613894
39.0,43.97687929654893
39.0,11.195611110903826
70.0,79.44114279809065
70.0,81.0601533936362
54.0,52.589225389915555
54.0,69.00980445619172
65.0,70.5271423915616
65.0,78.80974253244682
61.0,60.29210068615896
61.0,56.62287616580028
40.0,34.27001339073718
40.0,33.27310147940824
64.0,66.91988836524985
64.0,64.3906487673446
27.0,26.07692350377323
27.0,70.70478809126377
78.0,88.37965485285133
78.0,43.855627333404584
68.0,68.28858797122865
68.0,72.03669221533374
68.0,77.61598539826741
68.0,84.1253244335287
26.0,22.621772335115224
26.0,51.43607594883417
77.0,83.81439819606248
77.0,71.63660735738512
73.0,77.35840039269732
73.0,47.11848584134714
32.0,32.79160170202772
32.0,81.26823276989859
71.0,78.92997696271107
71.0,26.29009409706765
68.0,71.52334020430362
68.0,71.13803565109549
51.0,48.181597861671435
51.0,33.05207367580874
58.0,59.92739996032299
58.0,42.138192214085166
57.0,57.29847154449982
57.0,73.31946453057628
67.0,72.70667798691994
67.0,81.2251274403148
68.0,71.04673213761248
68.0,47.77522309134025
64.0,68.02210338898664
64.0,73.58592298045829
57.0,54.48534830028649
57.0,41.831062929107304
70.0,72.75600447193159
70.0,82.79953831718439
55.0,56.841505920136285
55.0,87.37058234155847
54.0,56.42248201118173
54.0,23.017907130838637
16.0,7.70177839969233
16.0,83.45460835387433
60.0,62.99047337141178
60.0,61.06074644932613
57.0,60.10200177855688
57.0,72.3587923509204
86.0,96.78217073316404
86.0,81.96065178212183
60.0,62.70995708783454
60.0,49.7796345263049
75.0,81.94977382678155
75.0,69.98832421667151
69.0,71.6680822084021
69.0,51.75214461585216
73.0,82.89041272915296
73.0,88.68737998775532
51.0,50.63707487498789
51.0,73.15576025342767
47.0,43.98343057686651
47.0,34.037574299442895
37.0,37.38133592561883
37.0,69.78507161880685
78.0,82.33143685998323
78.0,18.969249646730248
59.0,64.36250888526541
59.0,70.49484848074707
58.0,60.349142828091715
58.0,55.3716906561329
61.0,66.29504153173917
61.0,76.09987747216229
57.0,60.315356207874345
57.0,32.73608562681363
73.0,79.72793033247007
73.0,62.460575924469595
44.0,42.85545907035993
44.0,85.23587347094963
64.0,67.04971104102304
64.0,78.02859632655958
57.0,62.35230492825201
57.0,73.7065392676389
68.0,71.06747487580907
68.0,67.91178515533585
70.0,72.44216323611869
70.0,56.60635911159852
63.0,64.91308667439984
63.0,75.04838696361628
58.0,63.8470501072797
58.0,85.17640952372705
62.0,67.31250078309643
62.0,43.778334308935996
57.0,63.841769991991896
57.0,45.56592233802991
33.0,25.95494708056043
33.0,81.01078111181022
70.0,74.62768719387373
70.0,78.7044426821484
77.0,82.11494476054486
77.0,54.04434056250034
69.0,77.01490938004702
69.0,62.38049440950391
66.0,68.94110959376786
66.0,31.77688700235302
40.0,35.20862164556371
40.0,42.31376082990283
64.0,67.75935427664797
64.0,43.455110074822926
51.0,56.82803997199835
51.0,72.52431077450626
76.0,82.44320616539886
76.0,70.72485805047916
74.0,81.11336038269053
74.0,42.74457321180404
57.0,59.41294022778982
57.0,49.99289182461257
52.0,54.16719602243103
52.0,38.67748464625214
74.0,80.01086500939067
74.0,85.27490451880305
66.0,69.58520958274056
66.0,55.75742633559696
75.0,81.58364040025373
75.0,72.25046417597446
66.0,68.54975657104592
66.0,80.91573430749878
37.0,33.41409195344738
37.0,78.45537406718233
65.0,69.91033231108281
65.0,51.42645724093319
65.0,70.75137242922233
65.0,69.48305135341445
71.0,76.62874579989091
71.0,49.77761093486225
44.0,48.365971510476356
44.0,84.68413474770313
65.0,69.63029635878098
65.0,62.712806504708
75.0,80.19552879548041
75.0,41.02459036524408
64.0,62.08987902640024
64.0,85.87124994510316
66.0,70.53956540373952
66.0,33.06875630927965
61.0,69.304419948553
61.0,60.36958553959499
67.0,74.79817525949295
67.0,74.83659262696796
52.0,54.46609836382078
52.0,73.32813226956068
75.0,81.53774418669411
75.0,69.7103918532934
58.0,66.71178450777097
58.0,57.12086193439649
38.0,27.04407935014251
38.0,33.836276035335686
57.0,57.07890688144391
57.0,57.562267861222495
59.0,60.398192419348106
59.0,85.84344285702821
50.0,51.689012872082856
50.0,35.283649854379064
17.0,2.0486575875968924
17.0,77.25271279747301
69.0,70.51123801594372
69.0,48.13596314404458
36.0,30.556584041442136
36.0,78.1081004726127
44.0,45.9975351313289
44.0,30.701713263443423
81.0,86.18823254246342
81.0,73.81439503274811
60.0,60.966581339954246
60.0,66.32875794902708
45.0,50.440115642024296
45.0,22.860861356811313
67.0,71.57243409298576
67.0,65.291593412505
67.0,72.58558024357916
67.0,60.77567886022706
64.0,70.45052397226527
64.0,76.647630928919
59.0,60.10442244245502
59.0,65.71538239710605
67.0,75.3347016631235
67.0,49.80931569812469
43.0,43.48077875991055
43.0,85.77909584667452
79.0,86.82130126555688
79.0,33.438592273855136
80.0,87.22742401582815
80.0,26.749070203821248
28.0,21.17111382199829
28.0,89.34018131041358
60.0,68.2562565953541
60.0,71.4239536075832
68.0,74.41651534100328
68.0,33.548310269123704
34.0,35.057734802338985
34.0,77.24162128417794
62.0,65.10113673873252
62.0,76.75768411237084
62.0,64.7649734869891
62.0,71.48440233709272
79.0,86.1479425742707
79.0,69.85135093007847
52.0,55.18598933117852
52.0,56.1258564422734
65.0,66.84475973178041
65.0,79.95429501144633
73.0,78.44627793349241
73.0,63.328231358176595
75.0,82.34593817426378
75.0,67.59639898893278
72.0,77.72488324065586
72.0,26.016415034230363
48.0,48.16832678901295
48.0,24.60702716030005
52.0,51.876297122057565
52.0,68.67121860328092
75.0,79.38374016320995
75.0,20.817533148734242
72.0,78.56219293209608
72.0,59.202143689319826
56.0,58.43037452112685
56.0,23.02962420791704
64.0,65.62333145010064
64.0,75.98722224871761
76.0,84.54495156249578
76.0,52.34829965861559
64.0,69.85660843073958
64.0,52.10921698571832
70.0,74.83086369262452
70.0,74.3521368699191
41.0,34.56378042300179
41.0,76.78956695873404
32.0,41.160420182564394
32.0,79.66613477188321
26.0,15.87390010500826
26.0,61.228598357130636
63.0,67.07088597537603
63.0,34.477007738801774
13.0,8.120203288683456
13.0,64.94359579161346
66.0,69.42092310258357
66.0,56.68265753644425
28.0,30.08572432101181
28.0,57.97851412561204
46.0,48.500745186615745
46.0,79.32904242067548
63.0,64.91537673524465
63.0,73.34941782662378
68.0,69.77708189826859
68.0,81.11361308710804
68.0,73.89969970430047
68.0,70.02589932500683
68.0,71.33542850245624
68.0,64.51648243908818
38.0,39.706567568765706
38.0,74.7186243537401
65.0,70.07014418925718
65.0,51.66455819110723
64.0,68.51662432846956
64.0,60.18121633278082
55.0,55.36107144338018
55.0,70.24556565029957
42.0,37.116138463984726
42.0,69.34276754006748
58.0,57.331178285455564
58.0,73.03920061365739
82.0,88.49642127666971
82.0,73.9695450656352
58.0,62.76037083099072
58.0,37.06464862671362
57.0,58.64851776900474
57.0,46.38631773005039
70.0,79.24536700553836
70.0,36.403157631811325
70.0,78.66036974771669
70.0,75.76213045299949
46.0,51.34127667703001
46.0,72.37250224224846
71.0,73.98667718808525
71.0,52.364007786444574
64.0,65.46457764024382
64.0,74.02425312617294
13.0,1.1278370098185064
13.0,70.03723431062593
69.0,75.08654862762552
69.0,45.55247822721827
63.0,61.53782662008467
63.0,54.47737577680351
54.0,53.280719958149575
54.0,59.688155835255714
63.0,65.2433200768358
63.0,58.523475792232716
71.0,73.95837966360392
71.0,31.804854584596512
45.0,45.82742869673558
45.0,62.47431375141076
65.0,66.41428246431667
65.0,15.83906527412887
69.0,74.92128634870187
69.0,72.72569223324075
49.0,52.40558363149097
49.0,72.1028316511555
64.0,65.0671225494545
64.0,73.36345135834932
41.0,38.05791526080725
41.0,60.65403848334432
70.0,73.88310236958131
70.0,76.86306740100781
62.0,64.68371727896579
62.0,88.47618863787932
51.0,50.06108003848561
51.0,82.28641687990546
38.0,34.72768523089252
38.0,62.18575902513072
48.0,53.65086916644327
48.0,42.992429342886226
72.0,78.831549781023
72.0,72.39308648978152
69.0,72.39991116967724
69.0,53.07012264325641
71.0,76.40149263918926
71.0,64.3151447566998
69.0,74.32239748229694
69.0,46.44720991529732
19.0,13.180381219620585
19.0,81.2353675931846
77.0,82.62234475173472
77.0,49.328850165811275
56.0,55.2592888036167
56.0,26.29009409706765
72.0,75.18028312967994
72.0,44.54099581240877
66.0,73.49615358692739
66.0,66.02385439958164
57.0,56.442313490094364
57.0,77.2335439908257
68.0,74.52322370981642
68.0,77.80386412532306
62.0,64.69296032590614
62.0,66.3854701255288
81.0,86.46776963997291
81.0,65.1594420985
66.0,69.09012923556548
66.0,73.80382317133217
68.0,68.29531331516637
68.0,71.5324095984542
79.0,86.52205368322217
79.0,74.6541789332847
74.0,81.10334078961336
74.0,63.33904603229928
63.0,64.49121674865609
63.0,65.882678880416
58.0,65.67077324029395
58.0,84.4442379909728
59.0,59.585031202142716
59.0,76.59214852235817
60.0,62.17772935077329
60.0,42.35281203907357
60.0,64.85828766239666
60.0,85.81366258309691
35.0,32.77196657047716
35.0,36.48731259719773
63.0,66.14775902775108
63.0,67.55497063807371
73.0,78.92348558997713
73.0,59.636196776515646
62.0,65.51141320017268
62.0,29.159433495779695
63.0,69.14087219898744
63.0,43.86822506989637
54.0,58.60696858436154
54.0,73.52835291205645
37.0,34.04253254381064
37.0,75.04905437288528
50.0,49.454484187620096
50.0,66.31969757789835
62.0,67.40105553287191
62.0,89.73892977529351
40.0,43.43344921823768
40.0,79.21829793947205
14.0,23.145105288563855
14.0,77.18717548376623
53.0,52.81510800950758
53.0,68.04443634560232
59.0,64.38088896697661
59.0,67.54065912488136
64.0,68.87849145311685
64.0,50.022102223186835
66.0,70.24774321272315
66.0,80.20655102477002
40.0,38.08985905292292
40.0,65.78349903163979
69.0,74.90050180176155
69.0,-1.333191625057168
90.0,99.59998539476777
90.0,39.95790180044651
61.0,61.97466653736308
61.0,72.3459765175607
53.0,51.51621095382757
53.0,55.06333729067825
47.0,47.85855104621436
47.0,70.31459960362594
81.0,88.92041750978859
81.0,72.85839296198509
54.0,48.68339503035088
54.0,80.15061300055737
38.0,30.960439976633268
38.0,64.62105574110262
50.0,54.67880758482363
50.0,57.76055917105572
31.0,33.73456310726482
31.0,59.624683245405606
48.0,50.511588053549076
48.0,70.58251731058556
35.0,30.8447945727537
35.0,67.37662028276367
78.0,84.51128846298218
78.0,79.62739381564262
75.0,77.68168306170736
75.0,26.69338743146409
66.0,70.42453246567192
66.0,47.6566113252984
51.0,57.79846171264484
51.0,60.79514234935482
41.0,47.534369124849775
41.0,22.082263806831747
70.0,78.03737367625928
70.0,72.84459179590198
74.0,80.78768987252789
74.0,44.05205127540654
51.0,50.71364192262223
51.0,28.89627506575232
71.0,74.39509785102683
71.0,71.54362205521733
67.0,70.58361509088735
67.0,74.63197728630229
77.0,86.82742918121113
77.0,47.87279734981229
74.0,79.69545849425788
74.0,59.737599173619
58.0,61.66360822423269
58.0,45.547448762638396
59.0,56.99141013502742
59.0,69.5042774383881
70.0,76.55818753343794
70.0,39.29649449051573
75.0,81.78590378577672
75.0,31.452908645251284
56.0,54.97706546263669
56.0,66.91651550276941
67.0,72.00925225625508
67.0,81.56493359218052
76.0,81.51583585454267
76.0,72.39510505196915
81.0,87.88832408036552
81.0,47.89357229286338
64.0,67.37402494701644
64.0,80.74990780487803
77.0,84.234593803216
77.0,71.13284418177881
54.0,56.76245146714899
54.0,67.70477486584679
60.0,63.58269265653814
60.0,64.7385188937285
74.0,80.65137173690948
74.0,73.43642804345268
72.0,74.773240622743
72.0,87.75655192049578
40.0,30.172940576118435
40.0,76.04146289043081
42.0,34.50019376879703
42.0,43.80403515885371
44.0,42.70985152602401
44.0,31.820874553546844
53.0,54.45053978649622
53.0,81.34422093060448
68.0,76.1318895518425
68.0,64.6025685928916
72.0,77.20826314126964
72.0,62.293399950794424
68.0,69.95615733107644
68.0,80.4950695855689
50.0,53.40142022708892
50.0,76.78550695518942
68.0,71.44958907098783
68.0,80.18242996509332
77.0,83.21890336740626
77.0,61.76660162898213
72.0,76.40629288963288
72.0,48.63252171631456
77.0,84.60341868664648
77.0,32.007386280177116
65.0,67.1821685813627
65.0,68.39987147566882
46.0,38.760494317982136
46.0,29.225473077760057
50.0,49.95969949411443
50.0,5.166723978302002
32.0,34.61875282896801
32.0,41.554276661784286
51.0,53.34371209761724
51.0,63.012589136720635
61.0,66.01991080300041
61.0,57.17901180529634
46.0,48.209972766571184
46.0,50.56392587195609
83.0,89.14554873255071
83.0,68.42677402702986
48.0,50.995375172519005
48.0,69.34936518598653
54.0,51.38811677825316
54.0,78.20976434891696
60.0,63.87302014573629
60.0,47.87608176893758
71.0,75.47006113516602
71.0,50.95716785903136
69.0,73.46996700787656
69.0,43.48271058324218
72.0,80.49407021118532
72.0,48.43521393926238
32.0,25.501879880458716
32.0,65.55475223097432
59.0,60.28366799156311
59.0,40.41035893710182
69.0,76.2661802457277
69.0,48.20380659257546
36.0,34.09199600022225
36.0,76.46080910381414
69.0,76.2263288633809
69.0,50.720602529320104
51.0,53.20786765676894
51.0,51.708072398271554
54.0,57.3484720743221
54.0,42.09706924166187
54.0,57.357601668002474
54.0,75.19071357589877
44.0,36.27219727017467
44.0,67.49192033489209
25.0,21.63972526135558
25.0,45.758019881912446
45.0,44.63384771732569
45.0,24.78074957330267
52.0,49.182678941218796
52.0,75.54420244567376
75.0,81.64887193164287
75.0,29.29106088136558
33.0,30.247057145733947
33.0,30.288694530069108
73.0,79.85640602558874
73.0,70.36903496392051
70.0,76.58144393644534
70.0,49.823699796234735
68.0,71.99225923218597
68.0,24.995129667400477
33.0,34.2076108204854
33.0,54.97285574106297
27.0,26.63780820088226
27.0,3.447387923701285
78.0,83.9782637902693
78.0,73.52180462263516
64.0,62.59650181050114
64.0,34.02411742012987
40.0,37.000245940640696
40.0,68.57047566140051
32.0,30.81538646291608
32.0,70.80552261317916
73.0,78.97368085777157
73.0,72.66779776557917
57.0,57.23612695915068
57.0,77.35845291577112
84.0,91.51462133040832
84.0,29.419568910510293
53.0,57.20411223857542
53.0,72.27261435661296
32.0,27.106540053139668
32.0,46.280149144403254
71.0,77.70730715434934
71.0,70.14368027527348
30.0,26.726401374418344
30.0,76.5723147303201
53.0,60.513519698785785
53.0,74.34511845159227
69.0,74.89073055955168
69.0,38.739916526282286
80.0,88.40799483013706
80.0,82.6895173095129
71.0,75.92207786894892
71.0,34.580952554769965
41.0,37.772135643794456
41.0,77.20132224878984
65.0,69.2585023746725
65.0,74.72214359763052
60.0,61.74630995285429
60.0,53.1219618762521
63.0,63.84131456980464
63.0,24.42564118904113
76.0,83.03162146281329
76.0,75.08392230483764
57.0,61.184222915717385
57.0,47.04431979371657
68.0,69.25411857534891
68.0,71.99050631821132
44.0,48.98136252038478
44.0,63.28659591213403
49.0,48.564139413266844
49.0,27.966284138404774
89.0,99.29273940757616
89.0,59.33037143805609
66.0,68.15691627268956
66.0,72.31041354645146
46.0,38.137806902295154
46.0,61.87862415258712
57.0,58.99000452396325
57.0,79.3439679883877
43.0,45.40044010359918
43.0,58.376336243034245
58.0,59.78103881528352
58.0,50.53665485097207
42.0,39.4139165165293
42.0,-0.4375567967062466
28.0,25.78716671353186
28.0,70.71155822242366
28.0,23.68873718639179
28.0,77.02539838880568
57.0,61.560671851084294
57.0,55.91122726273886
67.0,70.98094469398973
67.0,68.5615474207309
52.0,53.471271319620314
52.0,53.83767790637694
56.0,59.41063158619647
56.0,66.2031451136719
55.0,54.40551828747175
55.0,70.79545366300994
68.0,73.1587374143059
68.0,61.478219212560305
58.0,62.31089367036992
58.0,82.28618742256339
64.0,67.76412547601899
64.0,75.50137107284894
47.0,37.92549119412217
47.0,61.96532289939864
59.0,62.08100074511822
59.0,82.14697043575217
25.0,21.032630927655532
25.0,63.76021095887046
74.0,80.3653300955142
74.0,72.1283557033218
41.0,37.18808442974807
41.0,85.88381218706485
77.0,84.32018919766523
77.0,85.10744160010262
69.0,74.40104727814003
69.0,61.36095555537139
75.0,80.89706968250988
75.0,87.12137440229213
56.0,54.92517455521306
56.0,43.83418350948517
52.0,52.22476492558326
52.0,43.24525978974691
28.0,14.871309836029354
28.0,36.39044236076239
48.0,44.08493704154267
48.0,77.9380755944876
63.0,66.87441899494547
63.0,65.97839232472484
71.0,77.27728475607518
71.0,77.79924134529563
73.0,76.208124127048
73.0,56.30513534128613
64.0,71.0906404829953
64.0,65.05727203611929
61.0,65.36701768112931
61.0,42.72397770446207
31.0,27.240250470886735
31.0,67.02676899789873
45.0,44.87951734881767
45.0,67.11201079095207
45.0,41.826251659057505
45.0,75.45374364968404
17.0,6.427434559936614
17.0,52.40909645148719
75.0,84.71595679388486
75.0,71.54779061544156
76.0,82.63652623715643
76.0,61.78084712731891
80.0,89.50369427895612
80.0,78.80499068164357
68.0,70.61040887170986
68.0,72.32772347380961
27.0,25.121513400843583
27.0,50.5429775703069
50.0,52.134514181506404
50.0,49.39667491412962
55.0,58.23021820894439
55.0,69.37133492160677
37.0,35.274738703527476
37.0,32.436878084096236
17.0,10.156709789094236
17.0,70.8178255111091
61.0,61.95743762233474
61.0,67.83872255763202
56.0,57.4545432606281
56.0,78.97903351733845
66.0,70.28533655265113
66.0,47.26157106237372
47.0,46.70226756029092
47.0,79.00645037306629
51.0,55.26843851565809
51.0,46.440968745838404
76.0,83.6144098596863
76.0,53.21172010916524
32.0,25.880786715515512
32.0,61.65771470906526
24.0,19.217802744670735
24.0,53.80966327542376
65.0,66.071372197838
65.0,62.00611180301536
72.0,79.12018765009941
72.0,80.24353852446927
56.0,56.88117165838264
56.0,93.16378092820872
71.0,79.02888861710449
71.0,65.28853162713477
19.0,-0.5424384589866804
19.0,33.58923355681486
62.0,68.36089603117682
62.0,62.563749622815806
34.0,21.860325230434057
34.0,61.86254251702957
66.0,73.7720070943152
66.0,52.21627776941625
62.0,64.06423551214402
62.0,91.20770858726542
57.0,62.1491859873077
57.0,81.55565626252849
72.0,76.41664017382686
72.0,40.92380550834082
29.0,36.04223121272821
29.0,64.85363850554978
44.0,46.92269309534902
44.0,53.144536238892044
43.0,40.93486923629803
43.0,96.7343210772085
64.0,69.9658237073383
64.0,59.63565759670411
74.0,77.96906569620018
74.0,89.98558264190274
75.0,84.21658609599677
75.0,43.24992022803724
73.0,77.88588687616539
73.0,47.33416838156853
77.0,82.76869504031708
77.0,85.7070191735944
55.0,58.16997310521617
55.0,82.16077079699437
56.0,59.36953164360011
56.0,72.66167551994698
72.0,78.41739969096699
72.0,76.73799695588917
66.0,73.11653256961336
66.0,52.8128667547399
73.0,79.08775061907016
73.0,70.65852301932392
62.0,66.48774335908689
62.0,3.9691313627311615
70.0,76.44543658088372
70.0,90.10638518647875
46.0,43.77642686543862
46.0,70.43911181801406
67.0,73.19750461688704
67.0,33.39079374909625
30.0,26.93166787536586
30.0,61.5894210691319
60.0,60.93035517138543
60.0,70.00937467857545
54.0,52.181006280540885
54.0,86.02406641171774
76.0,82.06620678590963
76.0,75.9590447072975
60.0,67.82619049594865
60.0,72.94762520034521
35.0,31.08546454271101
35.0,61.65489837948729
63.0,62.41074261445084
63.0,69.8487575757639
70.0,77.76235638669397
70.0,82.00755747796569
55.0,52.76790612716371
55.0,77.65245745779765
51.0,47.73561851391838
51.0,28.506812221675773
35.0,25.864589569193583
35.0,23.48323528850233
50.0,55.6820985492169
50.0,69.07238174811602
80.0,87.75007110950702
80.0,31.066175668079893
68.0,71.75894647826311
68.0,73.1337305718024
53.0,55.75248622216856
53.0,82.55406483251869
79.0,85.90553241554773
79.0,70.76708188689543
77.0,83.66071526523751
77.0,50.76668262803349
45.0,49.41507059431564
45.0,64.36891768180794
27.0,25.114336926468013
27.0,39.725537358639656
68.0,70.40265721929336
68.0,41.62566281885137
74.0,79.38594994944191
74.0,56.97711541113449
71.0,76.9559196222952
71.0,35.1709579102353
47.0,43.661864233065955
47.0,71.69387695991799
48.0,50.27144323688873
48.0,69.27188959017496
46.0,51.23549688724984
46.0,78.7123499947565
69.0,74.11476581544025
69.0,80.39462741210838
54.0,51.571357384660814
54.0,18.486415699275256
62.0,64.72228404115208
62.0,74.36109629567835
71.0,74.8417522796293
71.0,63.55786034929116
46.0,49.479606122473
46.0,86.91300928754004
27.0,30.671064687470107
27.0,80.35223089972936
66.0,68.51830306185997
66.0,66.16434976766482
69.0,71.60884713089678
69.0,71.2155227458486
69.0,75.4586418620994
69.0,59.98250553536167
42.0,38.725729327410875
42.0,40.46089794705853
64.0,68.87550512894535
64.0,80.04329148418924
69.0,73.25492559576685
69.0,77.98978059822804
49.0,51.49567818216849
49.0,72.12563632152973
71.0,79.03581247870062
71.0,71.40919333952093
43.0,43.722325835149206
43.0,38.140866445394124
81.0,87.52653044047958
81.0,27.113521507000883
79.0,88.09024876025825
79.0,65.99369350589427
72.0,77.95036669988633
72.0,57.58193949177746
57.0,63.522713217925286
57.0,28.671585775347978
36.0,39.75617175298055
36.0,78.39702202550234
52.0,57.46494214346495
52.0,47.89806448063183
46.0,43.77342511439508
46.0,67.81259910906203
43.0,48.627220095893506
43.0,71.67286736934051
56.0,58.27016797415973
56.0,82.5578784684431
80.0,85.84576288853981
80.0,66.35473079483967
43.0,42.85691244046944
43.0,82.63370641705916
72.0,74.29514289818854
72.0,48.089470873491905
73.0,78.78526076688053
73.0,64.95468427163308
64.0,69.75579296690245
64.0,78.30027051695873
23.0,14.448001223818494
23.0,70.23173238068489
73.0,79.17117106039063
73.0,75.52548418924636
75.0,80.59066951498318
75.0,42.41412571518396
71.0,80.2098080511613
71.0,69.9336708848237
77.0,85.49789669786549
77.0,62.37378456373267
50.0,46.104114527728825
50.0,38.68937698868268
53.0,57.0421726097826
53.0,60.74429093069352
59.0,60.0254545920655
59.0,76.54001472039454
75.0,78.27850197942678
75.0,83.83072303487205
73.0,78.60182887677354
73.0,72.88384479488138
64.0,67.3543266027662
64.0,46.3763852695364
32.0,25.765802208058005
32.0,62.14573851508965
42.0,44.762924220458785
42.0,17.633440679539262
64.0,64.0531865197737
64.0,52.81508804839393
50.0,49.074152386452
50.0,71.17370847254932
75.0,80.18971674277145
75.0,81.33594239357797
10.0,14.214863255255807
10.0,35.94454444152893
24.0,22.377921561226458
24.0,34.401628718750146
51.0,57.22717709867891
51.0,70.30325838369663
70.0,74.13852005830893
70.0,76.18000741274682
61.0,65.33756273064023
61.0,74.72933987706699
52.0,51.94835828822602
52.0,58.335605628188375
55.0,53.06448382176836
55.0,66.64195356881231
69.0,72.1148690637504
69.0,82.2600001054351
63.0,67.01593526055734
63.0,65.10362573480955
56.0,58.570331061150114
56.0,79.6926327123441
62.0,64.30534739267324
62.0,82.93346469306493
65.0,67.79560599959427
65.0,81.34115013222731
56.0,54.097903449127784
56.0,77.44765128788555
59.0,62.33483018785546
59.0,75.36885158791142
57.0,59.57078755537191
57.0,15.941311944932409
66.0,68.65014771208035
66.0,65.76776844681251
63.0,66.86562495392417
63.0,60.55295070753942
77.0,81.72659592837005
77.0,72.66316661553333
77.0,86.23542030264241
77.0,70.80281032971209
76.0,81.60071023029093
76.0,71.55235351916997
70.0,74.09409276501947
70.0,79.39300772642088
56.0,56.14279240083795
56.0,70.16859176484235
65.0,67.20196944690173
65.0,73.09620709548852
70.0,77.55112071359224
70.0,75.55283711972669
61.0,63.934532422844654
61.0,66.98327538764141
37.0,23.49101523806479
37.0,31.461347274477532
67.0,75.87206511250736
67.0,63.577636501775544
72.0,76.61022166819032
72.0,67.41263583623231
57.0,61.92941327748957
57.0,68.80968967361974
75.0,79.44183535733538
75.0,42.397566937975455
70.0,74.29125741969415
70.0,40.579971349484026
42.0,36.0521616015443
42.0,63.96746227375718
69.0,72.92798159537563
69.0,54.87302166088449
26.0,21.846348933719582
26.0,89.83666208009691
42.0,42.323671097758506
42.0,33.0955177758284
43.0,35.481191375631056
43.0,48.54156244828948
74.0,78.13084456986616
74.0,80.38627694378204
71.0,75.70419396373802
71.0,68.80946025939727
80.0,88.47965325129547
80.0,71.47044419701592
59.0,65.07249896472518
59.0,71.29275637786299
73.0,76.60845131963993
73.0,49.64964268953116
48.0,54.58292363204208
48.0,70.63387405692129
66.0,66.53676796614485
66.0,92.64099050621672
23.0,19.74324882095067
23.0,50.19617801049361
68.0,75.17978046633357
68.0,69.18882063604343
64.0,69.42854143304811
64.0,44.58853852189651
82.0,88.01434175249705
82.0,63.03495714287635
33.0,33.42243700547084
33.0,93.51565737825473
56.0,52.09870392217516
56.0,62.20120563169621
60.0,62.08121081297719
60.0,54.41801985892988
52.0,56.329658516202755
52.0,72.47369632992695
60.0,57.44586326881796
60.0,72.64560683576155
54.0,58.78603111201744
54.0,72.72923192302602
82.0,89.76843573828597
82.0,65.39176392256223
59.0,61.910058258498225
59.0,74.463642715209
70.0,74.27863719620245
70.0,65.9743094049636
67.0,70.42312983085162
67.0,54.775886181223996
20.0,7.0065440337231735
20.0,67.81524971522646
67.0,70.64833065632092
67.0,59.890546919085125
50.0,53.400518542944496
50.0,84.53470062398122
63.0,66.15800523619873
63.0,56.602516451680174
63.0,65.56580270502371
63.0,37.19091670440059
71.0,75.87002561766968
71.0,86.45385323984874
33.0,30.458261716398454
33.0,75.60941799362456
72.0,77.49042973139922
72.0,17.6566824493093
60.0,63.678497325194144
60.0,28.346820179839142
67.0,70.86585361045434
67.0,93.68884330279786
62.0,66.27428583794068
62.0,69.9120521692576
28.0,23.78950262568668
28.0,50.42432439603914
25.0,16.436343593023594
25.0,68.27379672621277
51.0,53.848425558076826
51.0,37.283175147517056
31.0,30.204069493880297
31.0,64.23862894486632
65.0,70.2442730349182
65.0,71.06944817694762
64.0,73.11578953474782
64.0,80.70933330677627
67.0,69.81975615640033
67.0,74.47316443476717
77.0,81.58059404928167
77.0,50.688426438668614
67.0,70.61223979372471
67.0,54.43034569444683
76.0,84.3888394095693
76.0,64.1298115504149
69.0,77.45094412678355
69.0,75.43494768079279
58.0,60.49719562323452
58.0,66.64927842415142
64.0,70.23229825133228
64.0,91.52372698218483
27.0,28.53705085793723
27.0,80.794028882242
62.0,62.543250281646806
62.0,75.95285692802491
43.0,39.85290926832147
43.0,20.124429685965083
55.0,57.200360128840316
55.0,64.0857068701892
80.0,87.40810245364412
80.0,77.25694060908688
28.0,30.034788409084513
28.0,40.42679575554456
69.0,76.38511428850597
69.0,44.47143711934706
68.0,74.64945282460894
68.0,46.50282038791829
70.0,73.89963447108818
70.0,74.854143252109
75.0,82.78050723095225
75.0,61.03157500527533
60.0,62.12343342877972
60.0,78.83114632939964
69.0,73.79820858491831
69.0,77.39917152963608
47.0,51.143570171353986
47.0,39.72956406263336
33.0,23.917770515356324
33.0,80.4802489447913
51.0,51.63089081199598
51.0,51.49968225372868
71.0,78.51951455549204
71.0,58.338553997596705
77.0,84.26503025837292
77.0,-0.24967446125145898
81.0,89.82956048712947
81.0,12.383863293489242
57.0,59.547638306400245
57.0,77.81551784547139
46.0,49.314821708563215
46.0,60.372484909717
66.0,70.18637589393899
66.0,67.31067928681551
50.0,48.38121185116421
50.0,47.85013362734844
49.0,46.78230183721456
49.0,80.78050396481268
67.0,71.94335993343452
67.0,10.100968011960845
44.0,41.5994963497393
44.0,58.44275950899254
66.0,70.5320317190019
66.0,44.55727040961648
72.0,75.80563130835606
72.0,67.62303618828179
72.0,75.4389585715636
72.0,65.74579586149713
62.0,65.43057411382244
62.0,89.60570050444011
82.0,88.95144432673959
82.0,74.97245766679202
73.0,79.22140491863348
73.0,70.95747548171602
72.0,77.87472298007987
72.0,69.68523744747483
74.0,80.46783130790254
74.0,61.07992881774828
57.0,59.798405856165004
57.0,47.867434218527194
78.0,82.52207057606131
78.0,63.04322422227557
66.0,71.88225280949405
66.0,71.89126343895231
36.0,38.41127920041305
36.0,86.85474691909889
24.0,23.451712749840226
24.0,65.44326595090371
71.0,76.75967351470013
71.0,47.64038568021056
70.0,74.46331845556415
70.0,81.59775266738654
44.0,43.738290621136684
44.0,76.12053606647822
32.0,35.884212415577565
32.0,79.61156122859751
68.0,75.5333249901276
68.0,63.160068279834945
71.0,74.20565365241214
71.0,74.12328582523548
44.0,46.55756549156183
44.0,85.55283831912675
42.0,37.52170248107433
42.0,41.25356033454733
65.0,68.41001119875995
65.0,65.42859071864308
47.0,48.10962246649268
47.0,80.69350620624124
46.0,44.43478639862752
46.0,61.49884406719008
69.0,72.29148622502379
69.0,48.68187507384977
74.0,78.88830207079786
74.0,73.05675439875557
65.0,67.47327896908905
65.0,86.75956341415696
58.0,56.86583024975789
58.0,79.52836966724698
25.0,17.417258262481198
25.0,54.647735098206624
30.0,17.703880548617974
30.0,35.37749628101807
41.0,41.60078183695947
41.0,60.46954526372423
74.0,79.83107479219399
74.0,79.53887407604572
61.0,66.0928963163293
61.0,82.35573462740211
69.0,76.05896236382688
69.0,54.28299250794356
26.0,23.40551736779196
26.0,66.71276870933156
74.0,78.9269430159647
74.0,33.42444720160023
28.0,27.487872738378258
28.0,69.13691332328119
39.0,36.417453557407555
39.0,63.28831979778175
71.0,76.26820703759711
71.0,74.68457027695507
67.0,68.39681573050296
67.0,74.64433677379367
47.0,53.104721411819526
47.0,81.94096469909164
36.0,32.956223561265745
36.0,65.53647175659188
55.0,55.03918800269406
55.0,82.35989673642882
65.0,65.06249566835902
65.0,69.04374976949441
70.0,72.25028716165042
70.0,69.9220681728658
56.0,60.01571767017356
56.0,32.71671438463005
55.0,54.55130800519379
55.0,30.382982077825943
61.0,62.93507651626783
61.0,84.98249618088443
75.0,81.66048270877002
75.0,40.69507379609348
78.0,84.50456001451317
78.0,49.40289328284695
29.0,16.473294653258222
29.0,66.16085848492878
24.0,15.426919703544797
24.0,76.75257028000732
58.0,60.49719562323452
58.0,76.01425535435231
67.0,74.80849966486142
67.0,35.057734802338985
66.0,66.79729541105172
66.0,63.66322392554821
48.0,47.6892552432501
48.0,67.04383775731566
76.0,81.8539475869984
76.0,72.62535602176001
69.0,76.27191703971971
69.0,28.850134930076308
47.0,48.125669251982
47.0,75.66004008845096
71.0,76.85310604962046
71.0,81.04370252925048
31.0,32.20317103768673
31.0,75.78011325973716
56.0,61.38689824640352
56.0,74.03778318136358
43.0,39.590852684548
43.0,68.80923660003054
40.0,32.21299159926207
40.0,74.5194719796886
57.0,53.0446559364828
57.0,47.64739716546205
60.0,60.181267029867286
60.0,43.32695227742312
46.0,47.803162244151
46.0,58.974707300556304
53.0,51.39518501903444
53.0,69.96779552891729
73.0,78.73430143936565
73.0,70.03119082931761
57.0,65.91300129210185
57.0,14.600643768800467
60.0,62.29125251567558
60.0,77.77193184827098
55.0,51.61202131464222
55.0,68.59888304296413
74.0,82.8763883346914
74.0,82.4253010227983
65.0,69.18414146988613
65.0,76.84083918982486
69.0,73.91319031621612
69.0,82.77624662808682
76.0,81.86041452801084
76.0,69.69469371217127
37.0,31.04219332610063
37.0,-0.5424384589866804
63.0,67.65669770461113
63.0,39.718186479885674
76.0,83.76760632393456
76.0,43.096426459026134
60.0,64.16542534578963
60.0,67.4296376996096
66.0,67.14663453136342
66.0,50.847074694949015
67.0,68.85975988224135
67.0,80.28959688284687
27.0,23.7965602525976
27.0,60.94657890271611
14.0,16.94514706141274
14.0,66.49997751533266
70.0,78.11200058979716
70.0,22.45868399369448
68.0,71.92157474010622
68.0,62.82105597625156
39.0,37.86085609403477
39.0,65.35353911541574
73.0,80.21692515691416
73.0,76.44402175721791
73.0,78.82256907691777
73.0,33.341017617137595
70.0,77.66585866180088
70.0,34.18724016926478
70.0,75.10755991832099
70.0,53.82206246502011
59.0,60.48937676743134
59.0,46.03818370428411
68.0,72.76439903779675
68.0,38.367114470992135
71.0,74.87488292071464
71.0,77.37083910519618
75.0,84.83663118124264
75.0,74.7108376306569
64.0,68.46479855132964
64.0,48.51204039844754
34.0,30.750157060145682
34.0,61.69933341294637
74.0,80.06977192523715
74.0,72.18558533657256
38.0,43.14816440799336
38.0,79.20687229298193
62.0,63.158426725326024
62.0,82.72621312712454
77.0,84.13170013749112
77.0,58.57587396089224
22.0,29.63209454690491
22.0,29.786093835354848
72.0,78.47060720343922
72.0,69.9882566702737
44.0,38.89905490368392
44.0,52.59274922268207
20.0,23.05649197203394
20.0,87.14949152532233
27.0,31.70074691681839
27.0,40.502160456635295
52.0,51.27356044411573
52.0,63.73268121593185
44.0,47.46591942528744
44.0,57.90977999759997
37.0,33.356189318793156
37.0,62.00101749816639
57.0,60.432496209743135
57.0,46.86281567543483
73.0,75.64716986831826
73.0,66.08661050739056
53.0,60.68811444444617
53.0,75.6166347173305
40.0,43.384966674804616
40.0,77.68458635757162
73.0,78.11182673190501
73.0,48.17975131398936
73.0,78.9384021631576
73.0,65.56872338695467
69.0,73.41805997159668
69.0,78.50516094562306
72.0,75.56335038649456
72.0,72.67205932278125
66.0,68.7046469101549
66.0,68.687944488048
79.0,83.53652351533543
79.0,43.72129088778155
74.0,81.20078140250803
74.0,75.25561771145755
68.0,70.81123468858681
68.0,83.80226254357069
55.0,54.83885269647942
55.0,86.2860715268518
72.0,78.75316299069243
72.0,63.26331885239705
71.0,74.16194123554305
71.0,77.7060983682145
39.0,41.4064240006187
39.0,73.72747602052908
63.0,69.12880134782512
63.0,57.78165112657206
57.0,63.2075862132819
57.0,59.28128327527088
59.0,58.340063190140825
59.0,60.46292756075388
61.0,61.19527061328398
61.0,74.86098434946803
69.0,74.19655121590819
69.0,32.467470639204635
71.0,79.19845121492637
71.0,52.15548782588968
42.0,42.89796700904094
42.0,76.55414897820583
50.0,51.271245194666506
50.0,54.9896975741313
77.0,83.78795290822069
77.0,51.01274203070358
66.0,71.45107626394002
66.0,31.461347274477532
64.0,67.76863966292524
64.0,64.20876890088101
74.0,79.55785874666998
74.0,89.22271173494994
76.0,81.4098524372875
76.0,68.98395586628538
57.0,58.34293292244786
57.0,76.65411590145209
60.0,61.3765755250559
60.0,75.3750273214809
45.0,45.42722536166406
45.0,48.12042363979555
69.0,70.95426911845323
69.0,69.52732375786832
58.0,61.85046415837235
58.0,51.314754068396496
78.0,84.81925145121983
78.0,74.72015217290624
65.0,66.75280625966508
65.0,80.94733689278587
70.0,75.63510374374926
70.0,77.78142148166631
44.0,49.67979541497709
44.0,40.97112713789579
71.0,75.80989209125806
71.0,57.330946393659474
70.0,78.35038166625736
70.0,57.706087458525076
61.0,62.743527222600164
61.0,42.531572331165194
65.0,69.41457953543517
65.0,44.634301457219635
72.0,76.94847407593
72.0,47.89363560507417
63.0,70.52234379533576
63.0,89.01651229259699
33.0,32.85968277275083
33.0,38.659250751986065
67.0,75.95312594196565
67.0,50.18661340544878
50.0,56.29451102263852
50.0,55.62482315978616
83.0,91.83148240440465
83.0,35.36444557708103
45.0,35.397375283798226
45.0,58.360107638816146
62.0,67.89097224726805
62.0,78.77420662712541
56.0,58.743105515568345
56.0,15.626663937959279
62.0,65.36933299876972
62.0,44.75743148335084
77.0,84.63398816744876
77.0,79.73893635893296
65.0,68.90039989496228
65.0,76.12083819309265
72.0,79.26547954555059
72.0,77.54855487553488
76.0,85.40534587400788
76.0,45.65930300448912
47.0,47.39367825297762
47.0,49.22488436815081
69.0,75.14161160387295
69.0,77.23846640113305
66.0,73.19063551979826
66.0,47.31469903599452
70.0,74.59961707989868
70.0,71.30582772677798
82.0,88.82054480470043
82.0,81.08616747290614
62.0,60.086346674367576
62.0,32.12866741994304
82.0,90.51106831049304
82.0,3.9691313627311615
34.0,27.07133418854312
34.0,80.85097845353562
57.0,57.65221436569715
57.0,62.69380609842062
58.0,58.847323180822514
58.0,24.716149491671786
57.0,55.81490502537139
57.0,79.40583305706332
58.0,61.90906158923764
58.0,73.07298005592929
50.0,54.16256141612581
50.0,67.47722895117994
67.0,70.92400477699789
67.0,83.43558616878505
76.0,81.74867404623092
76.0,62.60733989276139
69.0,74.3105877518048
69.0,50.538275656913015
68.0,74.87514331493537
68.0,78.60708766062885
75.0,80.19924577426661
75.0,78.11566323555576
71.0,75.41256961826599
71.0,29.39050732152873
68.0,73.48423420606366
68.0,37.07713012816106
67.0,70.38650636134645
67.0,71.12142995560993
86.0,95.58039846185125
86.0,30.94304473309859
47.0,45.541490424259564
47.0,60.52899265873373
81.0,86.82115364787688
81.0,78.12217331644985
85.0,91.82533344269268
85.0,86.21762489317285
63.0,66.46868764104698
63.0,42.01126980392576
54.0,54.0251993263451
54.0,51.20939356058585
56.0,59.567055231273116
56.0,44.67667878570751
80.0,86.0099041929654
80.0,77.3477841973289
77.0,84.74480549098746
77.0,74.07470386035436
12.0,15.373415185736462
12.0,69.81460102162993
65.0,72.43009763000782
65.0,26.363441760355897
65.0,70.56494194895123
65.0,70.7782156972728
54.0,53.98316000844528
54.0,72.51333805068072
69.0,73.08178990205914
69.0,44.54002513590558
68.0,71.80236393788681
68.0,38.447737532798214
71.0,78.00056554005573
71.0,68.82636973340846
71.0,72.82344085450273
71.0,71.10651568326489
41.0,36.57587441699417
41.0,73.44415394343264
51.0,48.87021882150543
51.0,63.67349343014365
17.0,9.844842484418848
17.0,-5.614625847360969
22.0,7.121929172418561
22.0,73.67727726503506
75.0,81.30113706588747
75.0,83.88186786043934
63.0,64.2448620143951
63.0,64.91723529563694
70.0,73.66431855973576
70.0,81.58363972531106
72.0,78.43224342855831
72.0,71.93005639953702
57.0,60.64213915936
57.0,59.0493261418888
67.0,70.75407866392317
67.0,85.35718746046564
74.0,80.77717230326277
74.0,8.8966386109621
65.0,68.9106882874695
65.0,58.63650051690644
62.0,68.72045331131375
62.0,51.024931303474546
68.0,71.85142797046689
68.0,55.50653295870421
58.0,65.23702370383336
58.0,59.223700985474295
49.0,47.78413372770666
49.0,54.19853968434887
63.0,70.17302291550027
63.0,15.554935762240916
54.0,59.582068395228646
54.0,68.7407417468981
78.0,84.77792075293638
78.0,48.67182307455761
70.0,79.00997010110063
70.0,66.69460854849422
59.0,62.40426170443726
59.0,52.90251722829322
31.0,24.01423160403573
31.0,82.05823664493408
52.0,49.21137761246524
52.0,43.59307683296538
45.0,44.63384771732569
45.0,15.087251317384244
75.0,81.18719926533635
75.0,76.35778359116279
51.0,51.009758939949506
51.0,8.596344584250176
72.0,75.99465466021422
72.0,69.24600972371735
22.0,23.10896198785025
22.0,69.17446715980822
52.0,49.361075727805485
52.0,80.8340725614986
34.0,30.45243385761131
34.0,76.52126715160392
50.0,47.53386284931514
50.0,70.2624846369568
68.0,72.28008679221267
68.0,72.56494614138455
49.0,48.174441003657705
49.0,49.062495233307686
61.0,63.968112723450474
61.0,77.73893463673534
40.0,31.891118819300402
40.0,82.78692990702382
53.0,55.52957872799931
53.0,51.35009659235163
45.0,45.4781183531685
45.0,29.374622122694234
19.0,15.159383622296389
19.0,58.856698228384744
65.0,66.09084965496442
65.0,46.73260488430634
68.0,73.68931001666198
68.0,66.1573728627813
50.0,48.71794064268619
50.0,52.43140681242272
66.0,69.32682876850788
66.0,83.34183807496703
59.0,60.183214581122854
59.0,82.64283209551087
22.0,25.231570367920085
22.0,67.49601556064323
32.0,36.590646189092524
32.0,50.62146582669351
64.0,68.2492496814113
64.0,38.12585072623335
66.0,68.9530353105809
66.0,73.32571949516307
73.0,78.03807267860293
73.0,63.67859727556919
38.0,41.85718190465991
38.0,81.8968382638169
56.0,58.76801752025432
56.0,30.472581269718376
62.0,64.03785044131013
62.0,61.15067409390059
60.0,66.19923581531634
60.0,33.52148817532736
63.0,70.70115326510978
63.0,74.87959216958473
77.0,82.51759268198578
77.0,76.73888469194111
52.0,53.48894395096306
52.0,74.84433807326099
69.0,71.71509349704553
69.0,81.26701778599073
56.0,55.900785609037825
56.0,63.39738017825675
57.0,61.57888561596462
57.0,75.32186623567725
62.0,67.16268356926088
62.0,75.52347361370249
20.0,20.648282877139252
20.0,44.70797580445077
67.0,71.65842984233751
67.0,67.35094603750997
73.0,77.33921929409803
73.0,37.61625993425838
44.0,47.071517696288936
44.0,53.42521364920299
75.0,77.48292435249999
75.0,77.84386539494056
69.0,73.82284947128556
69.0,43.41995258359793
67.0,71.82089858716665
67.0,53.73080246589501
21.0,22.8109257212526
21.0,76.9038478411398
74.0,78.00443614609003
74.0,75.88099035594894
81.0,87.83149548905857
81.0,86.16099251043784
33.0,31.233354532465626
33.0,78.9076562991059
47.0,52.019381888717646
47.0,51.84202564949413
56.0,58.29275408341891
56.0,53.76096389466937
29.0,23.000006904818747
29.0,69.55385118442183
65.0,67.89693742517244
65.0,76.07557965394005
49.0,48.639578229715994
49.0,31.794393282707347
70.0,78.3369367668106
70.0,89.32314384627671
79.0,86.66891831440006
79.0,84.26372513360104
73.0,76.00846982041173
73.0,44.370776325561735
30.0,26.63839434418776
30.0,67.49924845080483
81.0,88.05843786244105
81.0,85.64404448627846
67.0,72.46230418029018
67.0,37.088082844016185
74.0,81.87907857044598
74.0,64.8484217465097
52.0,55.39357762596234
52.0,77.81340654469591
58.0,62.318170535782485
58.0,62.441281697554246
66.0,73.27715270033349
66.0,65.95971948914297
33.0,28.324131295791233
33.0,73.58757609357991
70.0,76.80466264495402
70.0,66.00152343598614
65.0,60.52025147737834
65.0,77.27162326036017
50.0,45.68091176883041
50.0,92.95701042915317
54.0,52.947409893652605
54.0,39.78366248554016
61.0,64.86102101980634
61.0,73.73590106462967
32.0,31.69630648382605
32.0,82.2067324186059
61.0,61.61141367720859
61.0,69.14610225523217
60.0,62.43209722874258
60.0,64.58371987108228
52.0,57.5745059254495
52.0,69.93850967908458
71.0,79.34670912557124
71.0,59.79086714510407
58.0,57.71442317664827
58.0,44.46327614300213
30.0,28.900559884388713
30.0,24.86555485533728
46.0,41.00311505912413
46.0,73.8340851472222
59.0,64.86871209177633
59.0,43.11103510600401
34.0,30.71892526299905
34.0,65.76660152536243
40.0,37.50122703607394
40.0,78.9662759533478
67.0,72.6293109515313
67.0,41.84232219297809
42.0,34.92926873428473
42.0,75.57482792895638
66.0,74.05527500661748
66.0,63.532392617119
62.0,65.46432268160225
62.0,65.01229163083383
74.0,79.91260310959717
74.0,76.07819143005656
69.0,73.04598626793705
69.0,68.9188526300349
53.0,56.71674383137821
53.0,40.39742353632869
65.0,66.37910281723998
65.0,21.42130002319942
76.0,81.37871149157218
76.0,61.41164186796158
17.0,13.417467123830193
17.0,40.69507379609348
61.0,63.932668894765015
61.0,86.66467897270019
61.0,65.71791767752251
61.0,42.334072204478844
65.0,70.13853072693905
65.0,66.34471466705935
38.0,33.0144307219997
38.0,65.92103279333736
64.0,66.94917750793473
64.0,14.876850347132972
70.0,74.39137118534364
70.0,22.62520993897482
41.0,43.134535492114594
41.0,74.16471652425525
46.0,48.64773197148986
46.0,75.65121637796238
37.0,32.43909646107187
37.0,58.096616936104624
78.0,85.03904349514772
78.0,67.7852790541495
73.0,80.78739093447143
73.0,85.38151924215884
65.0,69.91314053538036
65.0,87.80317017322841
80.0,88.57795354181167
80.0,82.40134420593631
65.0,70.68105859875459
65.0,71.55684310904184
62.0,67.23719494233262
62.0,82.38819681247384
60.0,66.42867399493326
60.0,62.720003228317296
58.0,60.59851042452226
58.0,81.8833565856417
72.0,76.93473956694339
72.0,73.36322798684228
62.0,67.76453803088327
62.0,71.15290711277214
52.0,53.99694127878337
52.0,69.98698701940071
63.0,65.05151690879876
63.0,61.62910390758077
68.0,74.20150398382276
68.0,66.20401117343471
48.0,42.17580346644513
48.0,49.9879292787881
67.0,73.13911678156035
67.0,74.94834069888782
56.0,56.62666138165429
56.0,69.23790399095589
76.0,82.7667057790947
76.0,76.1530360065795
60.0,58.11337982197921
60.0,67.81173221194001
55.0,57.34767713411486
55.0,16.522534112074766
59.0,59.03678455369021
59.0,64.82704177856908
80.0,87.23492646450995
80.0,67.40923398301697
67.0,71.99620130176925
67.0,10.083618595598296
41.0,46.92416933047099
41.0,37.318570296183225
63.0,65.6813541607574
63.0,57.15374202044825
51.0,56.2332123629036
51.0,67.35329574713899
71.0,78.40285286067933
71.0,69.14354723058358
71.0,77.2611072315155
71.0,42.55602209552319
68.0,73.28026198557666
68.0,87.49629014148496
59.0,59.69068444281669
59.0,63.470799189572915
74.0,78.94193297543433
74.0,82.86066917994958
72.0,77.19708155464127
72.0,48.60190334677259
54.0,49.739951600841664
54.0,80.70954381676131
61.0,65.79207264826778
61.0,52.1211560103398
46.0,41.31906551736722
46.0,36.65780574776801
73.0,75.56940791083508
73.0,76.96376129346868
77.0,82.23048789811213
77.0,63.17202287397191
70.0,74.8665139849503
70.0,71.33786389479707
17.0,15.176669601041397
17.0,58.25820933247701
27.0,24.454211508759272
27.0,23.32693075915114
69.0,74.11920074543121
69.0,79.8796118524645
69.0,75.99010082274486
69.0,69.25450002397167
80.0,87.21064121411928
80.0,68.40677663012525
76.0,81.61136148956672
76.0,86.81871563223581
35.0,30.779568032969678
35.0,52.56377896105215
53.0,58.00114762986766
53.0,75.37334453299127
10.0,13.037002450525108
10.0,74.77084451146874
58.0,62.723541822886204
58.0,73.72838375141396
69.0,75.25822725020049
69.0,69.32937615567823
66.0,68.46263018865773
66.0,70.58320126926469
45.0,45.20451858668514
45.0,24.734483682059533
53.0,49.834235670091516
53.0,56.672454018629196
42.0,36.757149438119995
42.0,63.542465687769095
51.0,51.916734343550615
51.0,6.716747770992015
80.0,86.30763227001597
80.0,41.438931755382725
64.0,69.74417414345805
64.0,68.92152414542358
63.0,60.253788075331954
63.0,84.2070777560395
44.0,49.13301353227547
44.0,63.68170479906422
15.0,9.992064390299902
15.0,24.708389970472467
54.0,55.3393092569591
54.0,80.7420298889441
73.0,76.46724540868854
73.0,70.87390879084575
62.0,63.97860043961509
62.0,32.956223561265745
66.0,69.54723720866929
66.0,62.96780681627615
21.0,18.445150375724495
21.0,71.5734172699294
66.0,67.72301457812563
66.0,17.208502434118543
34.0,24.769206691130364
34.0,82.25542960980533
32.0,26.783019227984425
32.0,31.14441507987857
61.0,62.53203988234554
61.0,63.917071524761866
72.0,77.66177800413192
72.0,37.097984689497025
41.0,43.887840949203394
41.0,72.73714137558619
69.0,74.36235065240385
69.0,57.97741320080195
70.0,74.43783914055194
70.0,36.30748835206941
72.0,77.91405942333375
72.0,66.21519251713534
68.0,75.21457877236355
68.0,67.41434281281926
62.0,62.513187450030784
62.0,80.6960063234934
52.0,53.002131368159155
52.0,65.40838025759143
64.0,64.40597640206482
64.0,21.08221738660245
54.0,52.238634503448054
54.0,67.20335070295397
84.0,91.14748673884083
84.0,83.89858503243778
72.0,77.14763405658681
72.0,62.81933531326632
63.0,60.85164557558886
63.0,61.025958060251355
47.0,44.770325963012
47.0,77.88779713545142
76.0,82.02389040908025
76.0,75.5834745768995
53.0,48.37203560503508
53.0,78.26555757312235
68.0,72.28181584402512
68.0,62.27830670866916
82.0,90.77909133118698
82.0,46.39458937249242
55.0,55.795539956467564
55.0,55.63890019659152
72.0,78.96937152826598
72.0,50.538275656913015
32.0,34.61875282896801
32.0,28.116887477688067
22.0,23.9384438880208
22.0,71.76365675648691
66.0,71.54020022095597
66.0,61.29114431532264
58.0,60.90383446530865
58.0,53.58080155145342
65.0,73.04591187886365
65.0,26.789633084659613
63.0,68.63005664960974
63.0,76.90143668517356
73.0,80.19704210767259
73.0,74.64280176266129
70.0,77.14898625044839
70.0,67.32436454228724
55.0,60.79573844238416
55.0,57.974331025243885
74.0,80.11059103779047
74.0,35.0532063843055
61.0,60.909069477550815
61.0,57.01251877834477
53.0,55.24742115391251
53.0,58.2835090077341
55.0,60.60231779120454
55.0,47.34206241219567
64.0,67.70945419531802
64.0,55.75516780180061
63.0,65.64002292560275
63.0,13.832362713041107
15.0,11.918406094494344
15.0,62.9739798936514
72.0,78.88119773637783
72.0,71.40408019593286
47.0,44.764033858605046
47.0,81.2463458013188
65.0,73.6964610966354
65.0,81.12723709402547
69.0,72.95536130992673
69.0,75.02504492614099
52.0,53.68802669623267
52.0,59.00966774136248
55.0,59.80054764146206
55.0,45.45720619846645
49.0,46.994790291430945
49.0,58.17228735090845
56.0,55.444740955277325
56.0,80.22306300330803
56.0,65.58724965249775
56.0,73.33064450767188
66.0,68.24012487043194
66.0,53.96251653471688
60.0,59.79332230370409
60.0,76.63953692872667
80.0,86.8370707579756
80.0,79.31267362908358
67.0,68.80110844582765
67.0,68.7940574554226
57.0,60.02218662962724
57.0,76.89956838572886
59.0,57.59492373740625
59.0,49.7884975780874
18.0,18.89791270907392
18.0,80.42611954274878
47.0,54.18199374280965
47.0,79.13880853836048
65.0,67.5267892599781
65.0,57.40583177725398
68.0,72.48171579747333
68.0,58.811332423630745
67.0,71.57517781314618
67.0,55.0400880379716
48.0,47.86655026072128
48.0,89.28811576527727
71.0,75.68747339842008
71.0,28.931460996746125
68.0,72.14720780723042
68.0,20.96672183375125
47.0,44.60523847606191
47.0,53.98261965037727
62.0,58.95027945736376
62.0,22.39424005675778
70.0,74.23899787638186
70.0,63.5926352809895
74.0,80.26327154858143
74.0,75.41958071470401
57.0,55.430113017257895
57.0,66.89778008070493
76.0,80.3828299108115
76.0,13.417467123830193
71.0,76.26649104127637
71.0,63.98394966620913
71.0,77.58712803167634
71.0,66.5575176260748
73.0,79.67760885184697
73.0,49.21269100780768
31.0,31.082521198032055
31.0,88.32848848482149
66.0,71.77012422926799
66.0,67.82322143889581
26.0,29.493636351196812
26.0,57.10012915496901
86.0,94.87573264378779
86.0,65.91857190478794
61.0,61.6675012926417
61.0,73.41810532351417
47.0,41.481998688882186
47.0,49.211400999793625
32.0,22.371653889557763
32.0,78.83968480253333
69.0,71.59052220415185
69.0,53.95650461885583
29.0,25.10910941046302
29.0,29.343903459894193
65.0,71.15703868488117
65.0,65.39792206303474
63.0,67.73805621401391
63.0,54.457750412824055
49.0,38.31344707134667
49.0,41.53811836371409
72.0,78.61559302644918
72.0,68.65238370708255
32.0,31.38464183669504
32.0,45.04232021346246
66.0,72.23169484469008
66.0,64.27099498906841
51.0,46.88776007521966
51.0,89.53423538142903
31.0,25.933914874285563
31.0,82.01180993572143
56.0,57.473876185295296
56.0,68.67253343894572
76.0,85.5346046116727
76.0,69.08062594955459
58.0,63.03581773497075
58.0,80.29300584647541
72.0,76.16611672943651
72.0,60.546184399569086
63.0,64.85485775689955
63.0,55.50449599224862
57.0,62.8423868050329
57.0,80.19359840012112
55.0,58.428912255947694
55.0,76.49298628109733
65.0,72.02298188673257
65.0,4.988587906848977
59.0,63.58259736089275
59.0,64.5374077186732
34.0,14.929130833264878
34.0,29.067720292327294
76.0,83.72249068161744
76.0,46.22826956810246
65.0,69.61348076153405
65.0,80.58071370835285
74.0,79.95538409469651
74.0,90.68135376621836
52.0,55.098503903248115
52.0,34.72841614463567
78.0,84.14688529228692
78.0,72.19700329921989
72.0,76.17381176318202
72.0,77.9947451933707
55.0,55.79957203467194
55.0,54.31531605369997
71.0,77.43239147810374
71.0,84.62740213239198
54.0,52.86545070955441
54.0,45.05996650795066
81.0,88.07539241889629
81.0,71.04984981565906
74.0,79.76193500551688
74.0,20.643175917739825
66.0,73.5532431805155
66.0,76.05445526517173
62.0,65.8930427744694
62.0,70.61371264902766
70.0,74.42887658877135
70.0,39.32368416786784
74.0,80.11642527816747
74.0,78.4653198778658
75.0,81.38965156150255
75.0,57.59795084988775
53.0,50.82880583637518
53.0,76.28126639902894
67.0,69.39803661409474
67.0,29.79944932049324
58.0,55.979884211603064
58.0,86.34230157604327
38.0,38.485564040030965
38.0,58.954961254764896
59.0,59.01722868580379
59.0,53.382775523471196
53.0,53.59717435231374
53.0,81.84306326340095
52.0,51.8101430509642
52.0,76.3354713348865
55.0,52.64921889117062
55.0,77.38438310439113
70.0,78.71850087308894
70.0,56.51821972337319
72.0,75.4378478982751
72.0,55.57772738198855
68.0,73.83554164005022
68.0,64.68378810461905
56.0,56.11139964648066
56.0,69.41580575641228
78.0,86.17105408103083
78.0,74.76031806093039
69.0,70.33696892474018
69.0,61.2747540244265
59.0,62.178677648351595
59.0,93.57349717749639
42.0,38.340329326013034
42.0,66.43321556801754
54.0,54.093973780043996
54.0,56.91899932967493
59.0,62.51349045574153
59.0,25.975772194516082
49.0,51.96641376156998
49.0,68.71498959619521
52.0,54.296115720651756
52.0,68.94874468743319
59.0,64.860743942873
59.0,70.69618942626164
58.0,58.432281321495225
58.0,66.17512497438156
28.0,20.129766292277736
28.0,23.58898175188574
67.0,71.39983313720273
67.0,57.99690384027565
58.0,55.22847636777101
58.0,64.84149827723024
67.0,70.56600295837166
67.0,64.16927025312799
69.0,76.66039541089668
69.0,76.78663815936324
46.0,51.0121330250974
46.0,13.832362713041107
74.0,81.81850789897334
74.0,54.5951722725668
60.0,62.077157433392756
60.0,45.976435361994675
9.0,-2.0466704796679096
9.0,67.88010618770011
66.0,71.58092082178848
66.0,84.00463338825932
74.0,79.12980743755975
74.0,40.009110654605536
33.0,28.534234593451686
33.0,52.18215376920364
71.0,75.47367618481269
71.0,65.26375764837974
75.0,82.96761035172267
75.0,67.548694175084
61.0,62.118325499252705
61.0,43.49667443055125
24.0,22.14390501068783
24.0,77.28074273702549
22.0,19.664415747642522
22.0,63.78406146020302
56.0,59.539329405887486
56.0,67.04244898772055
80.0,86.75513667689597
80.0,60.46757271161442
17.0,12.453776866986516
17.0,70.99749906034793
68.0,77.31590845955776
68.0,68.75606902825257
58.0,59.52385508866854
58.0,36.358227951337085
58.0,53.77809304346391
58.0,75.00275335598451
75.0,82.1974104292575
75.0,82.07286337091801
58.0,58.29839695834545
58.0,71.39653114389807
63.0,63.68170479906422
63.0,44.89165841571872
58.0,60.59715124781508
58.0,53.62157110643602
74.0,80.16026271082671
74.0,74.7836677959869
38.0,29.53760789945875
38.0,68.52882793089987
77.0,83.20244991147143
77.0,45.9042073756857
62.0,63.661452907755404
62.0,23.930097632792013
53.0,59.03513862119894
53.0,81.5291309249564
38.0,37.19336188051096
38.0,75.63590501822785
67.0,73.95711969477418
67.0,81.95575328308138
55.0,52.46532573102081
55.0,39.643444943173506
74.0,79.10008665390956
74.0,71.84505890420456
75.0,80.36318268142145
75.0,44.136170675029916
46.0,34.89332630610869
46.0,69.21580497488605
56.0,62.221636084722775
56.0,56.63176478555988
78.0,84.72956696914417
78.0,50.162976018092195
57.0,58.3219893337793
57.0,71.73396839836823
70.0,75.98301571751932
70.0,22.978391533346098
56.0,59.01747852077392
56.0,77.40294538854226
59.0,62.603292727812686
59.0,34.289571742354894
55.0,54.86635276167664
55.0,76.20420372300629
60.0,63.98394966620913
60.0,58.40747297538576
69.0,73.50031385384142
69.0,74.88870828703705
66.0,70.79005120881646
66.0,63.27784065095801
49.0,50.38656931348726
49.0,72.78290414482893
25.0,24.903094755129644
25.0,79.55590588556709
66.0,73.45839445872173
66.0,74.97137944909161
63.0,66.38517188030698
63.0,32.65951624957546
63.0,67.99985079862768
63.0,71.45783238845877
66.0,67.16069448455545
66.0,83.37734904943244
55.0,59.92059791538907
55.0,63.27431088216133
75.0,81.50600340633582
75.0,29.656925117562366
67.0,72.64627361842042
67.0,-1.8260064343132854
78.0,81.77291561197944
78.0,77.09699303559785
66.0,70.46522848986285
66.0,58.2406187313988
53.0,48.04942912041099
53.0,44.69721212422962
73.0,80.45964780681061
73.0,64.7561593877453
46.0,53.18841449761862
46.0,88.61196179638489
70.0,74.11483712298394
70.0,65.92809894560418
62.0,66.97163781889145
62.0,51.69718175189149
55.0,56.1104315667028
55.0,36.90645978010548
70.0,74.77515401598748
70.0,28.687890946526977
47.0,48.50968679835421
47.0,21.359274056221864
43.0,43.10659950135937
43.0,42.91615180539486
82.0,89.17245828121065
82.0,70.14960285863691
64.0,67.01154663540325
64.0,80.9366980181108
65.0,70.64163386700187
65.0,70.10189950297848
65.0,66.37812672255149
65.0,68.88837163466837
74.0,80.15603850519159
74.0,40.238977197898805
34.0,32.041885472572176
34.0,76.49685641714876
61.0,62.093167439223635
61.0,66.41740715340268
29.0,21.547743164132783
29.0,56.27143036431016
47.0,47.5446403074007
47.0,67.71719674696482
69.0,72.64877690339102
69.0,56.98906329023657
69.0,74.75475027604926
69.0,48.36197171926722
54.0,58.75820098193458
54.0,47.82247452563723
30.0,25.67542309015363
30.0,69.92949018667116
54.0,52.09909252171258
54.0,73.20190680348401
64.0,66.08237001845089
64.0,69.31639644840163
67.0,73.65770408107869
67.0,80.63328076948216
51.0,52.468578941690566
51.0,89.96939164860493
83.0,92.00581062328666
83.0,82.5096097076941
42.0,41.55276585765705
42.0,55.704163362915665
61.0,65.75013239797914
61.0,59.300248030079956
40.0,43.27572455684634
40.0,75.24465779954761
64.0,73.51345927749674
64.0,35.71669939581625
78.0,83.81505763018265
78.0,64.26110529842549
51.0,49.27485573587967
51.0,32.59728318805526
72.0,75.51951407098886
72.0,25.39445115191512
40.0,40.883269879773934
40.0,78.48941435317516
67.0,73.47999790665648
67.0,78.29492770864772
69.0,71.43042861699996
69.0,67.5820923509147
39.0,31.892383192795705
39.0,48.36759095257344
55.0,56.62693359282616
55.0,78.31341508768156
74.0,81.88142684137614
74.0,42.044525048726996
62.0,60.49286212999857
62.0,60.089807444348196
34.0,32.531056946907256
34.0,61.70836909325618
72.0,79.09137433701687
72.0,62.5761808114292
61.0,64.11759187967732
61.0,65.50590945635935
65.0,66.59559015507637
65.0,56.247345703866074
58.0,54.89602797081022
58.0,63.55874724280551
72.0,78.51661881214147
72.0,67.21363752619533
70.0,77.40557405487391
70.0,80.88857304463363
70.0,76.60660234938769
70.0,23.025372883786133
75.0,80.18571424055534
75.0,49.197124136651325
68.0,73.36268665665324
68.0,84.18669821737177
64.0,64.9089018249137
64.0,65.1363887719524
69.0,74.55016282556647
69.0,56.594516876672685
43.0,37.031957022789015
43.0,88.8269146661612
59.0,65.2538776438148
59.0,64.1504279618257
66.0,73.7122349918393
66.0,70.75427529908444
61.0,64.5034818679278
61.0,50.32858320461429
57.0,54.56087151361453
57.0,51.804374576638736
32.0,30.393277609149095
32.0,42.79069886742775
21.0,7.414496048476508
21.0,75.14732607670481
50.0,52.163068663895274
50.0,81.95793752219157
55.0,58.85288298224583
55.0,70.98352387093075
55.0,59.812980543247875
55.0,86.63610857429535
67.0,74.5312546559718
67.0,39.49299969778792
17.0,11.391908975097977
17.0,80.47878107541425
24.0,28.573305882684565
24.0,76.25641471345608
39.0,31.891118819300402
39.0,45.4544677492824
69.0,72.62702589415761
69.0,83.88083638509704
51.0,51.50912457383316
51.0,36.551499776063224
73.0,75.44690441480111
73.0,76.31969447106604
69.0,73.75954821681108
69.0,73.02341448534133
67.0,69.74176000695354
67.0,53.52446461827299
43.0,36.21956482230439
43.0,58.27117986899481
45.0,45.95320201960487
45.0,58.19590697193132
67.0,69.7092649876978
67.0,51.96835455202563
55.0,56.533688619020495
55.0,44.75278842016246
79.0,86.55917538347717
79.0,70.3411247788415
40.0,37.692240604047356
40.0,87.07861505462972
48.0,43.61633222595907
48.0,75.8993158319908
68.0,73.11525363200667
68.0,75.8724436443535
34.0,34.72841614463567
34.0,60.499213162709225
63.0,69.70155053483711
63.0,40.999952452995046
69.0,75.84806041930113
69.0,68.58998712418429
65.0,68.24748747744826
65.0,88.44995474146083
64.0,66.53332660992976
64.0,41.06459202954704
59.0,61.371827789663485
59.0,77.123714087233
54.0,54.33265288386349
54.0,85.72041610261482
83.0,92.46997238552302
83.0,47.39885490651659
76.0,81.99989980998373
76.0,79.1001973463413
70.0,73.57836457845139
70.0,70.32619694982242
32.0,25.765802208058005
32.0,68.72260935427096
19.0,14.208766775822028
19.0,72.91346637533934
54.0,54.33719425885255
54.0,43.66686338550602
52.0,46.939688455158375
52.0,51.6285971604957
24.0,19.44290396635722
24.0,82.01050855442338
34.0,33.8092732438177
34.0,71.64900026413005
58.0,58.32844338876163
58.0,41.02459036524408
60.0,61.7263406184677
60.0,80.80540254485658
51.0,53.072571689228255
51.0,73.0652044912
49.0,48.579350998054394
49.0,52.07341746014322
55.0,57.7042040443954
55.0,55.54782030431488
67.0,65.67717251904696
67.0,7.51896303411894
65.0,68.02516362680092
65.0,71.10763618631023
77.0,83.55253735358593
77.0,19.900472198510784
61.0,62.6742205104735
61.0,41.14535945729466
53.0,55.335729713110766
53.0,66.9600617376351
72.0,74.63447721142398
72.0,57.03554254493338
29.0,22.42789598288084
29.0,76.3071438920104
72.0,82.142590265494
72.0,11.391908975097977
67.0,72.1407992996925
67.0,75.03930740960078
60.0,61.47537171545133
60.0,60.74993744296006
22.0,7.121929172418561
22.0,37.58599835403385
55.0,54.8003313810824
55.0,61.77211590273879
20.0,13.283099319382757
20.0,78.35535860995702
36.0,35.55582490303175
36.0,71.68712013749939
55.0,49.77437990702447
55.0,68.75140754342476
68.0,70.1905275121876
68.0,75.94967367302496
65.0,71.53833759782441
65.0,58.2534466443733
38.0,28.56648691924414
38.0,65.3593282868502
66.0,72.09090703672956
66.0,18.916603868455354
47.0,52.40793447927979
47.0,55.96589490632874
69.0,71.71834650517167
69.0,62.293415676003804
52.0,56.55438836354932
52.0,56.62072247862534
57.0,56.807245579353946
57.0,72.69467018472483
37.0,32.956223561265745
37.0,65.70330500781574
71.0,75.17449670227501
71.0,26.946211957642788
59.0,60.58666559590927
59.0,63.94968994894134
65.0,69.09495131661589
65.0,78.91936244588982
45.0,46.58938207478354
45.0,79.12975524109152
66.0,68.57036147125308
66.0,81.19550259707125
70.0,73.27034903445667
70.0,85.65115839255031
72.0,80.55770170079762
72.0,51.02520345238116
58.0,63.1985374886425
58.0,49.847373317322194
41.0,45.5654573072016
41.0,50.46064695568339
62.0,65.561170766754
62.0,78.82582254121814
68.0,73.77026666373024
68.0,86.68833487384137
76.0,83.30980329078972
76.0,66.2537120359508
78.0,89.40409492305861
78.0,35.99139718021439
63.0,70.88050315656335
63.0,85.01416765021884
30.0,25.805955503814744
30.0,72.25425970476499
42.0,37.64607997558306
42.0,73.79137478327738
64.0,69.39921197156309
64.0,34.063205793887846
57.0,62.04293425562798
57.0,16.420118854381883
62.0,63.08567808206851
62.0,69.72549828600904
55.0,58.375332053783836
55.0,60.922137392496836
70.0,75.95441317202045
70.0,62.52609136797304
67.0,72.88853541203235
67.0,71.40844118157173
48.0,54.28129503036001
48.0,70.98366979145516
46.0,54.68945240336967
46.0,64.42457547395588
66.0,73.59466469158593
66.0,62.78345562192453
59.0,65.95932373122741
59.0,56.931072048286524
40.0,43.74203555955182
40.0,55.9688935068267
76.0,82.70991288314764
76.0,69.80435802104273
67.0,69.55715856978202
67.0,58.10202864195389
72.0,79.77210884966314
72.0,70.09292568938474
68.0,73.03752984224866
68.0,69.43705408432169
81.0,89.32702631263419
81.0,25.99103533713071
37.0,38.76046036784663
37.0,79.38511317859138
34.0,30.652703364940805
34.0,68.31132222787716
56.0,54.94833311021614
56.0,26.946211957642788
54.0,54.4130167521414
54.0,86.68009284340826
42.0,36.78366754795712
42.0,20.91477525291964
33.0,22.656196538635527
33.0,64.55375363225039
70.0,74.47313485132031
70.0,86.4731385210772
37.0,34.09506573693284
37.0,61.50849700356389
39.0,29.47206397654753
39.0,63.0773526012847
63.0,67.31044847023213
63.0,60.75953513064667
59.0,62.97316006332784
59.0,83.37031110460674
74.0,81.28359641592459
74.0,1.725915772456517
71.0,75.28382758491142
71.0,68.81415279602197
76.0,81.66369638805651
76.0,79.99678115927208
61.0,63.94547367568504
61.0,51.06441468786301
59.0,63.26841298185553
59.0,80.76676625851218
41.0,42.00666259708595
41.0,32.32237231767806
49.0,49.47751077502903
49.0,53.39648006840213
28.0,13.130236020984228
28.0,84.03132409791783
70.0,75.91705177992077
70.0,49.35995079105396
74.0,80.69962617900819
74.0,75.78290900985587
46.0,48.1322189827178
46.0,65.6158597790432
59.0,61.51719830335844
59.0,74.7236582775123
64.0,66.06779659019963
64.0,49.82148677623792
32.0,26.831265828887126
32.0,66.95632488741393
66.0,68.9007789393504
66.0,71.54585408249699
74.0,81.93663464609398
74.0,67.39511904086874
75.0,82.03573086418618
75.0,57.8514303220972
40.0,40.421032322705855
40.0,61.447024492944365
72.0,79.18076538530755
72.0,90.29971252427526
84.0,90.68009623765806
84.0,77.27733485257227
59.0,61.34946992586583
59.0,19.40399566723204
66.0,72.72746797437975
66.0,14.208766775822028
42.0,43.17891904202219
42.0,68.56357064459456
36.0,29.537477629539524
36.0,59.44611768399301
62.0,64.23252320886212
62.0,56.176211229730654
56.0,50.07771907035533
56.0,24.275223575787322
83.0,91.78717082230418
83.0,78.70596680483487
36.0,33.066754848088124
36.0,85.10730781909007
73.0,79.41109200922835
73.0,79.02017253041373
60.0,62.19380607818812
60.0,62.70994055323047
56.0,63.76682402049806
56.0,58.50615598709254
65.0,71.3757841568289
65.0,63.00093425111078
67.0,72.29452636418858
67.0,87.30204279652276
81.0,86.54108739383963
81.0,80.00777842074075
70.0,74.14891455705344
70.0,70.7090827161399
64.0,66.81874400351387
64.0,94.28289258980584
65.0,70.1542985911596
65.0,69.14594799690468
61.0,65.96704097486264
61.0,52.63972482614753
35.0,37.576820918522
35.0,58.831892146011114
66.0,70.14856177511058
66.0,69.9315123948079
64.0,69.58120692176021
64.0,42.08770278291581
39.0,28.327387975193062
39.0,46.95099848068361
72.0,75.05341101628767
72.0,54.16871625193272
70.0,73.56976509791264
70.0,34.580952554769965
37.0,41.73537656886276
37.0,82.34681337826544
72.0,74.97028549410697
72.0,65.44012697464484
72.0,78.69352098051729
72.0,12.760088546333805
53.0,54.34989096810074
53.0,75.93670075149788
59.0,57.185738220601706
59.0,7.121929172418561
78.0,86.50294177839498
78.0,69.77925375665376
44.0,47.64038568021056
44.0,77.54898843624812
42.0,39.03412924080095
42.0,63.4468278218809
23.0,7.414496048476508
23.0,30.82422135080924
66.0,70.56379509411909
66.0,56.74406428654851
58.0,59.923149870756106
58.0,64.0859922708272
34.0,35.193895030525255
34.0,65.7660219426578
56.0,61.29405986239152
56.0,73.68237793817008
62.0,69.06469303039239
62.0,80.9932773508387
40.0,36.32592343820892
40.0,58.37313485700275
69.0,71.62066364704339
69.0,35.83657403717194
49.0,54.38048445944912
49.0,79.1340695251327
49.0,47.38076171039927
49.0,79.84490938570895
57.0,60.84738979555186
57.0,77.75610136983443
50.0,52.02337309324099
50.0,54.519642602044996
73.0,79.62028177422326
73.0,78.39812908518252
58.0,56.046315285675746
58.0,37.30660927349038
50.0,49.875230269947906
50.0,72.93331646398491
80.0,86.92769961334608
80.0,32.02362840120128
75.0,79.14205362605014
75.0,44.80752482948856
58.0,57.31399069637797
58.0,72.3571188294959
39.0,37.397452468332176
39.0,44.91620833371235
56.0,51.85844944817586
56.0,58.676263582603724
38.0,43.018595359061294
38.0,72.9855395273508
68.0,75.44899086209182
68.0,29.585315673529237
66.0,71.86042400773925
66.0,66.349035512449
77.0,85.40248972517008
77.0,77.22818815560629
64.0,68.76057119906915
64.0,59.932783981400576
67.0,73.5271792364037
67.0,84.52637970227784
77.0,81.79959950279664
77.0,78.66096945772648
39.0,40.05761130767377
39.0,66.558654799728
67.0,67.37145098589536
67.0,74.74220532190765
77.0,83.21004243869152
77.0,69.25649756793786
23.0,10.960779588361959
23.0,70.22030825720287
57.0,61.17878222012172
57.0,70.08447074358332
69.0,70.79623568951587
69.0,66.5356075967515
49.0,44.944574614846545
49.0,59.10651014521011
48.0,48.3576629166393
48.0,75.62503633230256
67.0,71.08440984727935
67.0,57.273507054957406
66.0,72.66558610100208
66.0,44.13917296732802
28.0,31.229086971735853
28.0,73.37510069722981
73.0,78.56039192503852
73.0,60.89601444074435
69.0,76.78131002695108
69.0,32.85968277275083
74.0,78.0339177672455
74.0,77.24681609735069
70.0,73.43686109632091
70.0,77.45725729076452
70.0,75.87796948228453
70.0,57.55317219581622
36.0,30.00101420366974
36.0,56.12745538789409
58.0,60.09623074636551
58.0,63.789161622475206
61.0,64.10855602822261
61.0,56.308555416153354
47.0,50.027615572294565
47.0,34.578970530813024
71.0,72.52192688530891
71.0,82.31783039096342
50.0,54.990521642517365
50.0,46.952621855098926
61.0,65.94961026686542
61.0,33.76038871464971
62.0,68.2987683041411
62.0,72.26537314129678
68.0,74.99063880138368
68.0,58.42508828000331
54.0,56.03138323161676
54.0,21.628240060555868
51.0,56.873003541022285
51.0,64.29723251984251
47.0,46.74930992571376
47.0,69.37805761121848
76.0,83.64083668505089
76.0,69.0679423576081
71.0,74.23540295251257
71.0,60.98434009802179
64.0,69.05706243814467
64.0,50.002283505539765
69.0,71.6715629664111
69.0,69.46443397647397
74.0,77.95781432280518
74.0,86.09765938387653
46.0,48.895318490170325
46.0,79.74771581299785
53.0,51.15759171105748
53.0,50.756044613015035
55.0,58.508174645561326
55.0,45.51326049775025
62.0,64.98267129920293
62.0,72.13219351574247
62.0,70.46606942464359
62.0,65.8097438811858
77.0,84.1302600502807
77.0,63.50668324272169
39.0,38.102597668211274
39.0,44.91378194148109
24.0,15.978154095621562
24.0,66.94387398121603
66.0,70.68761207082605
66.0,77.81968809595304
41.0,35.99139718021439
41.0,72.27686756432826
49.0,47.340603222087736
49.0,59.58897350586983
56.0,61.14833857988043
56.0,61.175394361181475
43.0,37.46873634541129
43.0,77.27584953289238
73.0,78.90146409445208
73.0,74.93948597698727
60.0,67.29462892082455
60.0,51.497251006857596
78.0,83.36740957529452
78.0,42.47773136314828
46.0,41.5032422125451
46.0,70.6741849145846
70.0,73.35476549384771
70.0,37.90873138043884
74.0,79.3391524822054
74.0,40.29621823070289
74.0,80.14053638099159
74.0,90.78248087698665
63.0,59.48122410518346
63.0,76.18127585703473
68.0,74.14262461744931
68.0,33.356189318793156
58.0,59.848627740363554
58.0,67.55261701091302
63.0,66.59689114424026
63.0,82.1432284957678
51.0,53.8110217867748
51.0,75.65170536248786
77.0,83.56822694718079
77.0,66.69821093886185
52.0,53.817760675790055
52.0,66.8356820954271
71.0,76.54435919876755
71.0,68.4935025334961
63.0,67.61422004126854
63.0,80.47376175199457
72.0,79.09425449191832
72.0,25.16818785454285
45.0,45.273724342837454
45.0,77.34990537701816
71.0,77.61104891335049
71.0,77.82990023669197
73.0,77.22888348820089
73.0,72.83158847214952
66.0,72.88541685006078
66.0,46.168747277505645
44.0,45.137581704607044
44.0,73.82086447976184
76.0,81.84482684432675
76.0,71.13297921841564
29.0,26.115967835376352
29.0,79.52847988080572
44.0,46.930968866861576
44.0,80.07213918434593
75.0,79.76729077602101
75.0,64.71473579809202
40.0,39.610071384102525
40.0,25.874275277419258
67.0,70.14481332214825
67.0,28.233344264444327
45.0,44.986944267215165
45.0,75.29514744601636
52.0,48.53721535963763
52.0,52.7349172461997
40.0,30.444883733729114
40.0,30.501499846285526
30.0,28.499208450188405
30.0,72.70028876942143
63.0,63.69424791718757
63.0,68.16320313570759
60.0,58.97235540132942
60.0,76.07573120316886
24.0,16.461007372816027
24.0,17.91691817198881
52.0,54.44751054672241
52.0,60.499213162709225
62.0,66.29831173736181
62.0,82.22566511404654
74.0,80.56871865261019
74.0,37.40483688933642
73.0,80.42803163326391
73.0,50.38243836202429
66.0,71.89560113635861
66.0,54.88944408295231
13.0,14.37956499083731
13.0,71.10367269764464
68.0,71.34037740234254
68.0,73.56646809310007
63.0,65.71194828333245
63.0,56.115628558461026
53.0,59.25480893569062
53.0,83.09292477842843
66.0,67.92551999359665
66.0,75.13714023101187
51.0,53.962570991449184
51.0,76.09072827229573
75.0,82.47069081132281
75.0,82.32445692638731
75.0,83.50076430692076
75.0,56.723946661642
73.0,78.50926122488295
73.0,37.796475757176836
58.0,64.80947162004077
58.0,61.60978220809227
62.0,65.75878761691064
62.0,46.541010108466935
60.0,61.89613407583846
60.0,71.19446716261547
69.0,74.1332611872715
69.0,61.39956790466363
55.0,55.081438655475836
55.0,45.20451858668514
67.0,74.04274299284816
67.0,24.903094755129644
68.0,72.3663541158001
68.0,26.1741794401662
50.0,50.411633703468624
50.0,28.195371109589985
75.0,79.78287179435637
75.0,91.26454776315057
52.0,51.31657042713687
52.0,74.8940706181786
57.0,59.361599013648686
57.0,35.136742388751884
49.0,48.86299387863619
49.0,69.72397516747134
72.0,77.63184040790367
72.0,30.178601238737826
81.0,86.5146789805404
81.0,35.01367305802006
80.0,86.71329179216622
80.0,13.815640533572662
33.0,34.64747066197282
33.0,68.50854634625739
61.0,61.13893976991744
61.0,52.02216883527166
45.0,42.79069886742775
45.0,68.03064666030093
48.0,51.125271302179556
48.0,60.65093794140756
63.0,66.18211313509227
63.0,70.96636335318897
70.0,77.855608944589
70.0,59.83307683049145
64.0,64.06101873357795
64.0,45.88187482277169
35.0,37.94914988102505
35.0,56.42626593295341
59.0,62.47133292931443
59.0,38.49619062327247
68.0,68.8366471022182
68.0,64.40089328665664
14.0,16.824098742613728
14.0,78.62245586001853
31.0,25.347864456914806
31.0,75.23835932062701
58.0,64.40992739797525
58.0,63.24235546759576
63.0,64.98254635340481
63.0,72.57223649132573
37.0,34.61266308955828
37.0,54.91581337647756
77.0,81.58641259483096
77.0,21.53196783309727
64.0,70.84808158506871
64.0,78.09860233141097
45.0,48.71456574306143
45.0,63.64016730956888
55.0,55.5876384591005
55.0,81.66844917252735
77.0,82.49928163926893
77.0,81.96507384222997
69.0,71.11034917539598
69.0,84.50863405059044
47.0,42.978388183361744
47.0,85.40833821686442
60.0,62.93874408816754
60.0,82.68843331823547
69.0,71.20459740590917
69.0,69.64226373734579
80.0,89.25157017602612
80.0,42.68961682396366
57.0,58.96423418705359
57.0,64.87308705691675
66.0,68.20595098029469
66.0,74.14049304455142
66.0,70.67397737694569
66.0,80.68449294903087
59.0,63.43775739213834
59.0,36.52818412832113
64.0,68.87357046532094
64.0,73.34324021292696
63.0,65.91660034989985
63.0,67.54897011365085
73.0,79.07047823866998
73.0,70.14670445316301
18.0,9.8426042970965
18.0,72.18936584604063
42.0,33.275313131744326
42.0,53.770825806784046
47.0,49.516388418110466
47.0,73.19197170187374
41.0,38.47201869197664
41.0,36.85093970633176
73.0,80.77699414335206
73.0,74.10392649620616
53.0,56.80611132273407
53.0,58.06260208747835
70.0,75.39186381742854
70.0,29.81253687314836
71.0,77.16836327421345
71.0,73.91122287340653
71.0,78.32061018168946
71.0,86.25962011179138
74.0,78.53684239405214
74.0,72.993269178834
73.0,80.12998462994005
73.0,75.18894383091072
77.0,87.29249294970776
77.0,43.97359995559731
62.0,65.22659326255194
62.0,40.4098082162763
52.0,53.41396302200832
52.0,57.33130002397178
42.0,35.63056447059523
42.0,56.13104711781972
48.0,52.09539337725437
48.0,77.31628492953377
70.0,76.489796496584
70.0,77.14522129994123
71.0,73.72651516449866
71.0,75.45319440772874
31.0,26.63941917676692
31.0,70.32555105443714
70.0,76.42445893238181
70.0,80.66201339869758
29.0,21.223279665518703
29.0,82.2329430955503
45.0,47.272010079905726
45.0,62.615958330470676
59.0,61.777336776998936
59.0,11.391908975097977
74.0,78.538220149214
74.0,84.59013818010379
80.0,87.100045052511
80.0,71.28210509765148
66.0,69.70316709668606
66.0,60.31762580978068
69.0,70.52331572110546
69.0,47.07630843088134
36.0,39.66875903953945
36.0,70.46629377435283
55.0,56.2188588919862
55.0,61.055412688568424
58.0,63.17185351065456
58.0,19.799264574250458
78.0,82.18992025505327
78.0,51.037503201044615
68.0,71.84907909297942
68.0,59.18496082781223
17.0,6.427434559936614
17.0,17.91691817198881
50.0,51.42645724093319
50.0,42.85545907035993
29.0,20.669166531387248
29.0,70.8947737739598
63.0,67.2990919475547
63.0,79.76566450515497
71.0,74.11443460559144
71.0,62.714769234035884
65.0,72.1772976660709
65.0,68.95042156355589
74.0,80.80625147026092
74.0,18.445150375724495
83.0,91.77436713585405
83.0,72.88399951922497
66.0,68.89091005647066
66.0,2.2780452908085635
72.0,74.70677351219302
72.0,49.64875893555916
80.0,86.4706646357655
80.0,73.24997785610088
43.0,40.27455622681191
43.0,65.744254908828
75.0,83.32046543350964
75.0,79.14150036586955
76.0,84.93353814961768
76.0,47.32779394936523
47.0,44.770325963012
47.0,77.29003216104627
54.0,58.92469649883304
54.0,27.714960479158947
65.0,68.15081983273296
65.0,64.41456037618252
70.0,72.67133161885516
70.0,27.176570861918435
69.0,75.47806809956819
69.0,39.123206598734896
44.0,47.64038568021056
44.0,79.77063245374137
68.0,71.66440062744738
68.0,37.45259355863857
68.0,74.16359471520514
68.0,44.6651376019459
69.0,70.80618746080512
69.0,77.83404258975185
68.0,75.81845169032005
68.0,67.50216595625903
78.0,83.46541788798629
78.0,74.61208192562168
70.0,77.69942289766414
70.0,59.10048776315989
30.0,34.90846793138769
30.0,76.85095919410867
59.0,61.164412936752285
59.0,38.81094587576092
68.0,70.58935779877737
68.0,66.27010652774482
56.0,61.051659435063584
56.0,87.76420471434062
71.0,71.96958296144129
71.0,16.487323202884
67.0,69.45128831418589
67.0,60.5398863459701
44.0,47.64038568021056
44.0,60.38090965611741
62.0,63.02026940569294
62.0,76.06430820341512
16.0,3.9691313627311615
16.0,49.67299118560368
70.0,73.64172637555811
70.0,38.361491861315415
52.0,45.93345922350835
52.0,68.4831080114098
67.0,69.02807535593826
67.0,76.1135002978798
42.0,41.83290783703677
42.0,35.929893093771966
49.0,49.211400999793625
49.0,60.107854485185214
43.0,38.27730014125564
43.0,72.37341444857799
58.0,62.126341651064024
58.0,28.19169746911473
60.0,65.2421338985435
60.0,71.021971403301
67.0,72.30871667368433
67.0,40.47431169513993
37.0,34.52857173041326
37.0,71.88181229366313
30.0,26.260796401151595
30.0,65.38150785287877
64.0,65.63317893129141
64.0,68.26178021667761
39.0,37.86085609403477
39.0,75.48315760845225
21.0,11.195928113615423
21.0,46.96474368506858
67.0,70.02564231342416
67.0,81.39767767176977
64.0,68.13088462509086
64.0,71.40750593800556
38.0,41.38706320928094
38.0,60.39979276807895
37.0,40.25317199692694
37.0,80.03422921801535
50.0,49.71144004445608
50.0,48.891346604440855
74.0,80.72301035778912
74.0,72.33670945106172
53.0,54.67069935672936
53.0,61.31198348556126
63.0,71.72961237533434
63.0,62.55434945683038
57.0,56.906715606122134
57.0,67.58697436004331
47.0,44.97955894560215
47.0,72.47636827625297
66.0,67.46872971168915
66.0,75.49660604927362
68.0,76.16636142779191
68.0,76.35597813104891
44.0,44.711181878149716
44.0,74.51871608754101
63.0,61.41033097466084
63.0,62.75974219457737
38.0,34.23372027762497
38.0,50.368900595892
34.0,21.860325230434057
34.0,51.00010246786019
53.0,54.168850210284745
53.0,76.64599777547585
66.0,75.51313984876344
66.0,61.39390417877985
73.0,76.98473937313508
73.0,65.53091822859227
64.0,69.76436541149366
64.0,25.443978103986183
72.0,76.65365730388635
72.0,61.19694555456442
72.0,78.17000280709738
72.0,64.74409064063747
66.0,69.60147178476734
66.0,60.26402628090568
78.0,85.19927194390817
78.0,38.042457150345
69.0,73.58041804342486
69.0,67.25131079200253
54.0,57.07752548907342
54.0,73.04762125002605
67.0,71.95093526736298
67.0,45.577222747060546
74.0,77.58916795487323
74.0,30.268768753352845
76.0,80.9261028636704
76.0,66.65065504122879
62.0,60.49996408565863
62.0,49.69327097866443
61.0,66.13744982518153
61.0,71.06846074879383
65.0,68.01673589000671
65.0,80.06338262453357
53.0,55.549372304179315
53.0,86.09902263052624
71.0,72.04552806556677
71.0,78.90898870145492
55.0,59.77492813521491
55.0,78.85317237306845
81.0,88.15359561223192
81.0,76.28691850108055
31.0,26.280443830489162
31.0,78.24849913612735
66.0,73.8718431288093
66.0,92.0738607855568
75.0,85.16869102511578
75.0,70.63929721349348
58.0,59.048029854862136
58.0,88.01039396930474
66.0,68.38118333885956
66.0,56.00021220253342
42.0,44.79507401138784
42.0,78.29790816149188
37.0,43.10693224510965
37.0,40.69175039481894
79.0,83.67289169692532
79.0,74.45410931346038
68.0,75.1687806723416
68.0,71.56197575434561
28.0,14.280761211009747
28.0,39.92521274313026
62.0,65.20990689783872
62.0,66.20896163712354
35.0,27.00591187682039
35.0,62.08218675617127
62.0,63.89625995914486
62.0,58.03675831359038
75.0,82.63764096563455
75.0,87.20806945468638
18.0,16.91659107226843
18.0,83.76812856230396
64.0,64.3934032753723
64.0,67.3557686543545
49.0,50.48236837056754
49.0,41.35991999710217
67.0,68.55063348388092
67.0,74.46598320315354
64.0,66.46127892513641
64.0,74.90223056066304
66.0,69.46557950763895
66.0,56.17727350420478
61.0,65.00814352231555
61.0,63.24235546759576
54.0,54.4925310791798
54.0,48.369637430393425
67.0,70.90891469843069
67.0,62.92461000335658
41.0,29.75695367083472
41.0,71.92832473895669
48.0,48.81379883629512
48.0,73.78286402546252
71.0,78.48071784375111
71.0,71.71446829930278
48.0,48.98651356603898
48.0,44.834236476304056
40.0,44.04996914238308
40.0,80.46388686609208
68.0,72.14472029505731
68.0,65.32258020328521
70.0,74.55290594185072
70.0,75.97026406648916
57.0,61.880076170572124
57.0,66.69507426672118
73.0,79.89740192979161
73.0,69.54564871480335
61.0,62.63468812928909
61.0,82.42009248960335
63.0,66.23782995053097
63.0,84.07327512575517
68.0,75.01992045197193
68.0,68.99266299224774
77.0,85.90829633967297
77.0,27.277514462284955
69.0,71.60622415302333
69.0,72.48567536790227
70.0,73.47231678479153
70.0,75.89619605969858
74.0,82.12206495852087
74.0,74.04702422530949
68.0,74.80186145771523
68.0,53.92941281623507
59.0,66.10006953126475
59.0,57.514240452448576
52.0,55.83445744655694
52.0,63.048423304601044
58.0,55.06521107939557
58.0,79.63649997511743
65.0,67.10716299546027
65.0,74.90184491881138
68.0,71.20541209944946
68.0,91.11221750664441
72.0,77.53976410308076
72.0,7.216594983432458
34.0,28.44954518419121
34.0,84.58966677426326
76.0,84.46570268667335
76.0,6.736793774890032
65.0,69.83139311065332
65.0,76.81266640595214
29.0,25.27870012586908
29.0,88.3242116648708
75.0,82.56850341638295
75.0,78.66071259447818
49.0,51.69545241942194
49.0,62.60659972681748
53.0,49.773198794900736
53.0,90.19186748644108
65.0,69.5707316924566
65.0,70.35944218234783
63.0,63.65150155431138
63.0,66.84153485852954
68.0,71.21111222481812
68.0,56.65342134965448
70.0,76.38565398566271
70.0,70.22521656996628
72.0,75.20669989088947
72.0,81.72399155439189
78.0,85.50605199013256
78.0,51.452950326206576
66.0,71.9732409434285
66.0,67.38328731004157
58.0,57.305143887213205
58.0,52.663111896248324
79.0,87.2106138560323
79.0,60.92629917518195
73.0,78.57889216875043
73.0,78.88088031086147
49.0,50.848699439808854
49.0,81.39582163290515
64.0,67.88507893497086
64.0,81.32567973348688
51.0,52.44508740560212
51.0,66.91026242114543
72.0,78.57389026293515
72.0,56.38966798884195
78.0,85.62466175799295
78.0,85.03626733813286
70.0,74.40578407355986
70.0,69.01914988753168
74.0,79.73822960440208
74.0,58.84588740526425
72.0,77.86012016701466
72.0,64.43681980477578
45.0,40.6605687012115
45.0,76.52440864413552
64.0,69.18616746830537
64.0,80.64665195677225
44.0,47.51294993406839
44.0,82.58582106599141
66.0,69.3660608644771
66.0,83.96583170328802
61.0,60.75037060031582
61.0,65.57624036307368
77.0,81.03481284979551
77.0,72.39544634584979
71.0,77.2148980292169
71.0,74.38908160111276
74.0,78.9723768952203
74.0,69.99191221841312
74.0,78.75882887534243
74.0,64.2122215253446
68.0,68.65296721846352
68.0,76.64845893747935
74.0,81.3962428731869
74.0,69.31498385726269
77.0,84.4752064217837
77.0,77.30840710063615
79.0,86.34874519875729
79.0,65.06418017092949
73.0,77.59263899236373
73.0,39.32582880014536
54.0,51.17841284637268
54.0,20.88847326003662
26.0,28.215665532030698
26.0,77.73735996416667
57.0,56.52582571440092
57.0,60.63956383893452
54.0,57.03313773253217
54.0,50.28132712012274
49.0,48.524912105514886
49.0,76.81385851027864
20.0,20.226148635167647
20.0,41.957131524584725
18.0,18.181482977945223
18.0,64.99538075126873
65.0,66.01396712997308
65.0,59.512548525787395
76.0,82.26728855116136
76.0,63.60834144651756
56.0,57.61940593742361
56.0,56.45034706471216
71.0,74.26459129221843
71.0,70.18286962037081
16.0,14.873404033237819
16.0,55.98286647671847
66.0,67.94242908125437
66.0,72.93289725157518
74.0,81.11835055443066
74.0,28.36462222784894
53.0,54.21308469973201
53.0,73.92820790560711
22.0,20.234434975111014
22.0,60.021607662988
59.0,59.064650901862365
59.0,50.26307943331631
82.0,89.0840506737436
82.0,49.49702813399227
72.0,76.45062089390944
72.0,35.25095876822155
56.0,60.09317693241479
56.0,23.349082120438766
71.0,77.33730121049797
71.0,59.44327508088577
66.0,70.0284812594353
66.0,59.06648817237749
74.0,79.16397111970707
74.0,78.638230734729
52.0,47.81834280859982
52.0,70.38571762396691
67.0,71.8570888207143
67.0,46.09506380038306
33.0,26.43357422784061
33.0,50.732697264034414
62.0,64.6705508474596
62.0,84.72279089430555
60.0,67.02949174118271
60.0,21.323708254021767
65.0,72.3728347094247
65.0,75.8774572651983
51.0,58.816474119599775
51.0,33.57491136462539
58.0,61.62910390758077
58.0,94.17538391012044
69.0,75.5245801187636
69.0,82.40125457091199
42.0,45.645741299247334
42.0,76.26707959075526
30.0,24.207847804308074
30.0,67.0684856562167
37.0,36.93666735787019
37.0,83.3954431686671
64.0,67.8036315104793
64.0,13.176002392876114
69.0,74.29959157661597
69.0,85.84872023984622
62.0,64.30534739267324
62.0,62.485443010387996
85.0,91.04097986578279
85.0,15.65151380553823
53.0,54.13958028392415
53.0,49.65708225694482
71.0,72.94133709103284
71.0,31.729126626284994
66.0,69.44101919569465
66.0,76.45062089390944
66.0,69.2138465434947
66.0,70.99760320159288
71.0,78.46159805335088
71.0,62.335941879074824
61.0,66.99267703322101
61.0,57.94495235541615
71.0,79.82236020079307
71.0,68.4461179004951
62.0,63.809794393398874
62.0,58.13304129872466
57.0,61.0016216583291
57.0,73.503716505895
71.0,74.17861382507607
71.0,57.08787633259527
62.0,65.96637139719411
62.0,60.36052017769191
32.0,35.406785405464746
32.0,76.8942367318594
53.0,50.86920499104673
53.0,65.11956340102938
52.0,57.23780193932123
52.0,63.13007239823827
71.0,73.34693494718323
71.0,76.0511998243532
63.0,67.23376309033034
63.0,23.831349744401734
65.0,69.57985746558927
65.0,46.470408120123466
74.0,78.30962942514924
74.0,65.08164287667074
71.0,78.44316664055151
71.0,65.27701599788782
79.0,86.79492473995191
79.0,60.61645581681705
53.0,58.479416405900736
53.0,41.547375974433635
38.0,39.49994939090783
38.0,83.01146772314888
24.0,13.645339133919379
24.0,21.071234111706644
63.0,69.57774654503987
63.0,69.12805177208958
70.0,78.11689432393251
70.0,58.712533415839744
70.0,78.34199294390885
70.0,54.492748874509175
83.0,88.23851771296484
83.0,76.85747300150996
69.0,71.66947399708636
69.0,25.933914874285563
70.0,74.87824490588253
70.0,72.6194413536549
62.0,65.73309861552792
62.0,29.419568910510293
36.0,35.550448096065224
36.0,31.113811704953548
71.0,80.42352844766333
71.0,79.89416825215108
61.0,65.56861660205686
61.0,37.89299393856129
48.0,46.11691925368143
48.0,64.76066294234528
69.0,75.55276841276253
69.0,61.44060481212762
71.0,76.08287030941045
71.0,39.91262461693657
60.0,62.00582708055896
60.0,80.90713779526948
51.0,53.994240213033265
51.0,52.21847145673314
56.0,59.96906203532467
56.0,75.03162492095908
15.0,1.2745894842307166
15.0,68.383428666094
69.0,73.86624667093236
69.0,56.61594520632167
69.0,72.69529725096243
69.0,77.41876156763988
22.0,14.661744437520383
22.0,58.17711670969334
29.0,25.536946257921045
29.0,52.639186683904825
66.0,73.31396667926543
66.0,52.80078643616713
39.0,38.67941549870841
39.0,65.39792206303474
78.0,85.6612024428918
78.0,60.48536061404087
36.0,31.838379968006393
36.0,80.86829416512137
38.0,36.710765919432674
38.0,69.55274425758466
39.0,32.52871128126088
39.0,77.41233126765502
69.0,70.37892330997005
69.0,79.81681180949835
33.0,34.23476411103019
33.0,28.46324979014463
32.0,33.83804684607367
32.0,74.28387171584467
81.0,86.43443761991489
81.0,65.51669678204206
42.0,43.303912971063596
42.0,64.95036121989682
43.0,46.932724428105075
43.0,8.837468583549764
34.0,33.614704327144466
34.0,86.0837741110131
33.0,33.10910535238378
33.0,74.93942661160901
75.0,80.32620657727784
75.0,83.12524276623265
61.0,64.563955205014
61.0,80.6095780448685
72.0,73.5906787947211
72.0,56.003169217555126
69.0,75.28058674562243
69.0,17.59743053479957
52.0,54.33684762927953
52.0,43.494299783620534
77.0,85.88449680978903
77.0,44.63384771732569
70.0,77.35852095247998
70.0,72.08337568629202
30.0,17.244737423987317
30.0,79.5647301660099
45.0,46.93264531398199
45.0,54.29807176415795
3.0,0.28525453554954083
3.0,42.75734881263139
51.0,51.88100562244307
51.0,61.6264803543894
28.0,24.312885857272533
28.0,66.07278964425086
66.0,67.10112398711237
66.0,54.88068085072155
43.0,43.7190556986111
43.0,40.067718257595345
57.0,61.42886259228277
57.0,65.75742555275986
74.0,79.81236202112763
74.0,27.50358468239301
35.0,35.23829577378848
35.0,70.23386145253136
48.0,47.30432477098361
48.0,83.86331087809509
74.0,80.42618451888842
74.0,57.81135748482808
76.0,86.74283417199968
76.0,71.64519620311415
59.0,66.10880624596018
59.0,66.87257120583041
64.0,69.84193026831468
64.0,79.3472963357907
68.0,72.77225030795529
68.0,83.79787307938204
66.0,72.23764075855837
66.0,51.75214461585216
67.0,71.56299369846857
67.0,77.9826838789914
28.0,22.621772335115224
28.0,76.57634901082145
71.0,75.23801027880876
71.0,66.00106722532013
45.0,42.91462098072526
45.0,52.652431664445714
73.0,79.79416374141891
73.0,66.92540869466114
56.0,54.83794778306816
56.0,84.94875383534253
74.0,77.62729271730257
74.0,24.47169292310224
68.0,69.97482126006918
68.0,61.99676752081166
75.0,78.89988730228981
75.0,52.10546473838531
68.0,76.33343596782925
68.0,75.14152152843195
49.0,49.28815817940722
49.0,84.96892925587207
80.0,86.85986731367063
80.0,70.13599353474058
63.0,66.3138220450312
63.0,75.66620428611901
58.0,53.41064781369374
58.0,77.1036639550822
77.0,85.763161474036
77.0,16.048669731873645
55.0,55.66962866286849
55.0,63.86450000318746
70.0,77.52878168872792
70.0,27.19753554206801
66.0,71.46081224891213
66.0,63.39738017825675
78.0,84.48140292148582
78.0,41.05937710116291
52.0,51.70834452462378
52.0,23.39343376122133
24.0,16.91195197132805
24.0,66.31820296323764
78.0,82.34351901747448
78.0,59.5626741210213
66.0,70.82051641166333
66.0,80.62127028758266
74.0,80.01007897014705
74.0,63.92876036306518
50.0,50.08597745383821
50.0,-0.435696146438886
71.0,75.01871260253233
71.0,72.49361407897658
68.0,69.08873936389682
68.0,76.61234023448765
70.0,73.85372581042856
70.0,26.754614379965915
72.0,77.17121204034186
72.0,70.37522342297365
67.0,69.47532785860204
67.0,62.805837988322196
39.0,41.18672092858196
39.0,83.57612744171621
29.0,20.364616439276972
29.0,62.96780681627615
64.0,63.56437990466469
64.0,55.92334616437006
66.0,68.90278262313319
66.0,42.0171799646842
82.0,90.41832047729912
82.0,79.53615309464197
39.0,37.40073297682409
39.0,83.80929076461217
68.0,71.03524297593947
68.0,88.05764443635451
65.0,69.13881873542249
65.0,64.10676903093582
69.0,74.9312057711162
69.0,76.49234598649167
65.0,65.81796757292187
65.0,51.83659404256605
72.0,76.85954863771178
72.0,40.68799938039257
75.0,83.0709581103606
75.0,87.41734874767144
60.0,64.60627249182357
60.0,18.70311366188332
68.0,70.54128750248321
68.0,69.53699053253877
30.0,18.84168642577322
30.0,33.96056871458785
17.0,20.185421600532152
17.0,67.12749361990649
59.0,57.59492373740625
59.0,62.915434186688
39.0,36.394649592883695
39.0,80.11238784250668
63.0,66.35739450815942
63.0,59.365327762380446
63.0,70.06632545379375
63.0,46.59888412897692
73.0,78.8619952572131
73.0,74.51622720302726
74.0,82.34510893380065
74.0,62.725743091743766
40.0,37.17343441964772
40.0,21.6715495208648
69.0,75.35329230663581
69.0,83.04189090906237
43.0,39.60356846872418
43.0,83.66641336727525
58.0,59.46322906952787
58.0,57.66034355072634
78.0,83.521670337822
78.0,39.268571054750055
57.0,61.78379381906586
57.0,53.515398249361
68.0,75.49516565242669
68.0,72.62116417195364
66.0,71.23169939103337
66.0,64.18219988966877
79.0,83.50255184578788
79.0,68.99007919612933
56.0,57.53456909484896
56.0,71.52152634073764
69.0,74.85088595606283
69.0,86.21841954500456
35.0,24.533721098124147
35.0,33.65689477548983
70.0,72.56658585486991
70.0,68.7610799071993
81.0,87.40849417888012
81.0,59.28036744503868
52.0,53.56104989179153
52.0,70.83889853527108
13.0,-3.533005803624178
13.0,73.59619286915262
77.0,83.7939221961434
77.0,62.677532928577364
71.0,76.08134730772662
71.0,51.87962400413221
65.0,69.3444884193853
65.0,52.080982242793766
80.0,86.52755030118396
80.0,73.44651148556255
59.0,58.427507703277456
59.0,82.22520840126663
70.0,74.22624017308772
70.0,52.8385919276684
21.0,18.443443247619314
21.0,30.847262478612265
64.0,67.63330557212953
64.0,64.42700156986837
52.0,51.83866881738112
52.0,58.99480282329557
77.0,82.0164681727249
77.0,72.50423069342929
70.0,78.77072280488466
70.0,44.30940709744874
45.0,44.817269698637574
45.0,63.89724010086479
74.0,80.81215211213106
74.0,82.70991288314764
64.0,70.91630200299863
64.0,76.41277040086601
79.0,85.52820780765103
79.0,64.07676873633886
72.0,77.66958040682425
72.0,65.13603911427498
79.0,86.57960010484459
79.0,67.30851901108491
63.0,70.42882277503179
63.0,34.191358166803354
63.0,61.87822167625228
63.0,78.27950749529748
76.0,80.67988119945659
76.0,40.73836443492536
65.0,67.88149811189578
65.0,59.39653009018468
54.0,53.250287683114266
54.0,62.73427644400374
75.0,80.11246339699642
75.0,71.13070610089994
38.0,43.680358229617184
38.0,8.837468583549764
69.0,76.19851766567643
69.0,31.4890314629248
55.0,55.94979100966964
55.0,44.30724383736077
78.0,82.58378560863048
78.0,77.66234763866083
61.0,67.2969655112496
61.0,72.57479296221163
64.0,67.00673619351056
64.0,70.05097607709826
65.0,70.6842200432439
65.0,69.75890543112513
57.0,60.57581808966671
57.0,54.93127398883087
20.0,7.0065440337231735
20.0,66.65495402877247
36.0,30.16713775966622
36.0,57.60555148831395
56.0,61.83379646104919
56.0,60.551721485900316
51.0,47.75814070788084
51.0,65.08514015834447
72.0,75.64408742922132
72.0,43.3892230246405
67.0,70.41680161150566
67.0,79.7114133015719
28.0,28.829553106810692
28.0,76.62655581931602
42.0,40.39389652552285
42.0,67.7741022041318
45.0,50.123430367793674
45.0,66.60041114203744
37.0,32.69667093649423
37.0,70.19862423390828
77.0,82.36472263123886
77.0,67.6209731593878
22.0,19.900472198510784
22.0,51.07393644921217
59.0,62.862741837069564
59.0,70.87842829694046
49.0,49.67299118560368
49.0,64.46262949769215
57.0,62.65496963931281
57.0,33.427171214862426
61.0,65.09803910990303
61.0,72.24437696453748
70.0,78.03686238111226
70.0,73.60414892088897
62.0,59.78990266423182
62.0,48.8465206483001
66.0,68.41001119875995
66.0,66.02107753577371
86.0,92.86210427131442
86.0,72.8617751190298
73.0,78.4935731874532
73.0,54.5095620911344
66.0,69.34557760590297
66.0,79.99605380412567
79.0,86.0733916768283
79.0,72.18795522742471
47.0,47.23489047769084
47.0,67.53064083104209
74.0,79.94188320712288
74.0,75.61414828550357
63.0,65.32304434355228
63.0,59.81067848785716
71.0,73.76427593229124
71.0,69.37455198549316
65.0,66.68501046314134
65.0,48.788478394212405
49.0,56.71705595694988
49.0,68.2783964958499
52.0,51.75865215439478
52.0,52.95078358058271
55.0,61.477294746779876
55.0,2.783757930797094
47.0,46.33814589085512
47.0,76.75875937979106
60.0,62.607761049053295
60.0,29.773070347601788
68.0,71.40862518939247
68.0,27.94477888923825
68.0,74.49267594872663
68.0,28.890563855439552
63.0,64.93947401412765
63.0,62.55257224186283
73.0,77.44860152366908
73.0,65.63969452673712
32.0,29.62963643737413
32.0,86.67814627635636
56.0,58.99675200470432
56.0,44.35109134710427
60.0,60.181277473213925
60.0,37.2759431145235
77.0,81.9454778764366
77.0,72.98438483086312
73.0,80.96974275860941
73.0,46.88477617651455
68.0,75.7287668646079
68.0,71.60944288238443
52.0,54.54461034678792
52.0,43.36673496452971
63.0,67.20709823039329
63.0,66.21171998403418
59.0,58.0124932098887
59.0,82.03130141600457
77.0,86.27102062633497
77.0,68.22103940672076
75.0,80.57962443243281
75.0,68.21105911457977
68.0,73.75749468363585
68.0,74.47702049819327
70.0,72.14108009471983
70.0,21.385556643594782
72.0,75.1153816387556
72.0,53.9781652163627
64.0,69.92769370233884
64.0,63.927106546786035
44.0,41.26253121597989
44.0,42.260621593537564
55.0,58.42408070763793
55.0,64.58238723843152
83.0,90.42001011368546
83.0,23.27864275292518
62.0,65.41683975735396
62.0,78.69197760239928
73.0,78.11791107548976
73.0,86.11410436802993
46.0,49.72016073797221
46.0,62.88882420328213
72.0,75.17520290119984
72.0,22.45868399369448
59.0,60.19342814972481
59.0,76.51255401796737
66.0,64.55242407292388
66.0,76.49878769802251
44.0,46.05795372968629
44.0,81.1159104436789
41.0,44.50713886560288
41.0,47.894061645153215
76.0,82.3126888166716
76.0,68.47813122237136
68.0,73.83009324940394
68.0,46.88452104492086
71.0,75.59309255130728
71.0,51.242312392868826
71.0,72.93416069186691
71.0,78.52161525445996
74.0,80.39425294435205
74.0,57.352423545149634
72.0,78.23326474113952
72.0,76.72473189111679
62.0,64.74012645904065
62.0,89.30228503340072
49.0,51.507611836765136
49.0,37.26772247185892
69.0,72.59831097943436
69.0,63.945281542539476
50.0,46.06620864833923
50.0,65.00102324961563
60.0,65.55741112996122
60.0,35.4459741039326
69.0,74.74332155849095
69.0,61.0233086036618
60.0,61.42849838904158
60.0,39.94123827300905
68.0,71.1363908162046
68.0,48.25818178888392
43.0,41.67990644857775
43.0,74.6011346687356
40.0,34.26710418737315
40.0,75.59944137718105
53.0,51.47341001563103
53.0,76.9644547932885
41.0,43.41143381286844
41.0,60.18134077433672
64.0,64.82172410978723
64.0,18.16012869695578
73.0,77.60414608731128
73.0,62.7924712673514
72.0,76.48000764450546
72.0,85.43534910346551
44.0,45.08136983445684
44.0,53.315799315643346
61.0,62.6707878650858
61.0,68.81857643555446
71.0,75.60065422175677
71.0,28.87092263944004
45.0,47.92894194712363
45.0,62.46502201833357
73.0,78.07445432608381
73.0,32.23292081413143
72.0,78.11621878154409
72.0,78.56900338561434
48.0,49.74872469657407
48.0,39.981247011180244
69.0,72.98305451970487
69.0,69.5960221392715
48.0,53.595661192398154
48.0,47.92987009605406
65.0,66.62230683497671
65.0,60.66262227822938
22.0,15.786624328507742
22.0,71.34726341262865
79.0,84.89381951109834
79.0,52.6792673371599
48.0,47.338135161369905
48.0,76.87626098217152
38.0,32.945171959999584
38.0,48.17701941991635
74.0,78.89525642229484
74.0,55.65493762858057
35.0,29.58772370375135
35.0,60.09552503189258
70.0,78.27460346467291
70.0,86.53181124290029
73.0,77.8827997417186
73.0,25.411182048653416
69.0,74.85821049866536
69.0,58.70679770551567
75.0,80.32597451022207
75.0,60.7340517758098
39.0,39.84269154894815
39.0,51.739775652476396
66.0,69.50905649766315
66.0,77.08349803545076
38.0,30.14027219034739
38.0,46.65849502480489
63.0,70.97908188295969
63.0,86.65929482132458
35.0,34.24823363232895
35.0,85.30735908463362
64.0,63.66030571389757
64.0,10.313873609116172
70.0,76.38272318917541
70.0,49.96116317585165
61.0,63.801761373555394
61.0,58.321360100099184
32.0,26.516596396220677
32.0,56.25659290426262
43.0,43.439986749722095
43.0,69.23168859886522
59.0,68.5715505190999
59.0,47.96061146640494
32.0,33.42243700547084
32.0,77.77472130901651
58.0,62.78337150574663
58.0,79.00936407683315
42.0,48.93774846344178
42.0,83.7436894600533
59.0,61.235843484160625
59.0,55.979884211603064
58.0,60.18322356682131
58.0,61.99140801071604
52.0,53.65401154615904
52.0,75.26486547324419
14.0,9.397910293421546
14.0,7.328528252081583
62.0,66.20793368731398
62.0,27.082549695585385
14.0,14.873404033237819
14.0,63.565718274315884
65.0,66.33936078939172
65.0,59.16046358187384
68.0,72.92019849255257
68.0,67.15577604992478
83.0,89.5901947981111
83.0,25.32022677715827
71.0,73.79838270729698
71.0,71.0241831046726
59.0,63.414264419216124
59.0,85.76606218434029
56.0,52.76394717012141
56.0,77.81486334711445
62.0,65.79290312641552
62.0,75.78290900985587
67.0,68.88822973572462
67.0,76.15355701456707
73.0,77.24058766849629
73.0,77.78922396023773
28.0,20.455346980471404
28.0,43.530001550142515
43.0,42.852079900529986
43.0,82.42946709858683
40.0,41.78518005092383
40.0,63.86326732285846
63.0,61.41866224758854
63.0,77.12598757370267
61.0,60.09186298747312
61.0,72.8328694560322
69.0,71.18193477355447
69.0,80.21654629936825
73.0,78.9974179269978
73.0,75.23658566371205
58.0,58.48671962526009
58.0,74.11076160007474
21.0,9.753207939415518
21.0,63.106871224867405
22.0,26.58886031998196
22.0,60.852533988308096
64.0,67.33764079851073
64.0,34.530619085497676
70.0,74.85269966256539
70.0,78.39692819385988
73.0,77.9975085167909
73.0,24.251858797836633
71.0,74.0151368806292
71.0,65.76398709529309
69.0,76.66495637474065
69.0,27.243731299255046
62.0,63.48354955806593
62.0,60.94183507909605
52.0,56.74426693290144
52.0,77.48342978858193
66.0,70.24490332008276
66.0,39.25115425438901
25.0,23.601628299765878
25.0,66.83438331531852
30.0,26.127097864853965
30.0,61.59083493972264
81.0,87.87986792440637
81.0,55.18671089904399
63.0,64.75088389731525
63.0,57.54516790972758
55.0,59.779184126762516
55.0,77.2518198066141
37.0,32.95637142518069
37.0,89.45524115025836
74.0,80.50919188094872
74.0,53.107295175544664
60.0,62.533050210517445
60.0,75.4724684137276
69.0,76.40314916849059
69.0,78.08490062287069
27.0,31.086363286706955
27.0,61.26118787368483
33.0,21.6414725935997
33.0,75.27779148163421
69.0,76.31548403809859
69.0,56.16620351561397
73.0,77.88377986075295
73.0,84.07391714536334
27.0,14.445321661748892
27.0,66.9025978734361
56.0,52.49450623695276
56.0,53.91450115986635
38.0,41.1405513669925
38.0,33.34663397999827
74.0,79.70579582200031
74.0,74.84170067653076
40.0,32.21931328483822
40.0,50.01735410433099
44.0,43.674588838565626
44.0,50.63299354725325
66.0,67.90205862561032
66.0,45.670114293642655
51.0,45.08723287582927
51.0,84.86851046538482
55.0,60.09592249078224
55.0,85.50856699630117
25.0,13.7562909817878
25.0,7.51896303411894
54.0,57.56788728790531
54.0,67.96347645511173
55.0,51.598422827222805
55.0,68.47311249486972
37.0,35.09036436916978
37.0,26.93166787536586
73.0,81.73885531295235
73.0,30.7926993611959
25.0,25.932921832899126
25.0,36.74508183680177
47.0,39.36017434820212
47.0,21.53196783309727
53.0,54.23716630561353
53.0,68.96100545821946
40.0,39.58416155019842
40.0,71.6833701270524
57.0,58.52851391909263
57.0,49.61726176571722
67.0,68.2660409000855
67.0,28.324131295791233
57.0,59.9928363948635
57.0,89.23282836461112
63.0,70.30435558454172
63.0,42.19634752862112
75.0,79.0823625324204
75.0,69.83435713460875
66.0,67.67360885331101
66.0,30.689828637515916
18.0,13.855866185803563
18.0,43.32965969799443
70.0,73.40827841147177
70.0,78.61206007464
40.0,39.8323112606202
40.0,47.14635791912673
78.0,85.33578498129214
78.0,91.35665917634071
74.0,78.0674392168541
74.0,55.39433577010897
80.0,87.4577712144768
80.0,80.88333565564727
66.0,68.40899183647628
66.0,74.96254864854967
66.0,72.68923507698958
66.0,54.4993463303
36.0,34.891756742976554
36.0,78.19880301881801
56.0,63.60751484797561
56.0,35.87139169147065
46.0,45.25390097287158
46.0,41.06876097711046
50.0,44.99745428960722
50.0,65.08670455325864
71.0,77.9975085167909
71.0,75.11829203509518
71.0,74.58358132285571
71.0,70.81386003824719
52.0,56.24925553769009
52.0,72.07226057496644
10.0,-2.9835609517677995
10.0,67.2413180025834
65.0,70.36505816856254
65.0,69.51468612327187
62.0,61.69390234965158
62.0,59.39526095316057
64.0,68.0470277702654
64.0,64.28345985171853
14.0,13.276277018045107
14.0,79.56345283981068
24.0,9.75281863987567
24.0,12.214888314493294
54.0,56.42422001145093
54.0,26.464414182094345
63.0,62.210232815955976
63.0,69.83224488949617
73.0,76.65532735085668
73.0,70.99484606112372
61.0,64.07305874232003
61.0,77.8524616310358
76.0,81.53137735731718
76.0,58.01328076974289
24.0,17.025692805058043
24.0,32.83907882658332
65.0,67.64445047793515
65.0,37.16193018926316
78.0,86.72623898940157
78.0,81.41965008322268
59.0,61.013630150939264
59.0,75.88565617392635
72.0,77.1579727282649
72.0,85.18272754779434
35.0,33.75796634542428
35.0,27.52777227474371
66.0,72.25803323360384
66.0,55.35458717525307
67.0,66.38602293793349
67.0,50.41862379381166
45.0,50.05717981727315
45.0,79.8769618455442
68.0,72.38189052498484
68.0,70.6842200432439
33.0,27.459162962748053
33.0,55.12595627124625
75.0,81.3013243940614
75.0,78.7207206337834
33.0,30.76166731458568
33.0,77.29949043820335
26.0,33.60943422988771
26.0,84.402852612348
30.0,31.913272022467424
30.0,68.68979889449241
76.0,84.52796650150907
76.0,68.2581178356076
76.0,84.75537129445291
76.0,34.75009812361037
57.0,62.22704371427909
57.0,85.28140455474983
60.0,58.28227322836432
60.0,61.76854108237774
39.0,38.485564040030965
39.0,73.90570857474779
48.0,46.49158768265977
48.0,46.66617787293518
78.0,86.22329438489027
78.0,58.677769384340195
66.0,70.01950278621803
66.0,67.72216139311621
70.0,74.15298244022011
70.0,81.14121384908759
62.0,66.20491751623251
62.0,72.1273425452273
59.0,59.719860633580936
59.0,72.64156989912482
61.0,69.10038085739751
61.0,50.53214450601217
70.0,75.23994619348662
70.0,71.67769764829427
55.0,58.0316184134785
55.0,2.6368210851815093
65.0,70.14037128878772
65.0,80.51084218044303
42.0,44.27568370108361
42.0,63.359139541445415
10.0,5.1143074570899785
10.0,12.602515157092
46.0,46.952621855098926
46.0,66.87964959987022
70.0,75.03629912166929
70.0,82.53916177639826
76.0,81.93124703416657
76.0,73.08582110049775
56.0,58.162958428342904
56.0,52.1403664622913
61.0,60.82948363158681
61.0,74.52589508668831
64.0,67.49358018729242
64.0,67.00381272659456
61.0,63.240996909002774
61.0,67.52132007029269
61.0,65.90778971719931
61.0,23.914444422556016
60.0,63.69072173721844
60.0,70.74889475757368
62.0,66.23378592190431
62.0,77.7534312294315
55.0,53.25491586314479
55.0,82.87411347800207
61.0,60.52025845830394
61.0,81.3557662680924
69.0,74.81492819109599
69.0,70.95561308373891
15.0,14.3404511841307
15.0,72.44729983046005
67.0,71.8134028749318
67.0,70.77106952918672
78.0,84.08658213427424
78.0,45.55247822721827
47.0,43.22847253096626
47.0,74.8718213062553
46.0,43.44467688318588
46.0,74.44800659266252
60.0,60.97090130180959
60.0,62.593100507039196
62.0,63.496165059230805
62.0,67.02136029296679
55.0,62.91246548069404
55.0,66.91249871535518
69.0,71.1453687226628
69.0,35.16869154709974
52.0,52.31117182201717
52.0,61.39461834010672
69.0,69.40660880179604
69.0,67.9620642701874
77.0,83.04869752080464
77.0,76.44784605669958
67.0,73.04054305846785
67.0,90.1207708014066
50.0,57.30811029742512
50.0,41.38080118988381
80.0,88.72166078219192
80.0,48.77216212901675
79.0,86.17772713293891
79.0,61.2546472499526
75.0,82.82562946877636
75.0,74.16342949148856
56.0,56.686829926785094
56.0,52.16991994112618
73.0,78.05614418879958
73.0,53.09312157030553
65.0,68.50531821087407
65.0,75.20958013279795
46.0,44.44039075314305
46.0,71.61409837693992
77.0,85.29851114368802
77.0,45.19958168776179
46.0,53.4150553646769
46.0,67.87002949574253
65.0,69.11744407178202
65.0,78.54636548192195
53.0,55.34520485175187
53.0,65.21924963983588
34.0,30.525542043619964
34.0,86.17844158681453
70.0,76.53699032279593
70.0,63.428023587469966
71.0,75.0604534355677
71.0,49.88216572400751
57.0,58.414914019950174
57.0,72.97576858757134
33.0,40.39686584269083
33.0,50.026084279489
67.0,75.21483094071431
67.0,74.85984315476088
58.0,55.32139991836283
58.0,39.516526533405795
31.0,27.51214157335795
31.0,76.70891308674027
53.0,55.53009195450346
53.0,59.152336489020854
61.0,64.44802260258814
61.0,56.87148837536682
62.0,64.80299790197216
62.0,43.65400083049906
20.0,14.700679719147445
20.0,65.69864804460542
74.0,81.90021214033248
74.0,71.17497197849087
56.0,58.75434883262392
56.0,30.247057145733947
64.0,70.70559499032254
64.0,50.30752630690358
55.0,59.45823806038226
55.0,71.22447905835139
77.0,85.62423647294247
77.0,61.40852392028194
64.0,70.21040443046365
64.0,26.026171570897645
52.0,55.47414088986119
52.0,8.767572368907395
51.0,53.94476147975632
51.0,66.64999197793048
70.0,73.59405329365086
70.0,53.02128956672027
40.0,35.929893093771966
40.0,80.35007073729088
79.0,84.86441647212018
79.0,50.825846179948485
72.0,79.21100450207138
72.0,77.77044906438289
52.0,53.98647414313467
52.0,43.54964616838163
36.0,33.984328599210414
36.0,66.91212404510242
68.0,73.11798196126784
68.0,29.08291362978946
21.0,18.445150375724495
21.0,88.25159722568287
65.0,70.3161895420086
65.0,86.19719611619428
61.0,67.80298421517222
61.0,80.20093049843638
51.0,49.29812421309674
51.0,80.87243018740736
57.0,58.76208595668919
57.0,30.510345993838712
67.0,76.26253785957721
67.0,68.94909671945595
12.0,3.485663951872425
12.0,73.97459405290897
72.0,79.82571018626976
72.0,81.72013720755223
77.0,83.01517364586698
77.0,67.84314342028654
64.0,65.30585546704981
64.0,64.46352480562928
75.0,80.80529648625242
75.0,60.88960913889969
53.0,57.168414972944504
53.0,72.39664048192617
73.0,77.91203072410002
73.0,63.28713190285089
54.0,57.982442033236055
54.0,74.61457841085797
64.0,64.42491961673892
64.0,59.385767455126995
68.0,71.27928512818767
68.0,45.90375759602438
77.0,81.67170387625094
77.0,90.99237853119627
70.0,73.39643769856974
70.0,45.062118520337606
51.0,49.917305805123135
51.0,81.98795732834418
63.0,65.06588760504093
63.0,75.14536194366161
46.0,43.77642686543862
46.0,65.7272346318627
20.0,21.494202984204662
20.0,65.96115589996981
78.0,86.41523675645544
78.0,81.86662100942169
39.0,32.90313547477524
39.0,61.7782420335343
74.0,82.68803941289406
74.0,47.497714055841186
62.0,66.70548482164395
62.0,53.49824394444619
48.0,50.61281340106848
48.0,83.29892401279517
50.0,53.738859455883926
50.0,73.76776676039384
16.0,12.460264729762457
16.0,71.18637287653576
62.0,67.88602410834835
62.0,83.8808070324207
58.0,60.32439091016573
58.0,70.2886576743901
45.0,47.310240750201274
45.0,73.37513096459799
52.0,47.14478045435408
52.0,70.80847792011491
61.0,67.53854178206547
61.0,42.84745362294706
58.0,62.705987558682295
58.0,72.15558176296884
46.0,44.970385204139006
46.0,26.321631622556367
68.0,75.35024095714061
68.0,56.5532816920649
76.0,81.80098907478362
76.0,91.83309635369108
65.0,68.57913326358545
65.0,75.0371060387173
67.0,71.8155856272457
67.0,75.18838838649566
59.0,62.675646458925314
59.0,67.92096487439858
66.0,70.74573247441072
66.0,71.66118178203908
76.0,83.19385383513412
76.0,79.2141792085776
65.0,68.37311641067521
65.0,57.16943669218557
76.0,83.39224282319162
76.0,24.121389805808178
59.0,63.704404700534496
59.0,63.38463523954243
65.0,71.77391109275084
65.0,39.123206598734896
70.0,72.20875109646181
70.0,57.070423554820536
73.0,77.62995216131424
73.0,74.14341990362061
66.0,70.16599925384855
66.0,63.523870025511656
76.0,81.73091122443566
76.0,88.37786938651595
50.0,52.19825951201324
50.0,82.7050831749977
78.0,87.15634473069036
78.0,85.97213214486959
37.0,34.9018273966696
37.0,73.22310096329306
64.0,70.40241339563528
64.0,78.43085121115018
64.0,69.72563628267437
64.0,67.09276319340262
69.0,74.15021544537552
69.0,82.30367291495139
55.0,49.92711261068814
55.0,53.231133995312916
67.0,71.60885201665508
67.0,73.19057192665304
76.0,80.7771407681605
76.0,25.532551328679176
63.0,69.72375407181221
63.0,59.22114476341045
53.0,57.21965108005395
53.0,8.128091772017456
37.0,34.9018273966696
37.0,79.11049686233815
36.0,36.417453557407555
36.0,60.179572831794076
54.0,54.17854127787109
54.0,77.12724048196009
61.0,63.60274041763546
61.0,23.651537503951317
81.0,85.4348664640001
81.0,28.327387975193062
51.0,52.8772083024279
51.0,79.36744274553575
58.0,60.19956116661092
58.0,73.35322529714091
69.0,73.83497266611039
69.0,62.50714356932559
29.0,19.432492251561655
29.0,45.52002988424721
76.0,81.8929854597207
76.0,56.87633205742139
57.0,62.612907954716206
57.0,72.02221652114622
46.0,44.409379029683464
46.0,79.31206894706264
50.0,47.9710976170785
50.0,81.96989975320804
71.0,73.67212407783774
71.0,74.248429444767
74.0,80.36858034347364
74.0,82.3538678416154
39.0,36.282367869243274
39.0,71.37998576593867
69.0,72.68054244982318
69.0,79.2072668471751
68.0,74.30232787160924
68.0,65.7087218177486
75.0,79.38402039292532
75.0,71.86554902930044
64.0,65.81046877741062
64.0,71.9430889501973
75.0,85.6332508652817
75.0,71.18864038727753
65.0,64.81051235288277
65.0,76.22563430919092
56.0,61.72930288620836
56.0,43.74232533124729
45.0,42.38307537146403
45.0,70.3377708811584
46.0,43.10284732750699
46.0,61.25226505968317
62.0,69.8899634577831
62.0,66.51701802487798
59.0,62.058485645999895
59.0,64.94550387705141
45.0,48.925034013474146
45.0,81.47611898245026
74.0,79.73914672191006
74.0,66.01715529171526
80.0,86.25510524115617
80.0,67.0050343727965
41.0,38.391381488183185
41.0,65.23373000926591
66.0,73.41372962426681
66.0,76.88867550591965
55.0,57.973407176358194
55.0,72.0659323964502
51.0,53.18872062055033
51.0,62.24911219280796
80.0,86.11594777264054
80.0,77.78745939991802
69.0,74.81138885181656
69.0,50.76888985986977
69.0,75.85277645810703
69.0,55.88999072210714
57.0,59.58747866037197
57.0,73.01771028531738
29.0,31.323852723022753
29.0,15.378488225517003
49.0,51.223812572620716
49.0,85.47022524954713
80.0,87.67215247163023
80.0,74.44483126871194
81.0,85.99092669345055
81.0,78.48538865442833
70.0,75.82977310793933
70.0,73.7162437049326
29.0,25.27870012586908
29.0,39.994452694079314
37.0,40.59314930414149
37.0,67.0977983547105
57.0,64.42797944534738
57.0,83.2469310184083
74.0,80.96315434263767
74.0,81.61585396050913
47.0,47.96434326050405
47.0,39.78437241072987
32.0,26.244378201302027
32.0,23.768623291871677
33.0,25.295872661861722
33.0,81.34343193186385
82.0,89.03270305298724
82.0,77.48008000895345
61.0,64.70921594549515
61.0,63.78866728460798
68.0,72.83407648622091
68.0,78.58372399534096
68.0,70.6887798943427
68.0,47.44634581824778
55.0,59.92730868950582
55.0,71.14470459801589
74.0,75.57331018454971
74.0,53.07343678919892
72.0,77.84766639101872
72.0,82.083170498188
44.0,41.05937710116291
44.0,60.92734215260833
71.0,78.56054154900556
71.0,44.943025363898016
67.0,73.78306600412589
67.0,64.89172996991772
71.0,76.54295238076367
71.0,60.089294887044844
69.0,76.90449019178243
69.0,86.75756338830553
64.0,63.80064883190687
64.0,81.07384051237648
67.0,72.63472843001927
67.0,43.79832937958702
65.0,71.55564723938846
65.0,47.96064117771692
53.0,55.09884353378402
53.0,74.11581627927956
38.0,30.31210451201622
38.0,40.10483790710691
66.0,69.90544751287666
66.0,21.071234111706644
39.0,30.233321858260183
39.0,79.72488818886444
78.0,83.08081065119774
78.0,77.06269917751314
64.0,68.98541217078417
64.0,32.06792824122823
71.0,72.4379772356495
71.0,35.351946110173
85.0,92.01610314331208
85.0,89.82571618469757
70.0,74.17082723782903
70.0,70.57025929782901
55.0,59.66331833430928
55.0,29.067720292327294
28.0,25.773872226971378
28.0,70.53846477292637
78.0,87.28093784715776
78.0,14.41151780198578
60.0,61.31375022142362
60.0,56.71398716291816
69.0,71.81393737453988
69.0,79.02712227031896
77.0,82.09695511496881
77.0,68.1986062077462
49.0,41.62213099989992
49.0,81.5477040788515
61.0,62.94775993281206
61.0,73.77305028056594
10.0,14.013060982236937
10.0,26.51228077672448
64.0,70.35427504976644
64.0,67.34533533026507
74.0,82.01105087294167
74.0,80.87629516857578
64.0,65.28762623429492
64.0,89.24317787043384
46.0,39.61199154665621
46.0,73.07030120361264
72.0,75.65607753301612
72.0,61.39390417877985
68.0,70.95275139014814
68.0,52.18105558820372
68.0,70.82227563850148
68.0,74.97385066870555
69.0,74.42410853200039
69.0,68.72442539373293
22.0,15.94137209901794
22.0,60.62580986264851
59.0,59.78438153661335
59.0,50.60897650567085
71.0,73.57195541462369
71.0,60.58558970161579
67.0,72.13630883714518
67.0,83.13376944189014
47.0,53.49769927964536
47.0,56.90745586972224
71.0,78.61521854793926
71.0,10.313873609116172
50.0,50.11982803645469
50.0,78.88676169465896
65.0,71.69652070307257
65.0,57.761764678711245
40.0,42.842792436117236
40.0,59.61400401170141
28.0,18.965973445638554
28.0,39.48719077503205
68.0,79.02827787104576
68.0,71.00414735028886
75.0,81.38323954537265
75.0,73.928924349348
70.0,73.09698060915974
70.0,77.91913728828484
78.0,85.57964950102502
78.0,34.67567072040856
74.0,80.17731559756425
74.0,73.61605428255945
56.0,58.96647730569043
56.0,86.49906558187143
64.0,68.93678330278163
64.0,65.77289765246218
68.0,67.3266736542621
68.0,77.3971445282636
71.0,76.70124650625041
71.0,65.36727101695772
27.0,31.355210976314254
27.0,76.3585829794776
74.0,82.00663544526742
74.0,24.965400344186037
34.0,31.927925746190226
34.0,79.12517391511949
48.0,40.31353727235188
48.0,72.47499084679419
62.0,69.12157190317532
62.0,81.27347686737846
22.0,29.25593425537869
22.0,78.36906490558022
63.0,65.99096078906291
63.0,72.98954398094662
64.0,64.85149471789543
64.0,68.31561286846517
71.0,77.84888951043035
71.0,51.214967242567695
67.0,73.82778952267506
67.0,70.82072623941639
17.0,12.291653426232642
17.0,70.98192514884533
64.0,66.67715961982748
64.0,67.36848852054976
66.0,70.16044289851533
66.0,78.03814359762123
28.0,23.370132881765926
28.0,75.72672087141291
78.0,83.22714295247152
78.0,61.23193914510563
70.0,71.95828603628246
70.0,78.55658792757993
66.0,69.83086468337831
66.0,85.52208009000339
20.0,12.68098090985012
20.0,48.77783883187743
66.0,67.20876663102388
66.0,75.92393439943493
38.0,35.35401661509138
38.0,46.04521502197417
71.0,74.45178060844688
71.0,69.27688636740498
66.0,72.52006127158478
66.0,73.65124430439374
68.0,71.95926108639941
68.0,53.08501125316593
76.0,81.30632636916539
76.0,31.236886206907513
62.0,64.32263423829079
62.0,68.06105560248255
59.0,58.24614020492447
59.0,74.86541820870264
61.0,62.82374450551242
61.0,41.88741333968443
57.0,59.647767153979544
57.0,66.32684879771722
73.0,77.86618124300333
73.0,20.40059625031381
68.0,74.14046089914041
68.0,69.88462300611968
76.0,83.64148443642603
76.0,83.60077176199042
76.0,80.59359845578786
76.0,80.01918973193943
62.0,62.743527222600164
62.0,61.541362178861846
74.0,76.33518428769963
74.0,76.15890796523831
49.0,53.322838327194916
49.0,73.78554887743331
71.0,73.31318157981707
71.0,72.5704482806699
48.0,48.214598076818845
48.0,84.17280271697052
65.0,67.87608797802335
65.0,57.54972531276337
27.0,26.11217391376482
27.0,72.17801988365215
73.0,79.6610277427684
73.0,60.58871377107175
69.0,75.33542812059335
69.0,75.06364417245027
55.0,56.53172302063598
55.0,69.12827224997392
76.0,84.69104426609812
76.0,71.02953622964304
68.0,71.44808831516627
68.0,56.326001787516134
18.0,16.463703503576426
18.0,79.47689048392124
73.0,81.76310781050137
73.0,53.68881909882634
62.0,66.2005979027864
62.0,67.61422004126854
46.0,50.344219499136784
46.0,74.24701679377495
30.0,24.663046811459765
30.0,77.65847441513694
63.0,64.52273972716546
63.0,89.97420557227497
71.0,78.26317741703377
71.0,20.40059625031381
67.0,71.39706514924922
67.0,18.105533305282506
69.0,75.81035056795423
69.0,38.219228420900095
57.0,51.121179420414364
57.0,65.6536421865647
61.0,64.24477019321597
61.0,46.119715455624885
48.0,40.913761192387085
48.0,42.852079900529986
74.0,79.4929441053066
74.0,75.29942317659652
66.0,67.54890378434766
66.0,53.8145633026254
61.0,59.492292123305106
61.0,88.7603885789448
74.0,79.3096031839795
74.0,79.44701770471602
57.0,58.19465790513891
57.0,44.843089009646974
55.0,59.194643775336715
55.0,90.43311241382492
73.0,76.1220417984278
73.0,74.18609197227727
86.0,94.59666576366448
86.0,9.632167419788232
43.0,42.319436273658425
43.0,86.37215747295778
63.0,65.15569230845819
63.0,79.5297933278768
58.0,59.17158762048774
58.0,56.23221878264451
36.0,40.841260543879685
36.0,31.73455702286634
34.0,30.382559876004052
34.0,87.27833759807885
58.0,55.9744322832056
58.0,51.72875153974837
69.0,74.59585117468168
69.0,70.9684455483802
78.0,83.97951370952899
78.0,79.64525533041677
72.0,80.65056913700715
72.0,41.1167811628066
73.0,78.63988181245861
73.0,24.995129667400477
64.0,69.95095595215867
64.0,61.108708272199465
74.0,78.2694515100651
74.0,74.42419108253677
72.0,78.62185103708879
72.0,67.77481159972439
74.0,80.02276360703559
74.0,75.41566414050419
22.0,27.316026542005886
22.0,88.1467756590938
76.0,82.96916794106471
76.0,68.68967190050682
54.0,57.4544401012044
54.0,76.86247050008649
50.0,51.20056774227726
50.0,27.966284138404774
77.0,84.77047331639596
77.0,75.46209434935622
56.0,56.867299308629924
56.0,73.25492559576685
79.0,88.71304933256158
79.0,44.54002513590558
62.0,67.34617461381708
62.0,37.49804412465005
70.0,72.57555121204956
70.0,53.881329910759234
58.0,58.701131567240054
58.0,78.01143232943815
46.0,46.21206531672226
46.0,71.33287035357893
51.0,50.63466870584256
51.0,75.58453216323073
68.0,73.42737890550382
68.0,68.73023378971425
58.0,56.64781444724241
58.0,83.31766671867553
44.0,42.67417008367926
44.0,54.5244067873449
49.0,51.25777470441864
49.0,45.92990026382364
58.0,61.43466374943284
58.0,72.4013557574217
66.0,73.17500470179033
66.0,73.4482697814808
55.0,56.232896133636075
55.0,43.08622819162895
66.0,67.71905516836136
66.0,46.13702206779948
66.0,69.77986839075942
66.0,72.18273457989386
27.0,21.87255350664475
27.0,75.63832029390682
29.0,18.107745201717933
29.0,17.336022122930956
57.0,66.0092568348905
57.0,82.601418293591
53.0,54.4740248196041
53.0,76.76738000389696
76.0,82.76601325635153
76.0,59.5354129146981
74.0,79.27538385540333
74.0,65.5730490852556
68.0,73.94758667552185
68.0,68.51335833104906
50.0,45.2162431234857
50.0,36.811873504750395
37.0,33.044343777779204
37.0,78.28713350190634
68.0,75.1260506006929
68.0,54.489933992837905
67.0,74.59858457285839
67.0,49.64433014171692
60.0,62.09009344068738
60.0,60.60175888179879
67.0,74.74095021648827
67.0,19.119491542419894
66.0,71.13153792289677
66.0,55.61156521360027
81.0,87.32521985981651
81.0,71.91799907535597
63.0,65.24531277439507
63.0,59.986508508091674
68.0,73.85660488926118
68.0,73.35738862130762
41.0,43.74739806962492
41.0,75.02373257962103
74.0,77.37816626409779
74.0,80.16861509525944
58.0,63.12830194781276
58.0,48.651411633369776
71.0,75.15351056009644
71.0,64.86830537789831
76.0,82.36114192655805
76.0,71.65383012984455
77.0,84.23752279383501
77.0,46.353685747954614
73.0,77.48271878285931
73.0,50.59921189319152
51.0,55.0666051010935
51.0,72.39356516093113
47.0,43.578491543722464
47.0,81.72186019713587
62.0,59.23530005412647
62.0,21.02514309074394
53.0,47.436153947515606
53.0,25.501879880458716
74.0,81.07909580250112
74.0,73.67604239983427
66.0,71.15582118056449
66.0,77.83723984047157
62.0,66.03647083450863
62.0,21.21219097411887
55.0,53.90794245257587
55.0,69.34512555882435
51.0,56.7703198464701
51.0,59.897150511178324
44.0,34.66800945153875
44.0,84.00896596428726
55.0,54.398879102952094
55.0,84.64157511651831
77.0,84.65507222263454
77.0,52.15421310447039
50.0,46.3130068950677
50.0,73.17778127423236
70.0,78.75974186302221
70.0,55.49126729549948
76.0,81.74867404623092
76.0,68.63876013338034
42.0,37.09198698476712
42.0,62.78552186664831
66.0,72.19416126474812
66.0,83.38860545276333
76.0,85.88299244674573
76.0,47.706922897419645
29.0,25.169666214583287
29.0,56.94677446090611
61.0,63.66319803853571
61.0,34.140305622000824
66.0,72.17984261429041
66.0,65.94596157818171
61.0,63.22365547701253
61.0,72.6397740236161
59.0,61.925389263651994
59.0,35.0532063843055
69.0,75.13785323913476
69.0,57.028685590483576
62.0,67.07402681065327
62.0,23.198671764015387
69.0,72.30899145922945
69.0,60.62881962489644
70.0,76.45883749673993
70.0,70.31011868156435
78.0,82.70975851813989
78.0,41.26357826873692
71.0,76.46133553699747
71.0,73.70387938688833
64.0,67.61307720138888
64.0,51.322664001931116
69.0,72.89450582701471
69.0,64.29420872059438
76.0,82.11532376671937
76.0,60.72751253846019
44.0,42.744167203656616
44.0,4.972160751765784
68.0,69.34942514182694
68.0,70.09093389521848
71.0,78.48593270522895
71.0,31.887394737423392
64.0,66.51896136901189
64.0,62.48648659776404
63.0,69.54212020888338
63.0,60.573812176088836
62.0,63.423307629147814
62.0,75.16060926789066
61.0,62.26821396670164
61.0,28.06799522015791
59.0,65.16765174451479
59.0,53.98276651506296
68.0,69.82428515285523
68.0,61.497028299890644
60.0,64.43881046282411
60.0,69.93201195092985
64.0,67.65153785024484
64.0,41.08862677398923
34.0,30.054003400573492
34.0,63.90419769073179
42.0,44.71892266167475
42.0,61.68391823223635
65.0,68.53784673908132
65.0,78.92967106819265
55.0,55.20438622856324
55.0,61.479162075368095
53.0,52.82239233381085
53.0,28.47789139533154
62.0,66.92218074995753
62.0,81.69038503232798
44.0,38.957021929145355
44.0,48.38756919866444
66.0,66.41608023036804
66.0,69.98184610993741
46.0,50.11499488566204
46.0,67.06202550043668
25.0,13.698062853103806
25.0,73.20157467535574
62.0,63.95897588675251
62.0,73.30762286499015
62.0,63.73275686770455
62.0,42.978388183361744
70.0,71.3711108601808
70.0,73.33951072391471
60.0,64.28813658612046
60.0,72.44198525345195
67.0,71.23006955905618
67.0,77.28652121002244
38.0,39.84269154894815
38.0,35.932521589691476
65.0,67.17791770127269
65.0,76.71835553270063
57.0,55.53761758120396
57.0,78.49002634727299
64.0,67.76537363858802
64.0,81.44041322619239
68.0,70.95208430406797
68.0,63.24936374655488
58.0,61.211639578923325
58.0,53.60633898858384
65.0,65.70369411493448
65.0,73.63871691733499
67.0,68.70990457906788
67.0,31.311468200725812
38.0,43.13530269022772
38.0,77.93702273270117
54.0,57.69987243653412
54.0,44.07728298559459
54.0,57.27137843338528
54.0,48.537753251870924
78.0,84.99177168513347
78.0,68.60938258800275
19.0,9.423215869976218
19.0,68.4992600652568
67.0,68.37025024841665
67.0,91.19231279836288
63.0,62.90037224151797
63.0,81.95070040433382
55.0,55.46727869301435
55.0,88.26274622464422
70.0,75.16397333114747
70.0,54.08823220808466
75.0,81.95941610036817
75.0,30.11603124068762
49.0,50.873122569713075
49.0,34.580952554769965
72.0,79.72909784412201
72.0,61.49112476773473
67.0,70.2424416423674
67.0,83.92371040897888
75.0,81.33702425480186
75.0,30.71881137519989
67.0,67.92995058804661
67.0,76.07787089194949
59.0,65.70694809680401
59.0,22.371653889557763
19.0,11.752073996505203
19.0,81.2027298382256
70.0,75.48758070070426
70.0,68.47151584200532
28.0,26.581100827405862
28.0,59.32548802041157
47.0,46.70113082681138
47.0,47.525070317005884
51.0,52.02588319738504
51.0,38.585540523746886
62.0,62.2028750301331
62.0,88.50906368314571
76.0,82.63548947279077
76.0,58.65182698916982
75.0,79.12934477054273
75.0,58.927353785537264
49.0,46.38851600792731
49.0,76.2371966916159
71.0,78.9299115331475
71.0,78.48304092728074
28.0,20.849488863524527
28.0,23.201137390305576
26.0,26.78682410226844
26.0,82.40666696088527
42.0,37.35938434100831
42.0,58.24179862064875
47.0,44.79420637901558
47.0,70.65211708481229
50.0,52.25975377844844
50.0,79.9646045428675
57.0,58.96193632096373
57.0,44.14489462052683
33.0,40.79688595295579
33.0,56.514374416235114
75.0,78.73743641806982
75.0,47.69163224975887
30.0,26.579723099635885
30.0,53.15373643216293
75.0,82.61181601849904
75.0,28.638181228494034
11.0,4.8390119131177585
11.0,60.190463791019624
53.0,53.07736541594522
53.0,53.783000505010875
74.0,81.69493358720166
74.0,41.438931755382725
74.0,79.16674276700638
74.0,27.113521507000883
69.0,74.49741739920802
69.0,67.58226397814929
65.0,68.85776183202819
65.0,47.97587383454595
48.0,50.06530450332798
48.0,87.92576601477577
52.0,49.88189897780359
52.0,61.417688156393694
43.0,41.66255722318124
43.0,86.85935305131778
55.0,52.78211671430239
55.0,83.55498429840765
64.0,71.50351374050263
64.0,55.06771359318992
42.0,37.58599835403385
42.0,41.077508711827534
65.0,70.37509219751814
65.0,59.91128793778847
36.0,32.436878084096236
36.0,62.84256151960068
62.0,67.6115670351279
62.0,50.41982217090276
72.0,81.59912228103838
72.0,40.744224374337875
54.0,58.54037907638764
54.0,79.74691642674759
61.0,63.04579556054074
61.0,81.87554124249164
57.0,53.65466346945982
57.0,84.78860135516936
82.0,87.88861688108364
82.0,60.50591491881312
77.0,82.55706259237292
77.0,37.41602074907291
49.0,49.938252759736315
49.0,76.85543795278403
69.0,74.15907855964952
69.0,72.72369582687105
78.0,84.02101132139745
78.0,70.12608870218264
50.0,57.59371782392304
50.0,83.78280242199423
56.0,62.46396870175039
56.0,60.78120330802227
81.0,89.07680189529083
81.0,0.6631707736812018
70.0,76.28296271226208
70.0,58.4667204724347
52.0,51.79571582150311
52.0,60.305158896659464
81.0,91.65237079742394
81.0,67.61041740255916
69.0,71.68077618471938
69.0,68.76465375424931
50.0,53.98161568085851
50.0,46.635096397590985
64.0,69.80619827767111
64.0,81.91119120388765
48.0,48.30407210358288
48.0,68.18433438405629
52.0,54.73502687871411
52.0,75.11351372408268
53.0,50.66976451770887
53.0,67.47302669584968
57.0,59.5076925918471
57.0,62.58923867698525
66.0,68.78275500389992
66.0,75.89746186989362
81.0,87.27969605004438
81.0,57.277651831278774
65.0,70.59947958164014
65.0,47.32779394936523
63.0,67.78779827946039
63.0,41.621317611489474
59.0,63.434871807207685
59.0,44.17113287864555
45.0,46.898077782193354
45.0,76.13296498808364
41.0,45.50645329321395
41.0,56.99398469634593
70.0,77.37083910519618
70.0,46.25515089949738
58.0,60.74419625466618
58.0,70.60995265367939
64.0,69.63892574783847
64.0,56.26697522302959
80.0,86.89851024003246
80.0,31.92808986065438
55.0,56.42172312418256
55.0,29.779067733777367
69.0,70.09795725030187
69.0,38.10003379580655
31.0,35.32354476415588
31.0,54.23014876196527
67.0,72.35899106001028
67.0,44.776637805492385
33.0,34.04095378307369
33.0,15.650565138036825
75.0,80.8811441849752
75.0,35.88824818823559
56.0,58.304140714278276
56.0,80.4190735270949
50.0,50.66976451770887
50.0,33.58923355681486
68.0,74.77803163189537
68.0,34.22425240117843
47.0,43.09637007001288
47.0,71.04281870620667
54.0,50.6488249933538
54.0,26.483657402635117
56.0,52.06814127071749
56.0,33.684969051332644
62.0,65.99252002704986
62.0,79.4638120365492
50.0,44.52296890733595
50.0,51.51621095382757
63.0,65.04729178910856
63.0,67.1256850364262
52.0,48.279588938129734
52.0,67.26793882439875
50.0,47.222214402841246
50.0,66.63182993396487
36.0,29.37817348403331
36.0,72.85087385305718
65.0,64.11698811807469
65.0,60.74714313663827
75.0,80.62793270422009
75.0,74.32091506146782
56.0,57.5038261322706
56.0,82.24533508656907
67.0,71.33978406045077
67.0,33.77781745789645
57.0,57.216826824105794
57.0,56.29495660675752
78.0,84.80052670383088
78.0,71.51354974584484
72.0,76.38487812479462
72.0,14.11899756260891
64.0,67.12091875613959
64.0,58.468850409328525
76.0,81.8535716410949
76.0,23.05649197203394
68.0,72.10583174780714
68.0,61.226821175456394
57.0,59.62219448216899
57.0,68.83027434262965
70.0,74.13794786634753
70.0,67.23811035132684
68.0,68.38915775698507
68.0,86.59015267640092
70.0,74.19190505723071
70.0,61.23010869579849
61.0,65.22747418937115
61.0,60.011937691512856
67.0,72.23227083236031
67.0,64.96806077806878
79.0,86.65667104762014
79.0,55.704282095367546
81.0,89.94049239957604
81.0,63.69806045009818
66.0,72.31041354645146
66.0,68.76275751821464
59.0,60.2014273772582
59.0,72.8571107394734
67.0,72.38519081527238
67.0,69.34097341936086
40.0,35.25759172284961
40.0,62.134669680869706
65.0,66.66932855845658
65.0,48.222253741003385
64.0,65.78833616522627
64.0,61.270743028388154
74.0,78.14848585640266
74.0,38.832111260710064
72.0,75.32819634200638
72.0,66.93401060378613
53.0,59.5226670755215
53.0,80.12190491486251
72.0,76.31170810411618
72.0,62.76579019149011
69.0,75.80314401129988
69.0,77.90740122936484
70.0,77.6733678656077
70.0,71.35558097675852
64.0,71.18233307197886
64.0,75.57307773072267
58.0,64.38698083732277
58.0,63.541329115252154
62.0,62.68897851313483
62.0,75.01864002501088
75.0,80.74471511847105
75.0,44.99783102270396
60.0,62.722222110155315
60.0,78.89889391967705
25.0,18.614642041460115
25.0,71.74555104023682
70.0,76.366582639213
70.0,73.45835673710627
36.0,34.50004573331563
36.0,58.11121700686118
63.0,68.33315895895606
63.0,75.93953218442539
69.0,74.98488234497881
69.0,97.00082296188867
74.0,79.62816725629284
74.0,62.766084185309296
55.0,51.84162617401995
55.0,76.94138453635753
74.0,79.98273596497307
74.0,60.339851138791175
66.0,68.21242576097524
66.0,65.50147157746903
71.0,74.98428010579255
71.0,83.27217410602753
61.0,62.605922097706014
61.0,61.02852494071959
80.0,88.18157921177277
80.0,70.77723806330857
51.0,47.32156728959501
51.0,60.0368282389951
63.0,65.10897455863795
63.0,38.3590758863665
63.0,68.16689315341966
63.0,58.321910621205404
51.0,56.03484023280521
51.0,59.590172475407996
61.0,64.03663849839802
61.0,59.197759895677564
40.0,31.99133294718507
40.0,49.16275934984907
64.0,64.03819047781059
64.0,78.13170718593051
55.0,56.12376381595777
55.0,46.49158768265977
58.0,56.07046560780958
58.0,78.15390499527933
29.0,32.360509395456404
29.0,83.04741119891975
72.0,76.75373175246847
72.0,57.80059167402203
69.0,73.59301858178827
69.0,52.20754732561812
54.0,48.36464361824494
54.0,54.12985173697649
47.0,44.518677313415196
47.0,66.39271688947758
73.0,78.98102007618792
73.0,83.1493248893023
76.0,82.42879555897264
76.0,73.51457128678891
49.0,44.0337004952313
49.0,43.861914041618206
44.0,40.849892723350024
44.0,76.64937687084188
71.0,75.92064759133063
71.0,74.56663178895275
66.0,70.59180640689459
66.0,70.69974717625513
76.0,82.86994609851394
76.0,85.50239633301163
67.0,71.67785910721796
67.0,77.9003617598267
50.0,52.57742422110249
50.0,68.38430850829451
76.0,82.60393848113426
76.0,21.486093196019795
61.0,64.99590292562243
61.0,67.6821050172532
51.0,56.9661695300112
51.0,59.512559708922765
62.0,67.72488396821211
62.0,22.200887723954338
71.0,76.79358897169999
71.0,29.07245854901703
74.0,79.8343218361951
74.0,58.75270224751
54.0,59.16122142570464
54.0,84.4347953673963
70.0,73.47049112249061
70.0,58.715441315412534
75.0,82.20774709850542
75.0,53.65861367516561
70.0,75.17697482910029
70.0,77.97398828428749
39.0,42.52339377596451
39.0,68.64780550917772
14.0,5.395669454291692
14.0,62.4599723734334
36.0,39.08501039893105
36.0,77.341035659439
81.0,88.17584577765689
81.0,69.50760515208094
76.0,81.78929686753321
76.0,56.15868797498348
63.0,67.18008975270624
63.0,76.07030271135125
69.0,75.63066253486573
69.0,74.77565544757931
35.0,32.07709411315193
35.0,62.78798008423257
54.0,52.107525155697545
54.0,72.02210849695871
23.0,7.414496048476508
23.0,55.47430149222242
67.0,72.1624117214572
67.0,71.71178117574567
40.0,38.39692104853543
40.0,73.4126778265113
68.0,72.8897246532319
68.0,71.75051914105347
52.0,57.69972275722944
52.0,78.2973984227666
59.0,58.87494550100854
59.0,37.17317034375412
43.0,40.6958240167383
43.0,81.79697539873229
74.0,82.65116289768565
74.0,73.89991518434789
64.0,65.33217028689194
64.0,81.0055045825062
68.0,73.3076000567529
68.0,49.08331662403583
72.0,75.25526930113938
72.0,67.86582969109287
57.0,60.28653806857159
57.0,78.24127317035902
21.0,21.85709110486897
21.0,3.4365870435938746
47.0,50.06718697454551
47.0,58.92495907152619
61.0,68.23749897132552
61.0,72.4137978745257
48.0,49.17637524023729
48.0,74.47567132970352
69.0,70.19965163880613
69.0,37.94914988102505
57.0,59.38248400213007
57.0,35.36337838900084
69.0,72.65314181354677
69.0,66.45977846520469
28.0,27.45439473727339
28.0,45.66274314773449
74.0,78.56954709227625
74.0,36.57587441699417
75.0,83.55588271788196
75.0,69.31089197523346
60.0,66.64837468379409
60.0,75.20024485549214
78.0,84.85320339239064
78.0,32.12866741994304
74.0,82.56726261433613
74.0,75.97627819845889
21.0,19.706799426824205
21.0,28.65784912474186
73.0,80.0967504408685
73.0,67.43692976835871
71.0,77.40518156203478
71.0,66.58231361512651
73.0,81.33462483283114
73.0,70.33295387087577
61.0,66.6485630970812
61.0,58.792604928827984
32.0,35.17526732857135
32.0,44.5075347443119
76.0,83.23531148834252
76.0,31.659759788636393
74.0,77.4469178780717
74.0,25.19690182373978
69.0,72.29533776697355
69.0,63.25814810494717
55.0,53.37040127077313
55.0,57.77393724079576
49.0,50.289708713866844
49.0,74.12503377936633
60.0,60.55875223415802
60.0,14.883917178904824
40.0,41.772799001030194
40.0,72.16398474509634
72.0,78.42252060845044
72.0,19.99160975055628
69.0,74.34079241979526
69.0,63.44818799331074
47.0,47.81087481685677
47.0,85.10328357514129
56.0,52.45704442392463
56.0,73.9754907339701
78.0,86.64336638542875
78.0,67.14344822707045
39.0,33.01268536932804
39.0,57.788610411888556
70.0,74.99136598241904
70.0,47.76399443792769
69.0,75.26247408342459
69.0,78.2015439647833
36.0,25.380956916786545
36.0,72.36164551643412
68.0,73.50245867242762
68.0,81.47150989211781
60.0,58.8213138073051
60.0,61.92420374723912
71.0,73.85012460138535
71.0,65.17770160851018
67.0,78.2501480112494
67.0,78.49686317663486
18.0,13.815640533572662
18.0,29.6900934172387
66.0,67.23109396821701
66.0,78.39744634144273
25.0,17.42565452199659
25.0,64.827010615549
72.0,77.83352688590543
72.0,45.061274405234315
77.0,84.3558401091675
77.0,48.07189753951724
55.0,55.422319991632946
55.0,48.462658658534906
71.0,75.80863018618766
71.0,75.88556818720235
49.0,53.41017011748164
49.0,35.35001929603959
68.0,72.28276293774775
68.0,70.71606460914728
70.0,75.34412076136016
70.0,60.821421052841856
30.0,16.751044183150043
30.0,82.9299739158024
39.0,29.985573010167798
39.0,36.06821938600939
68.0,72.81249682065572
68.0,52.55908159028985
49.0,49.572121367874274
49.0,76.99991239432865
54.0,54.186798524729056
54.0,72.14293620141643
63.0,67.62262927700016
63.0,64.24028868061669
38.0,42.06889467170362
38.0,66.45259518684594
71.0,74.63910976365452
71.0,58.79711611439956
67.0,72.31500021619871
67.0,76.83848595131559
48.0,52.07845162194468
48.0,63.64531628015379
47.0,46.47587358638941
47.0,79.099485019817
43.0,42.57583583919876
43.0,87.48817170482516
62.0,64.69356334625638
62.0,71.36227092418608
61.0,64.2148589205795
61.0,74.84428276559237
65.0,70.238582628203
65.0,71.3969505563573
35.0,33.754427103493356
35.0,43.49738293186971
79.0,81.2440522127473
79.0,74.25290765081331
63.0,66.8940822900704
63.0,76.64049966078562
65.0,68.89708329168423
65.0,48.610541801620855
61.0,66.54641400647142
61.0,65.97482308055027
70.0,78.37621953801892
70.0,75.93801856862882
51.0,56.15868797498348
51.0,68.15881929033475
67.0,71.78826883128983
67.0,83.08298433469884
73.0,78.89968331858648
73.0,38.13814548219199
45.0,46.500397192795845
45.0,53.314899206127905
63.0,63.493819381987464
63.0,27.847838081604493
66.0,70.09663958894458
66.0,21.786908326171897
56.0,56.43885909894044
56.0,76.96989991004568
59.0,62.96173791082293
59.0,69.83789998223966
68.0,70.79290275090142
68.0,70.15071238266131
58.0,61.9333306090482
58.0,37.35181921892456
53.0,56.980229916271924
53.0,65.1199859581427
76.0,83.34141311531369
76.0,44.56842166251897
78.0,86.8562940249542
78.0,74.35955394460717
48.0,48.826215505296204
48.0,74.4731516246739
47.0,49.10415046741059
47.0,67.01997830101294
70.0,74.26834195679754
70.0,65.53653973969256
38.0,38.08348739146845
38.0,76.07406901097329
73.0,79.0225059082419
73.0,68.9276902056265
70.0,77.62032436854963
70.0,77.53496152905842
78.0,82.02498287789342
78.0,31.77688700235302
57.0,60.29237599336432
57.0,46.38459177818362
20.0,16.211932289467313
20.0,77.46126912506736
53.0,52.42664046835563
53.0,71.75506309032727
47.0,39.920331209690175
47.0,38.782849903407396
78.0,84.27054331826946
78.0,66.30136675711776
37.0,28.11462725364686
37.0,66.99020844978958
68.0,70.25289689491831
68.0,73.74105403608746
78.0,81.867301144436
78.0,67.35677058517484
71.0,75.91848155259015
71.0,67.29204497735003
67.0,72.48310684857671
67.0,74.8323629497213
49.0,53.518488953211886
49.0,69.91026553092269
69.0,76.04530263050378
69.0,8.883373449346152
60.0,66.21367061208963
60.0,81.61424772194823
67.0,72.70363143771561
67.0,52.08221724944889
71.0,75.5834745768995
71.0,51.842217862824384
49.0,42.932816311188674
49.0,46.65059570023715
19.0,14.208766775822028
19.0,52.57576340899169
55.0,58.887133401255426
55.0,75.44322416774611
77.0,82.15024812107515
77.0,56.867740504823644
24.0,22.082263806831747
24.0,70.8654886451456
67.0,70.56499787253762
67.0,49.00439718520096
61.0,62.17110421712903
61.0,55.06545050856681
60.0,60.094284492973884
60.0,52.02132900718078
67.0,70.67816621773409
67.0,61.50590043518906
21.0,13.249919012011787
21.0,69.56694179056416
66.0,70.11441709497956
66.0,73.16262453660431
51.0,50.035125344883
51.0,65.13051708571578
64.0,67.62937514991432
64.0,55.206273603517616
59.0,56.81117037901362
59.0,60.48258418337048
65.0,67.21532522355841
65.0,60.30556745756121
42.0,36.12010060418481
42.0,64.51222951884102
17.0,5.395669454291692
17.0,75.19029486324973
41.0,43.68524187483047
41.0,59.4988610143069
40.0,43.93401718278665
40.0,54.60360924596358
61.0,67.8702549048445
61.0,51.852169491414486
74.0,81.00004069107484
74.0,74.38462089112215
23.0,10.960779588361959
23.0,26.201338870690222
50.0,52.70212114857321
50.0,75.71432578357445
58.0,61.377824516418
58.0,63.5941070230171
61.0,66.51113399058983
61.0,68.13049606901183
71.0,80.04690253603309
71.0,33.05207367580874
46.0,46.90570638672841
46.0,32.71671438463005
61.0,64.88631739444094
61.0,38.08434903284626
82.0,90.9615044547723
82.0,46.87944810974494
54.0,60.759381538481875
54.0,57.98911910651361
17.0,14.824662954836072
17.0,56.44111611968822
62.0,65.61611333294047
62.0,64.31647249210579
69.0,74.2311158431271
69.0,67.76345877132712
76.0,83.07482982667563
76.0,72.05418283626784
72.0,80.19438108455188
72.0,67.69508244104816
73.0,73.66257504179856
73.0,78.4759990097262
42.0,41.3318660037379
42.0,66.55168841283177
36.0,33.954004026206235
36.0,72.83699932456074
68.0,73.5911839480101
68.0,56.54207269593627
64.0,68.58658844854511
64.0,88.4838700537257
79.0,85.73828387954057
79.0,16.7038474400822
66.0,69.92935466291482
66.0,66.25094551096197
34.0,37.16193018926316
34.0,15.238752863449236
75.0,81.71079943362327
75.0,70.41833892086743
65.0,71.84194653155726
65.0,84.01090831522225
53.0,55.630418095295624
53.0,8.8966386109621
68.0,70.73475230183578
68.0,34.78682755345653
71.0,73.65695969093656
71.0,74.93464636472169
18.0,11.309718242060512
18.0,14.883917178904824
48.0,51.597198232728886
48.0,49.31172191511769
54.0,60.08526183673456
54.0,51.45721750762857
57.0,65.47068820491558
57.0,56.557411392959864
65.0,71.19317698537691
65.0,26.579723099635885
67.0,71.91979596467274
67.0,63.760441375853304
29.0,20.214816986512062
29.0,73.61966087205701
53.0,52.753217182411845
53.0,28.726423530821535
58.0,62.02437952608091
58.0,81.33698475015512
59.0,56.288335197934714
59.0,45.514759782441445
72.0,77.89738760894699
72.0,85.9442885324122
62.0,69.90600917476638
62.0,73.30318971230088
67.0,74.16347866992015
67.0,71.43291209832739
70.0,74.353569176225
70.0,72.39071945767807
67.0,74.0856711577199
67.0,46.578638057855926
44.0,46.43420874194203
44.0,78.63977443470276
74.0,78.4158511709461
74.0,61.53863037191542
68.0,70.18427901195616
68.0,78.89740787621946
69.0,75.29188523373983
69.0,52.79657245898966
60.0,61.748856284117494
60.0,87.80144078316835
69.0,76.36414208677178
69.0,34.96840723768685
62.0,66.10125864634671
62.0,38.621369560057246
43.0,41.94002164014074
43.0,63.11493933803206
79.0,83.59676072546586
79.0,73.48808314370245
66.0,70.46811764751646
66.0,35.36337838900084
63.0,59.55815883648978
63.0,64.44420556176829
54.0,56.744804718648595
54.0,74.08089255487874
61.0,67.32473300446117
61.0,80.75012602009411
33.0,29.717729902765257
33.0,77.74980658010116
64.0,69.90841248617357
64.0,97.78843592904127
64.0,70.2122155289241
64.0,73.73981249955818
71.0,77.5634516966619
71.0,54.66137430307032
68.0,75.23562606349634
68.0,68.45450401503194
38.0,38.626049133247534
38.0,72.16661175684646
57.0,58.33742979165521
57.0,69.64928506479998
71.0,79.18218238927636
71.0,77.33232661548243
46.0,45.149213174499835
46.0,47.10787681107195
60.0,65.33921060898479
60.0,61.9358136783236
75.0,82.21732566814285
75.0,74.4289320771095
65.0,71.06690433636089
65.0,73.14906360856236
63.0,70.40886575303563
63.0,91.91857372066022
30.0,35.26193386614494
30.0,45.522993507734725
68.0,71.0327674023954
68.0,37.58546128786861
74.0,81.20762887365333
74.0,82.18813832112431
50.0,45.14516195122616
50.0,78.60079939221208
28.0,24.08756607915052
28.0,59.87571326397841
64.0,74.25882647929393
64.0,62.859124989717884
37.0,24.284798965928985
37.0,84.96035505393985
60.0,65.2645196487615
60.0,56.403749356003175
71.0,77.3939916748941
71.0,82.83880403686504
55.0,57.2691812260104
55.0,74.05767906931789
69.0,72.98737897473728
69.0,78.55986814652897
63.0,66.71649968512133
63.0,64.45727523948136
59.0,60.19066095086572
59.0,71.88441122374331
64.0,64.35301839417264
64.0,38.80220103753169
58.0,59.55507865984555
58.0,71.52318135180008
61.0,60.73351298981737
61.0,74.9321235457063
46.0,45.14070659077072
46.0,5.170239472998617
81.0,88.63632913366712
81.0,66.25297057503093
58.0,62.49371724296094
58.0,77.65355977953169
69.0,75.20282624824284
69.0,10.716109234265275
46.0,52.000296328903914
46.0,83.80792705281874
71.0,77.4092561443631
71.0,58.985320754634984
79.0,86.79790246797779
79.0,31.14441507987857
64.0,68.68205074814585
64.0,73.3777757510494
57.0,61.67709388637354
57.0,64.05240488718499
72.0,79.87743153167162
72.0,44.363135117508705
71.0,76.46782912291462
71.0,78.42239451777829
56.0,60.3535823646298
56.0,62.84249503311179
68.0,71.03662809891921
68.0,54.683782961768884
64.0,71.22628902576503
64.0,66.6719605116333
56.0,61.65084274810391
56.0,54.35766467211096
42.0,44.268062869702305
42.0,88.1176228240439
59.0,60.58468869855079
59.0,71.07931166350488
71.0,77.14813167901633
71.0,66.88449620408022
57.0,55.07908022721148
57.0,72.10108745063962
65.0,72.65793842355367
65.0,74.89114463493286
39.0,37.74135709696179
39.0,40.01705297150306
63.0,65.93484298303082
63.0,78.11313996603349
39.0,43.88852242083442
39.0,61.13571544794621
73.0,80.54541627034814
73.0,72.1650719455879
58.0,61.75539902591896
58.0,71.94208941306329
57.0,62.791249739900366
57.0,66.13183668415951
47.0,48.54673491322416
47.0,63.26779329830521
27.0,21.502606466394127
27.0,70.5960292926107
77.0,84.67140421625925
77.0,75.23330427503942
58.0,61.419307621118605
58.0,67.67568925643792
59.0,62.94731858598442
59.0,54.107474830563035
57.0,57.530227254546276
57.0,58.49405594306842
72.0,76.62062463483204
72.0,55.83758053051321
65.0,66.53879770210358
65.0,90.22803030362928
70.0,77.11776615985792
70.0,71.11197492609409
40.0,39.78795817610353
40.0,80.15494169412176
57.0,60.640270018751096
57.0,3.8937980994347186
67.0,74.86875880491499
67.0,83.56127881507587
47.0,40.76228155531754
47.0,84.92006175548914
72.0,80.09819697207132
72.0,76.235426197913
77.0,83.74489897231916
77.0,72.12229940780117
78.0,84.42055839194643
78.0,70.87887816615518
50.0,48.5422217024996
50.0,56.02344076498275
57.0,58.681721247186545
57.0,78.54056923156128
81.0,87.83543244165475
81.0,81.70506984577145
29.0,26.41509706474443
29.0,81.92844213012
48.0,44.3426931873845
48.0,69.32547168155162
52.0,53.92009891763638
52.0,27.362708841515996
29.0,29.343903459894193
29.0,42.24938246188702
74.0,81.18295164307
74.0,32.95505539752395
84.0,93.04200249795554
84.0,56.6839100532851
33.0,28.48455638051371
33.0,47.522180275297046
68.0,73.17886696285609
68.0,57.66299256405824
74.0,81.74608747990231
74.0,21.39651982850512
58.0,63.07894100458225
58.0,68.67990675499254
59.0,60.18787567181636
59.0,53.02249692468092
77.0,83.43377356856871
77.0,69.36752521905618
64.0,66.65756111898719
64.0,79.24799787967339
72.0,77.74837548296989
72.0,58.91625653077347
39.0,40.01770866884499
39.0,53.36151722840094
75.0,80.48216549855357
75.0,78.205708295411
72.0,78.89687536843644
72.0,76.70757450164831
71.0,78.3253042424941
71.0,29.07245854901703
71.0,76.36208831317185
71.0,60.6673699974566
57.0,59.665281892377436
57.0,62.6131729549781
87.0,92.30679249163694
87.0,65.54236076255148
31.0,28.256193559354415
31.0,76.79118560885695
83.0,90.29101408419052
83.0,32.419176312531135
36.0,35.49863819652086
36.0,83.73827405951471
65.0,70.53606016117305
65.0,56.9366002410257
79.0,84.83829990894941
79.0,84.46333451404314
53.0,55.107271445512026
53.0,67.33882980158825
80.0,87.11625864530413
80.0,57.32388011207661
70.0,76.82305340685741
70.0,31.66638424218479
61.0,62.23186272708642
61.0,69.56089133134151
64.0,69.69304260034824
64.0,77.54944951324427
51.0,55.86796820976991
51.0,72.09045032654598
70.0,79.05494135195488
70.0,82.95096916757558
55.0,56.428126690394436
55.0,44.62941749612696
58.0,59.02438957564175
58.0,48.23054348346693
57.0,62.36850929386725
57.0,74.89501124317974
50.0,51.547220571837215
50.0,61.534662222237955
74.0,78.61700088456229
74.0,76.154188596442
59.0,66.42629786230458
59.0,56.55378832091088
60.0,65.07116613403588
60.0,46.68544471671953
84.0,94.15959132640074
84.0,19.915414616393832
66.0,74.62768719387373
66.0,66.76245482084494
31.0,35.35093306863757
31.0,63.42644971701941
66.0,71.33148688229932
66.0,73.16711120098819
74.0,81.69031088798988
74.0,93.28170558750514
67.0,72.88450313801866
67.0,56.96213723760309
74.0,80.81625708654877
74.0,38.201164737981685
69.0,73.46644538915916
69.0,76.73593432170526
73.0,79.35520441603666
73.0,48.74415378729219
68.0,74.02095256543254
68.0,81.38437985107021
57.0,59.55330173208887
57.0,60.301909059326476
56.0,59.58830476438004
56.0,74.56796627625039
39.0,43.40900520478732
39.0,69.68620656966868
56.0,57.185738220601706
56.0,52.84541937488274
22.0,30.496158623825522
22.0,36.1775389731435
36.0,33.984328599210414
36.0,28.64523566738643
67.0,72.01342852008491
67.0,75.50537478738312
67.0,71.07309969641653
67.0,42.39268665967961
45.0,50.01572945594614
45.0,69.9013845746004
77.0,80.86123866199745
77.0,62.11956096492395
69.0,72.22289850493672
69.0,23.091896523732828
65.0,70.47437162843528
65.0,79.7873092490218
77.0,85.27436763161631
77.0,72.08259822105725
38.0,31.390597004858307
38.0,22.883004488877646
61.0,65.12146634625168
61.0,50.000078742553
47.0,39.882282670954396
47.0,56.42513400860702
62.0,63.68520288145271
62.0,48.49896240921635
61.0,64.44639145280291
61.0,64.84274913325271
48.0,51.96823981906965
48.0,73.22058410384221
63.0,70.98970986248082
63.0,73.55338510782224
70.0,75.34090877825616
70.0,25.808118135862912
64.0,68.18049437814784
64.0,21.36528872600593
59.0,60.911557449456666
59.0,82.40821702500159
71.0,76.21228455787133
71.0,81.22948193317842
74.0,77.971310707106
74.0,68.80174430228163
75.0,78.08491389338468
75.0,80.60515444913881
64.0,66.87450126687025
64.0,49.390787125970974
78.0,84.44144166453322
78.0,67.10969478512772
72.0,80.31705585990949
72.0,66.03182117876906
52.0,56.26697522302959
52.0,85.11049409536702
79.0,87.31626455101303
79.0,53.10329634113276
54.0,54.53236961731693
54.0,38.9338493037875
42.0,38.44203820044032
42.0,67.24955261513952
32.0,32.39544555888159
32.0,75.41044154801938
70.0,74.19830964283994
70.0,75.86941468961095
53.0,52.72077332018381
53.0,73.78016671248173
73.0,79.79340091256711
73.0,75.2849843988655
60.0,56.639878356975544
60.0,85.06815129639273
46.0,43.45927457813559
46.0,45.027025451436145
79.0,87.08961499404404
79.0,58.802316084987694
72.0,79.27385516507388
72.0,82.97128741785582
47.0,44.73798384019557
47.0,71.63469609393718
33.0,32.219105661684125
33.0,90.54848344602601
78.0,87.96318192349185
78.0,21.78608571773526
57.0,57.7932028287276
57.0,51.70457492061172
60.0,59.883711051781745
60.0,69.30889646709085
76.0,81.88516035597922
76.0,88.55165384946173
69.0,71.14620560737802
69.0,67.61517371756719
54.0,54.90760657205465
54.0,83.57523961076936
41.0,35.87053283519981
41.0,69.43218711047496
69.0,68.17041967388764
69.0,72.77636503716337
67.0,71.23517458530432
67.0,49.41016066748193
82.0,89.68184310960049
82.0,43.71214747698605
62.0,68.90495701201274
62.0,73.72754597579058
73.0,78.06843249083022
73.0,75.1994450577829
51.0,43.57993669423138
51.0,50.98983224739402
71.0,75.47226804163739
71.0,74.10896211434391
55.0,55.437332840546105
55.0,51.92278304714091
72.0,80.5434994349032
72.0,81.28264284524187
70.0,76.10642158070323
70.0,77.69054242644245
70.0,73.47943380456155
70.0,21.247895103801397
77.0,83.17685536383357
77.0,32.4122294797715
70.0,78.62988998439505
70.0,78.37447735726403
47.0,49.00887813958343
47.0,20.530589646024282
58.0,56.97080635767651
58.0,20.719740966225515
68.0,75.19968638079831
68.0,81.97786526493002
55.0,54.17870325997569
55.0,15.387709442784683
41.0,45.4663073545791
41.0,16.204118213881202
60.0,64.81860399544757
60.0,47.78413372770666
48.0,49.452231525425134
48.0,34.191358166803354
77.0,84.51255124567854
77.0,38.000487792129604
75.0,82.98445093027078
75.0,79.3006128498555
61.0,62.160449706522456
61.0,71.97492070381173
58.0,60.65566393501541
58.0,57.77658122528334
65.0,69.42790428486666
65.0,34.153556646389006
55.0,63.62779366819285
55.0,87.58689551429075
72.0,78.64527337640612
72.0,79.53305479544645
34.0,42.58083264765526
34.0,64.07429919839547
46.0,52.15548782588968
46.0,73.93991288389628
74.0,80.41165243969152
74.0,60.656190442000025
52.0,54.164511245598305
52.0,9.1646197577669
74.0,81.17210503487638
74.0,58.53916930915
65.0,66.72971588827647
65.0,17.360250868651747
52.0,53.62661942773212
52.0,75.26180247698517
68.0,73.6560774441918
68.0,70.89558090655464
48.0,52.24660133057557
48.0,80.71674507504252
54.0,55.42177672954625
54.0,75.7141763648707
68.0,70.1160912046073
68.0,45.48533317706506
62.0,69.79717064025454
62.0,73.0487407600724
69.0,72.85117927610781
69.0,76.25106659538221
23.0,18.443443247619314
23.0,75.52644092894644
46.0,42.91615180539486
46.0,66.35961058069654
62.0,66.75465479983995
62.0,83.53138792666829
67.0,73.83944719864718
67.0,73.74236825973736
45.0,44.14875974278522
45.0,60.09125090211825
36.0,38.15426883665526
36.0,56.448696853747265
70.0,77.47057394578582
70.0,59.7824552525085
63.0,68.22833923628843
63.0,80.50717937177336
61.0,60.57414044128279
61.0,80.51598525008933
61.0,64.16190040722609
61.0,77.52718475411035
74.0,80.66358698581428
74.0,81.87442460732393
60.0,60.18126402653792
60.0,64.04157412742211
68.0,73.69891515452593
68.0,68.20071536530213
71.0,77.63398417319888
71.0,40.785411504575904
72.0,79.8057825197057
72.0,60.53795572759162
49.0,49.866170324317466
49.0,73.5993181415239
40.0,39.75040922977581
40.0,58.720240461870844
82.0,89.38718939026592
82.0,2.217421435710037
69.0,77.481619337528
69.0,66.62960868272461
63.0,67.59901896402164
63.0,59.06672872080344
72.0,78.79863429004388
72.0,44.784111053844015
41.0,36.830997455838656
41.0,74.46509394406036
58.0,58.418907714597765
58.0,47.7252583820823
70.0,76.29976516164373
70.0,77.33694572628912
75.0,82.65928192214704
75.0,68.99375470503719
72.0,81.16330415613999
72.0,75.4199253007867
80.0,87.71116604772988
80.0,46.96921958747322
73.0,78.1919133497841
73.0,78.38360986926853
48.0,45.72748435575187
48.0,58.875394273135214
64.0,65.06637634614788
64.0,72.48709709556834
66.0,68.89215671111378
66.0,30.043902462144786
76.0,84.77873621823954
76.0,27.851116008991312
46.0,45.529343260764676
46.0,5.1143074570899785
48.0,47.48416606583652
48.0,77.60136477678554
76.0,82.53826378310578
76.0,68.66587367614045
76.0,81.82084995531795
76.0,78.24453835011917
48.0,47.93992178218764
48.0,63.85280782614058
65.0,70.8067886466701
65.0,52.79621913758956
76.0,79.26099234240758
76.0,54.336736128769985
53.0,50.11610771067376
53.0,61.602480060081405
35.0,32.58775706087914
35.0,74.06934074212961
49.0,52.683595089257096
49.0,71.36087643342927
65.0,70.56551772197724
65.0,60.102023437846185
39.0,38.433956800240765
39.0,46.911933218100444
71.0,76.80457528700134
71.0,48.58250015632353
72.0,78.01447295529204
72.0,78.87645608148637
53.0,51.44701943326709
53.0,68.63959145232923
57.0,60.46954526372423
57.0,73.54022806587471
83.0,89.33433514856216
83.0,86.01087369645995
64.0,68.58658844854511
64.0,64.94596028901867
36.0,33.81441107382318
36.0,64.62987664504828
75.0,78.6106127929491
75.0,83.85926148678982
22.0,12.310098071152197
22.0,83.44712406949066
33.0,37.27071980779999
33.0,86.57815707615748
62.0,66.0365431954404
62.0,83.11742731984214
41.0,39.14217023327279
41.0,45.37444172962847
63.0,63.93171601214095
63.0,32.66563830361349
71.0,78.4370113159141
71.0,35.67683293511266
51.0,46.85744629877382
51.0,66.88274905402983
48.0,46.658943909073514
48.0,83.73827405951471
57.0,66.54306216778173
57.0,74.6492934790628
67.0,70.46345474140122
67.0,79.86270406899644
67.0,71.78096661306546
67.0,59.40831042805661
68.0,70.5998940352946
68.0,80.94559900258963
80.0,88.57900673305784
80.0,69.72183117271703
76.0,82.78873667428428
76.0,66.17341419085335
65.0,71.34948646821925
65.0,73.55742730056414
75.0,82.6622412031943
75.0,65.0711313825658
69.0,75.69123967445609
69.0,44.76129751372798
54.0,50.99688204587375
54.0,64.20237320471341
53.0,48.66387400673773
53.0,80.54321116085049
58.0,61.120988410969005
58.0,60.28073583097938
65.0,70.73783512553672
65.0,41.92974156471104
84.0,92.11872775788112
84.0,57.79964741063668
58.0,57.97191816213473
58.0,24.49302857016329
70.0,73.58730632098548
70.0,89.83345095794965
72.0,79.25746783478655
72.0,78.5304894108989
69.0,71.27154960094902
69.0,58.0319115045981
75.0,80.39281384487123
75.0,74.44068427264762
62.0,63.724726407125274
62.0,42.663780068364815
69.0,74.3521368699191
69.0,58.7212331191937
67.0,75.7612684459088
67.0,65.48531460991762
66.0,69.05756862776815
66.0,75.00126275105151
70.0,75.36859441262874
70.0,78.54744162685228
71.0,74.34861653835844
71.0,75.60565594462537
70.0,72.9998107975843
70.0,50.76195286355062
52.0,50.761463074705716
52.0,69.82715990874777
69.0,76.48039580329055
69.0,21.96074605441737
76.0,79.8674335605628
76.0,61.904119745243634
66.0,74.44821973307995
66.0,56.44250240034211
49.0,48.09159513679015
49.0,48.5567550404989
52.0,55.76074134968644
52.0,67.61422004126854
70.0,73.92493846116821
70.0,75.5027121563453
26.0,26.579723099635885
26.0,60.91594692819592
70.0,74.00107488335891
70.0,18.014175444137436
55.0,52.56959395319285
55.0,70.30924392395679
45.0,46.931932604097256
45.0,71.48958180542127
73.0,79.98084647168861
73.0,62.40561742763833
41.0,40.69033397802434
41.0,43.855627333404584
62.0,63.702934664315876
62.0,78.71709276459649
76.0,83.40382869154291
76.0,66.27846045730769
64.0,66.3824322314187
64.0,76.26707959075526
59.0,56.08731010838227
59.0,83.46572391678876
81.0,89.08171570319013
81.0,74.17082723782903
45.0,43.09094620098102
45.0,77.47861357321977
66.0,69.87586338420846
66.0,74.23061050751278
63.0,64.0863950957044
63.0,86.89678238374205
35.0,34.56227723430112
35.0,11.309718242060512
58.0,60.36958553959499
58.0,67.67152464600383
36.0,33.356189318793156
36.0,73.14615749451116
73.0,78.21069734364659
73.0,69.16591201219882
67.0,69.78193693371031
67.0,53.7597466205753
74.0,80.78179703145452
74.0,83.73080648847241
74.0,78.62789707333576
74.0,4.571971063226442
42.0,46.63523766762836
42.0,57.218376125152815
65.0,71.32950417356051
65.0,44.5075347443119
70.0,76.45880171373244
70.0,69.78536940534849
50.0,49.68436459075025
50.0,55.614061077810845
69.0,75.54408822135281
69.0,75.4891843858245
75.0,82.31370538056314
75.0,69.1666552132831
79.0,85.05633641121972
79.0,42.75321645372708
60.0,64.1405188661455
60.0,84.3676213640934
74.0,79.48679057297511
74.0,70.29872670131624
69.0,72.1119809019267
69.0,52.2646514984026
33.0,33.738852656696224
33.0,64.15674097589516
47.0,40.871836822291186
47.0,74.29050570575606
38.0,38.27281922718316
38.0,73.49826850375314
33.0,24.887268184323204
33.0,59.22764438022432
72.0,79.19213914565768
72.0,59.18029470454411
65.0,68.91931166755597
65.0,25.8721375278721
40.0,43.741038577462234
40.0,73.9391744067425
58.0,65.05252024731863
58.0,67.6681801851642
65.0,69.66932090150925
65.0,50.37272897348265
77.0,85.63606266278566
77.0,78.58063476675272
58.0,60.18537287675804
58.0,85.23225630833412
59.0,56.731383262551276
59.0,80.93534246082686
67.0,72.21159729937023
67.0,66.44487996178566
73.0,77.59757750952036
73.0,74.5031759380413
64.0,68.16642393130246
64.0,66.66974030496976
61.0,61.86314426182901
61.0,45.699357628440225
74.0,78.1068826667912
74.0,31.80874322948108
36.0,38.5499350421569
36.0,59.50463995144071
63.0,61.113717451329876
63.0,54.89642930357246
70.0,75.14234347850913
70.0,57.422822743170116
63.0,63.12249022375374
63.0,70.28317365960919
70.0,75.48817925912476
70.0,78.0824923739014
60.0,62.63422725092363
60.0,31.204640113522146
77.0,82.64683577692477
77.0,56.795886712104505
71.0,74.15498772970346
71.0,21.69370965946507
30.0,23.930097632792013
30.0,59.807038239779956
29.0,23.58898175188574
29.0,80.86437614975432
71.0,74.92850773240218
71.0,56.41184603838042
70.0,72.73179606079992
70.0,44.32964245061879
72.0,76.26280953067038
72.0,31.716468192103434
30.0,22.6581822601932
30.0,94.97251293255414
77.0,81.7100373780267
77.0,66.87774982858502
68.0,77.30901471316548
68.0,72.25871911458455
34.0,34.96840723768685
34.0,50.48774586705679
43.0,42.84345261005876
43.0,44.13380691641106
67.0,73.32819163352423
67.0,55.29583928343658
72.0,77.7328170230823
72.0,74.66132840014808
67.0,68.32325547299087
67.0,74.56728959079351
75.0,81.26120082973131
75.0,79.46667202323147
35.0,41.90575049663323
35.0,50.840632179388024
68.0,73.45928817872351
68.0,77.57025703849365
39.0,39.123206598734896
39.0,60.32660402043473
71.0,75.12162643684337
71.0,50.38425057100642
67.0,73.14507849635737
67.0,64.18219988966877
58.0,61.00010966040526
58.0,81.51395585896358
64.0,67.78100525148136
64.0,64.39426236126099
78.0,84.97518902390743
78.0,85.47661447405761
72.0,79.22382282186385
72.0,76.40609560089166
74.0,76.43612794325657
74.0,69.31071094219669
66.0,71.81637442652772
66.0,83.31870931075707
76.0,81.9702312760324
76.0,77.69146193915691
44.0,42.20998223001732
44.0,76.48722462635845
60.0,64.74005112389113
60.0,14.693790688268564
56.0,55.384914495229054
56.0,48.07013256156495
38.0,36.73019581719325
38.0,68.28807054280884
78.0,84.90809040464751
78.0,59.660788500552314
66.0,71.9256408262367
66.0,52.72836241054665
70.0,75.74564979080162
70.0,76.58974137500115
51.0,52.02915208099273
51.0,60.27469430325061
50.0,56.14699960845894
50.0,66.71104363101142
71.0,77.07355017059939
71.0,65.06847016021425
77.0,82.17928534642715
77.0,74.40942871005939
70.0,76.43060741039716
70.0,1.5939321742898187
68.0,72.73366595534702
68.0,77.81111176426845
67.0,72.53720605711942
67.0,80.13561849588012
64.0,65.722637148829
64.0,18.31000074236846
60.0,67.3145323860823
60.0,75.18247177715506
69.0,74.42233911317032
69.0,83.49913690903634
61.0,61.81108905633067
61.0,64.40596476137569
72.0,75.90542724550517
72.0,72.88993896080439
37.0,41.97289624441726
37.0,70.05923090135678
63.0,66.9156121442669
63.0,68.79271218590173
67.0,72.14964569377622
67.0,81.39620216950675
67.0,70.77044924502616
67.0,86.02314486567639
78.0,86.86414488154423
78.0,68.31561286846517
38.0,33.63145451636632
38.0,57.69452388789256
67.0,71.43097157868743
67.0,77.4778694079967
19.0,13.271076634764825
19.0,47.89653775461784
41.0,40.34795486311833
41.0,54.60196152824045
65.0,72.8786900134296
65.0,52.52831997770204
16.0,1.8877576801650093
16.0,59.55872286164259
61.0,62.27438196545393
61.0,21.18271462132651
50.0,51.62876366389821
50.0,77.48066678824614
56.0,61.008483760667445
56.0,79.59276262097285
62.0,67.86503548025217
62.0,77.65000939036008
72.0,75.78182042480665
72.0,76.96578825338747
65.0,70.73041758882931
65.0,69.76201476500506
69.0,74.87568511912275
69.0,83.35987809515143
72.0,80.10051629500123
72.0,63.65709414450839
52.0,51.58158011765778
52.0,81.38043779406001
43.0,38.73043664740214
43.0,72.52279737267094
43.0,38.647449144550194
43.0,63.08001277419663
72.0,74.49836870417391
72.0,44.317387370332426
38.0,32.55052013794926
38.0,41.856745468390386
51.0,46.9996462339322
51.0,77.4704254412855
46.0,44.127141938531906
46.0,79.00535634481838
66.0,72.37072947397996
66.0,68.24863736947503
66.0,64.28094061415072
66.0,78.29707775722824
66.0,72.30030255878017
66.0,27.362708841515996
43.0,38.98724432004951
43.0,55.302529008443
53.0,55.307795373614056
53.0,33.82513846143888
74.0,77.27904273116263
74.0,70.03528367614615
45.0,42.64630854531845
45.0,84.8563513065418
16.0,19.0770059013239
16.0,72.63883986867546
62.0,67.53703249175214
62.0,86.86222726568394
68.0,74.02896874299154
68.0,82.36760431955162
67.0,69.85297122131908
67.0,14.208766775822028
72.0,76.4985985197776
72.0,72.39827778809621
71.0,76.00307187237786
71.0,61.18784609099629
71.0,80.04437317851597
71.0,13.271076634764825
64.0,69.70847545084911
64.0,77.22474266256665
66.0,71.88633737624008
66.0,40.86974992839038
63.0,62.44931684258427
63.0,83.48775681317557
76.0,82.55815897791524
76.0,44.05845999092878
47.0,50.12265286974048
47.0,59.214176778481146
50.0,47.73518660234237
50.0,66.11669178480042
73.0,80.64485115718787
73.0,39.96872787902271
63.0,68.5498985654558
63.0,59.59800016930825
60.0,61.72994827752001
60.0,64.14263816667193
75.0,79.0278830241254
75.0,77.96035793945691
36.0,32.2697946568627
36.0,45.58985726345594
48.0,50.91046213478404
48.0,28.998015060331284
72.0,74.54027223678861
72.0,87.23434076312037
62.0,67.9824332873477
62.0,72.00648245844746
53.0,51.907003103133206
53.0,85.96521343409279
60.0,66.09905063599183
60.0,68.56408807754855
50.0,50.2819921232383
50.0,72.21321534332458
66.0,67.90479000108166
66.0,7.99110537285793
69.0,74.9203821695856
69.0,47.02184821111905
52.0,50.812086027152645
52.0,75.24885118601259
67.0,66.69524209149989
67.0,84.162586751947
76.0,85.51683545683858
76.0,31.892383192795705
37.0,32.43477761955626
37.0,44.76010033664841
63.0,66.40816353175563
63.0,78.69302977307672
45.0,47.848424667384165
45.0,79.51505314164501
68.0,71.3877080259922
68.0,65.84700488873898
70.0,78.38404992369306
70.0,61.82343489528262
66.0,68.05323802769396
66.0,86.05730786814269
71.0,76.20448331468111
71.0,54.84030275033501
76.0,84.40132152387332
76.0,54.529944029976775
58.0,57.73573172987216
58.0,65.48536293181661
56.0,57.27225394364939
56.0,60.18774960019664
60.0,61.971328389747214
60.0,85.12233345391348
58.0,62.05379779350744
58.0,66.90923355367119
30.0,29.489294890003407
30.0,24.44282713141149
32.0,29.62963643737413
32.0,55.28987211413033
37.0,38.98804225011696
37.0,47.22828221440403
75.0,80.00655396794144
75.0,47.32320351241344
46.0,43.76752626371484
46.0,67.21080528075379
41.0,38.466368859991746
41.0,43.76752626371484
69.0,72.84753025183886
69.0,83.72044500551982
53.0,58.46690099443424
53.0,76.53801106427426
45.0,49.60189256385286
45.0,56.53315999512455
67.0,73.08579218766954
67.0,78.78273075388341
45.0,50.123430367793674
45.0,65.91243069959427
66.0,72.61930358760037
66.0,61.73000877658944
43.0,36.489449446564095
43.0,29.222908830260508
72.0,79.637822692241
72.0,-2.0466704796679096
68.0,74.42100099697427
68.0,87.38789506450394
76.0,81.62432956260449
76.0,63.423307629147814
44.0,43.59307683296538
44.0,74.94632371453741
38.0,30.570303716690887
38.0,27.004537496283604
47.0,42.629998386053046
47.0,62.77640882589799
69.0,75.41028415581195
69.0,78.93835643475126
30.0,23.930097632792013
30.0,77.88689498114292
63.0,69.8903219443157
63.0,46.03818370428411
68.0,69.16321238717632
68.0,46.64270178544086
54.0,56.63965222354091
54.0,68.8217846284133
56.0,57.71994451541718
56.0,78.81571007477504
29.0,24.814802533456373
29.0,76.38380423486791
58.0,65.62148485176567
58.0,16.291826237838166
78.0,83.90275991956389
78.0,70.731832178552
66.0,73.41343477300734
66.0,33.9084746083048
40.0,38.479589744072314
40.0,47.340603222087736
47.0,50.441648887325584
47.0,88.77140189601369
54.0,58.6116788846449
54.0,47.55851185529991
76.0,80.05586454293126
76.0,60.46718207074218
51.0,51.35523469389801
51.0,59.112785539055324
64.0,71.69350104230051
64.0,85.00707116699436
78.0,84.83839830707478
78.0,88.82122195325428
78.0,86.15490387861769
78.0,65.86980603310803
42.0,41.99343710656615
42.0,16.522534112074766
52.0,51.5046710573385
52.0,27.65047376650756
41.0,37.49373188546883
41.0,38.913732724806266
65.0,66.77792264389626
65.0,72.05405040841089
43.0,45.71057297652965
43.0,75.67927019007675
31.0,35.434855232783434
31.0,27.350650485293386
56.0,58.10890646449491
56.0,69.1102611800942
58.0,62.242420427803836
58.0,76.68867768514957
63.0,65.50427445723273
63.0,74.77953234586408
74.0,79.78333173543223
74.0,66.15988090604236
63.0,66.83732339470873
63.0,72.4977868385426
62.0,65.05151690879876
62.0,17.59743053479957
76.0,81.82211657447289
76.0,51.54339272489108
19.0,10.175181310172263
19.0,78.72870114143774
78.0,85.28209577603775
78.0,69.34512555882435
38.0,34.024645507792115
38.0,30.382982077825943
73.0,80.50186895961122
73.0,78.34659708730658
20.0,15.278631001549911
20.0,71.68712504335502
55.0,54.298600899574524
55.0,71.46799075147271
74.0,82.91457355304863
74.0,67.24203402408767
60.0,64.31102837580107
60.0,82.62906585625012
63.0,66.70782805924972
63.0,38.00615110319262
53.0,58.87465497553438
53.0,60.684301770701666
45.0,33.577180116335796
45.0,66.34098818644452
64.0,67.28051355331365
64.0,87.1867723602926
68.0,70.0095081593887
68.0,29.919163951696646
70.0,76.33267588612892
70.0,67.05994694648422
78.0,85.82398601335012
78.0,63.91941048826396
64.0,66.76245482084494
64.0,84.87696669325567
56.0,52.313621861741865
56.0,18.445150375724495
74.0,81.63814060322619
74.0,83.05701576709498
66.0,72.35244371125412
66.0,80.28448862743517
66.0,72.73406679768533
66.0,62.21798810464986
77.0,83.84414074042866
77.0,77.60136477678554
63.0,67.39682159560164
63.0,59.38849302943839
65.0,68.6895133266425
65.0,63.80508310147184
39.0,30.91755364456378
39.0,80.86904421327426
56.0,58.37039879586263
56.0,79.67752254606819
66.0,65.43974345610997
66.0,74.54074142239267
72.0,74.74366674776189
72.0,34.11775099818209
61.0,61.73258002411961
61.0,52.8128667547399
33.0,23.025372883786133
33.0,56.94872286354138
68.0,74.01268149976232
68.0,72.00061827051286
67.0,71.42117691371715
67.0,67.61422004126854
39.0,35.47294107909596
39.0,76.56158920681901
74.0,81.58380791806997
74.0,83.64100379732662
75.0,81.8241044464068
75.0,75.95451628382199
44.0,49.67799284731507
44.0,43.778334308935996
21.0,14.581272774581805
21.0,8.228127107149874
59.0,61.02011172225747
59.0,29.33120381476374
57.0,56.79489476470866
57.0,77.80301896389938
68.0,73.00305937670419
68.0,51.66133085467146
34.0,38.951437214196574
34.0,64.62861077386702
71.0,77.31872860369361
71.0,48.7070919173384
66.0,71.85796621922708
66.0,62.01225021131705
73.0,78.10125245268796
73.0,79.13334317778606
74.0,78.81459924373843
74.0,51.01877952563706
19.0,4.859498381243782
19.0,76.70795093364069
80.0,86.19763999473292
80.0,59.668098989026646
55.0,55.74596687305416
55.0,62.654350903134116
76.0,81.6304682684692
76.0,73.67025146835289
77.0,82.6820552901799
77.0,50.55587887075603
57.0,61.66142008763961
57.0,25.733992927113718
52.0,51.52354725454586
52.0,66.03965476752057
35.0,31.32731515363156
35.0,26.009670115067706
35.0,30.606917626568986
35.0,71.34030081578868
77.0,83.77017478585572
77.0,84.76746580770578
75.0,78.61719595470208
75.0,67.36526175162385
23.0,17.567177007910516
23.0,55.171078308478684
56.0,60.9326223533472
56.0,25.755463135859657
70.0,75.50618474748359
70.0,67.74691326309733
19.0,17.01817205367263
19.0,61.72762008946495
71.0,76.45700626604395
71.0,19.34393084015312
35.0,37.947063654912654
35.0,86.07762743510978
67.0,73.23422671923447
67.0,57.78743865971808
50.0,54.24288186681355
50.0,65.95511064710638
56.0,60.99929414928255
56.0,72.05172290870996
68.0,72.38751756364758
68.0,73.39560486445492
73.0,75.98720290990519
73.0,27.996847861276024
39.0,40.63453698175795
39.0,43.272228178446824
33.0,38.09742552535329
33.0,74.71055358352828
63.0,64.63737067677704
63.0,75.08472934080442
64.0,66.38730986344865
64.0,27.350650485293386
52.0,44.00478816267611
52.0,66.57750950511007
68.0,73.09665906592215
68.0,84.32175563501897
56.0,58.17113440593829
56.0,39.720567479029114
63.0,66.68742777520163
63.0,84.81755617432663
48.0,47.30527571911904
48.0,54.78193126346264
52.0,53.53931330890964
52.0,34.61875282896801
65.0,67.00415971330006
65.0,19.184870287060164
52.0,46.44385416816061
52.0,62.68652001011145
52.0,57.77793374368275
52.0,38.41318127229198
44.0,45.48724887996099
44.0,75.76942666160983
72.0,78.22110926108405
72.0,72.2869104359603
68.0,76.13232851496986
68.0,40.59640175440376
59.0,56.33185133987166
59.0,81.670696426409
46.0,42.79989066720475
46.0,35.23307270137474
58.0,58.68000964009286
58.0,30.60570672630621
30.0,21.223279665518703
30.0,63.5659563983466
70.0,73.68106927158288
70.0,58.05399116710646
14.0,9.414138083303271
14.0,77.0249945161687
41.0,39.441785359544895
41.0,80.04329286725266
34.0,34.602152899130886
34.0,57.09254213158903
57.0,64.9573276606543
57.0,51.35349266897191
65.0,67.02892232435278
65.0,63.12876701334295
61.0,66.94877290616222
61.0,33.857102396636776
50.0,49.55022627739487
50.0,11.48694143701573
56.0,57.667604376144254
56.0,55.2526803088175
68.0,73.17849741964369
68.0,64.33749021203778
44.0,42.75657131958269
44.0,88.55016469534979
64.0,69.52449475664213
64.0,59.64575718548258
52.0,50.95845353611992
52.0,81.03184441601718
68.0,71.99508845132522
68.0,38.18811220394883
60.0,66.96260648767554
60.0,73.44789495301524
63.0,63.0452545735003
63.0,72.23031155227596
39.0,40.34405184708845
39.0,81.10291414798598
68.0,71.46217549736173
68.0,51.574793184886005
62.0,64.8560306553108
62.0,68.83449459899049
85.0,92.68522412838797
85.0,69.89370950196553
82.0,89.14242046793044
82.0,68.98764498346628
24.0,23.124359954503348
24.0,68.39300593969898
31.0,31.818860988943186
31.0,78.40871652358044
69.0,75.91750089468724
69.0,60.24579233609586
70.0,79.43076432273085
70.0,66.0439944405104
65.0,70.76044863474914
65.0,78.8890823315487
21.0,15.575252849094511
21.0,75.4928721909323
66.0,68.50960124282653
66.0,66.28821952442712
46.0,44.56743319807492
46.0,67.64740078070804
63.0,67.4383038822649
63.0,72.14357027531389
53.0,61.02350397747466
53.0,76.41295240441406
44.0,39.17947047666911
44.0,69.3160080897365
63.0,68.12001380939643
63.0,75.51422231581569
68.0,73.26343491636158
68.0,53.991458302832655
34.0,29.5384425129879
34.0,62.09009344068738
69.0,78.11623927867248
69.0,27.626628365199963
45.0,45.82742869673558
45.0,71.49022957172161
67.0,70.18148359177394
67.0,60.5287361883598
63.0,70.02168217703428
63.0,20.705623208760528
60.0,63.72844456668264
60.0,85.36545243438269
66.0,67.91069077868258
66.0,81.46360257848397
76.0,84.6501517950864
76.0,44.711181878149716
74.0,79.44820314820942
74.0,71.79649758011124
68.0,70.89663789561786
68.0,36.27219727017467
56.0,58.43159706695866
56.0,54.008503344615065
81.0,90.02014778698106
81.0,80.56118789856839
52.0,51.52354725454586
52.0,36.85476301244478
61.0,61.06607992926013
61.0,72.02317834953999
53.0,51.58330393776225
53.0,70.34558668474006
85.0,91.89129149533034
85.0,49.45142074995891
60.0,58.52758231485171
60.0,37.58526067622154
70.0,71.68079161775023
70.0,62.66717025751859
63.0,67.01110304869172
63.0,65.54027071981739
71.0,76.61039229465405
71.0,37.85385816716382
64.0,64.01170164816949
64.0,83.87394998490623
60.0,60.034505902753835
60.0,71.39671671652138
54.0,61.1834600431917
54.0,69.25060058148148
82.0,90.32856597607434
82.0,75.36093336834057
60.0,62.3306855749168
60.0,-0.4375567967062466
39.0,35.560145856821634
39.0,79.90370400844517
45.0,50.11499488566204
45.0,56.63252661047056
66.0,71.65655439960722
66.0,59.43600213720583
57.0,56.25500137873445
57.0,79.19711708028967
48.0,49.45473487959265
48.0,61.05145980771459
54.0,55.816462253771874
54.0,51.51670006763072
57.0,59.39339147620939
57.0,47.99225493107724
42.0,43.4417786904275
42.0,73.03501095881319
58.0,64.20294906461703
58.0,71.94751287793702
77.0,80.26888150110835
77.0,26.99373392516884
25.0,14.883917178904824
25.0,75.89004814238604
40.0,38.914422723310395
40.0,79.23897167725556
52.0,54.93204922278693
52.0,70.29401253552629
34.0,26.871359961096402
34.0,23.50288746600944
66.0,68.61993459451685
66.0,81.16114502853543
51.0,44.11150943565485
51.0,60.37540436027609
66.0,68.36334309315794
66.0,77.64885481368378
50.0,51.97672778305315
50.0,81.0965338024256
61.0,66.13458234690842
61.0,69.94013134673332
64.0,67.75116201801808
64.0,69.10405527442236
61.0,62.701268659916025
61.0,48.395175832241364
54.0,54.62542275926768
54.0,44.19632710467067
78.0,84.7802819239621
78.0,14.315927071309602
72.0,79.66468839696341
72.0,35.749157724609574
61.0,59.27095742875383
61.0,88.86426169681675
30.0,27.616217442291656
30.0,75.06091714048239
71.0,77.7687337926069
71.0,61.016788829775635
61.0,65.31891223124882
61.0,78.362752658293
47.0,48.183312790050934
47.0,71.2717186860433
72.0,78.75798057792997
72.0,48.00762980807332
37.0,33.356189318793156
37.0,52.538186054636924
63.0,65.14723243825154
63.0,50.185281340797985
61.0,61.80765216467108
61.0,70.84238308983271
67.0,71.09395570198728
67.0,69.61196298048606
65.0,67.48154332035165
65.0,65.56489379163838
51.0,51.38317413626942
51.0,38.90790964356671
58.0,64.98188042990392
58.0,40.74666651006555
55.0,54.93082019640423
55.0,26.884852507033486
74.0,77.7305639971014
74.0,72.09263802291736
59.0,62.540138272929426
59.0,67.29856441076959
12.0,5.170239472998617
12.0,78.83126511666751
35.0,33.528719037097005
35.0,77.5626430306491
72.0,81.84476453457165
72.0,74.40309522995398
76.0,84.39043858073592
76.0,64.5000160443368
32.0,31.58299445279431
32.0,60.61865283109199
67.0,73.12729480847338
67.0,75.33928993168206
52.0,54.7335745629278
52.0,63.575728431183734
54.0,53.74312297382539
54.0,35.06048476097175
71.0,79.65339476422133
71.0,42.20728319152613
49.0,51.36826169303896
49.0,73.15235447812341
56.0,61.865008934196624
56.0,76.79670615480438
73.0,81.2852898253563
73.0,90.92401946778176
29.0,25.7498029826927
29.0,45.20451858668514
68.0,75.29602513160324
68.0,84.29571923258817
52.0,53.522469561001685
52.0,67.85181050463262
59.0,62.606476272808095
59.0,50.34293234935541
72.0,77.24162128417794
72.0,82.49247278647255
71.0,75.85588330092025
71.0,63.01885781919373
73.0,79.47620963705697
73.0,77.98221976822867
51.0,48.03968258738553
51.0,80.61312481172797
13.0,5.053352223889647
13.0,50.884210125987636
57.0,60.268384259278946
57.0,36.870924140420584
46.0,51.86082322157836
46.0,81.02739335107754
72.0,77.9910351631055
72.0,41.4064240006187
57.0,58.49964192110593
57.0,50.85090030312546
40.0,32.47460464884648
40.0,58.77642075275298
31.0,28.151503519544065
31.0,66.134732499179
66.0,70.06577776676806
66.0,82.46917308242314
69.0,74.92669165665927
69.0,45.49896904731514
35.0,34.438789952637194
35.0,49.378312793619216
48.0,53.714527293332765
48.0,48.26943931021549
56.0,60.54463569618889
56.0,72.39621487087368
45.0,44.63937857018766
45.0,85.83405818740692
38.0,38.1195722278876
38.0,60.7819413495194
72.0,73.54865377228458
72.0,66.23673559364408
68.0,73.74484428534055
68.0,76.07611652370036
75.0,82.62510274202822
75.0,75.23330464451828
65.0,67.88829871098704
65.0,44.80167793066914
59.0,66.80482120260046
59.0,82.129743135708
47.0,50.08638369354361
47.0,56.41624242678205
47.0,42.51888092583977
47.0,78.58781492899755
72.0,77.41622950376944
72.0,78.19786997607332
63.0,64.16093895708042
63.0,65.69286864885873
67.0,71.23534781077564
67.0,52.76663502999975
82.0,88.41180410865644
82.0,75.14411549339815
68.0,68.85941621402247
68.0,45.394422768738764
60.0,64.86795048347352
60.0,72.88363364593528
70.0,73.49979724440578
70.0,36.959184568767114
54.0,58.550046638478534
54.0,53.8856392791663
13.0,20.268994711601465
13.0,64.38269042305689
61.0,65.70905981182835
61.0,80.70067183729742
35.0,30.35535290428578
35.0,60.373955760783076
37.0,27.49134735601791
37.0,84.77859270040415
53.0,55.19223484680509
53.0,82.79972114566044
59.0,59.3488146381473
59.0,73.5175206695609
40.0,36.96099938870458
40.0,67.81313962102513
39.0,33.7657074377413
39.0,70.24114790866884
22.0,23.377713397985247
22.0,23.651537503951317
56.0,57.00747184827162
56.0,82.92999620787702
58.0,56.26524007093013
58.0,37.267315659296344
60.0,62.51962567010304
60.0,76.23631718996967
78.0,85.96646831524095
78.0,69.16366723324836
67.0,73.46271219352928
67.0,33.36722565409457
20.0,5.549596509673279
20.0,76.2817836851064
64.0,70.77371413425976
64.0,70.26552593755741
40.0,39.15981144154375
40.0,21.21219097411887
55.0,59.4992304269573
55.0,32.73608562681363
32.0,28.57653442285988
32.0,78.831549781023
45.0,50.33705700109533
45.0,27.706565994014397
62.0,62.751233844681394
62.0,73.77474254900159
63.0,69.48396329886242
63.0,79.89863748562851
68.0,71.02101308286962
68.0,74.8685399878716
50.0,47.955420197950104
50.0,48.78693193211495
72.0,79.50451410647122
72.0,83.93270517213864
73.0,77.7044504179106
73.0,65.59358403971169
40.0,36.63894517082866
40.0,49.728243796201184
62.0,66.13989295279782
62.0,41.79770220592752
61.0,63.7665898519038
61.0,73.00373738350726
68.0,75.75553597838575
68.0,57.87070346476213
78.0,87.36405495142094
78.0,44.161706207950715
64.0,68.44821181426073
64.0,72.83979598682072
81.0,89.08168586945055
81.0,55.4223577605876
50.0,51.861490078710574
50.0,67.77567866604107
64.0,66.42370961506145
64.0,75.89429443966009
78.0,84.25883787860869
78.0,71.34200075910309
74.0,79.76042560297674
74.0,23.879954265830804
69.0,74.69633351528427
69.0,71.35991654297885
39.0,36.154373722281946
39.0,35.498274179865575
48.0,46.98119256622863
48.0,80.18397166974597
74.0,77.92092051480302
74.0,82.69249609483859
73.0,81.60766468167742
73.0,73.41489350760133
67.0,71.88795582024807
67.0,72.75995857012708
63.0,65.03050028675597
63.0,53.46265137260161
73.0,79.41114265003137
73.0,49.36022074774206
47.0,47.0909601880212
47.0,71.93248273896381
65.0,65.89955225737793
65.0,58.65319572331913
44.0,39.184356919697166
44.0,68.30302912553367
65.0,68.8312873568396
65.0,36.88369646654587
64.0,68.9033687134538
64.0,80.59405026662171
77.0,83.1515501658481
77.0,69.5123704518374
68.0,75.27369701281253
68.0,75.36651057082702
65.0,71.6848346588792
65.0,72.33528121239402
62.0,65.89361687069635
62.0,71.72007607394625
63.0,68.04742814355302
63.0,51.19028189149776
70.0,71.61179544879428
70.0,38.86363126804599
52.0,54.44515489232907
52.0,82.80478872412004
32.0,26.280443830489162
32.0,72.34065304096953
70.0,75.0300506815384
70.0,64.31748715370054
72.0,76.75967351470013
72.0,63.716367930978095
56.0,61.02464526954583
56.0,29.545903218070748
64.0,64.57372479984946
64.0,56.78338339195233
62.0,66.43044458417035
62.0,67.18424457912721
45.0,40.86974992839038
45.0,81.63814379308013
52.0,57.19194206113599
52.0,22.621772335115224
31.0,28.194471649668515
31.0,65.09137409635451
59.0,64.2638104234016
59.0,81.13796453898112
58.0,62.83961363114224
58.0,68.75716050574744
59.0,62.11365992266116
59.0,62.725743091743766
34.0,33.82416628506127
34.0,83.38965108943262
57.0,58.12614668411652
57.0,80.21254671157544
50.0,49.95880219091856
50.0,81.42552596351862
69.0,73.36544111374889
69.0,55.63032087310086
74.0,79.94663310006558
74.0,83.69887442130289
64.0,70.5051602154702
64.0,81.10212276017694
58.0,59.38294778954611
58.0,66.70669389427201
54.0,56.74406428654851
54.0,65.58240255432827
76.0,79.08717806521895
76.0,79.9614424360488
70.0,75.76135228405872
70.0,59.63217744709124
76.0,83.16295767129986
76.0,71.59687273748591
43.0,41.70361553014192
43.0,76.62589669576829
58.0,61.53343917144224
58.0,13.958902855034921
78.0,87.75900752432534
78.0,50.134271361898755
78.0,84.75521504016058
78.0,43.24132313747731
43.0,45.54364443403961
43.0,34.43909926457053
47.0,45.55170143471389
47.0,69.35560247130081
54.0,49.10274223221103
54.0,65.04300899438539
64.0,68.56167641845491
64.0,41.47632813685527
63.0,69.1369097829027
63.0,85.88732187428445
67.0,70.17869612929894
67.0,67.35843596314646
68.0,69.84379228625005
68.0,36.863020338237845
71.0,77.33819479283505
71.0,54.6528063019141
56.0,57.91889973764319
56.0,61.13972039027533
37.0,39.90920601916082
37.0,68.25461800541359
71.0,76.45951952007658
71.0,71.98860943376167
56.0,55.310036624113536
56.0,78.63337702748544
17.0,14.707347219162216
17.0,53.55711573847657
71.0,75.63029671575725
71.0,24.954193951969728
65.0,65.79461332993077
65.0,80.61181842140195
69.0,73.17624954003526
69.0,74.26062686159878
28.0,26.005061688614944
28.0,52.62252448322522
52.0,55.47383584744858
52.0,61.63199380801592
60.0,67.36694669161255
60.0,75.66691326293682
68.0,72.32928488486994
68.0,76.86809383785663
59.0,63.17356230145765
59.0,31.535573407708966
77.0,82.72022364422031
77.0,70.96469203220528
63.0,68.72045331131375
63.0,23.71546169716555
48.0,45.39766420009249
48.0,75.17124255399068
45.0,40.821195254059546
45.0,68.83218331935734
71.0,79.18026147754756
71.0,69.5634489793432
65.0,66.1352138040753
65.0,44.41775254813666
73.0,79.28550832074507
73.0,24.41063713435409
61.0,63.35262755286681
61.0,73.27180034267474
62.0,63.88444596384164
62.0,72.79712483898288
76.0,84.11790119898632
76.0,73.96110964733543
30.0,33.41002754191112
30.0,85.75809838059035
33.0,22.842083514360525
33.0,69.83456960723214
72.0,79.73914672191006
72.0,76.96483519090151
64.0,66.59836841875199
64.0,58.87346705511101
67.0,71.00952539263858
67.0,59.767736970192175
76.0,84.19206223707948
76.0,76.3244371209496
37.0,19.746579051897868
37.0,72.3112195666655
31.0,11.48694143701573
31.0,70.49084918053666
60.0,65.16681692453028
60.0,75.51929711584933
69.0,73.81623912090475
69.0,60.093116977283444
67.0,75.36429793680634
67.0,56.323194509205734
81.0,84.5822346003643
81.0,83.79571008302145
72.0,77.36497458487389
72.0,59.89176523545365
48.0,50.206434674141406
48.0,59.15264002552453
57.0,58.41178188401466
57.0,86.8887569648208
75.0,80.44375317791446
75.0,49.29910120135759
66.0,69.9689390441211
66.0,58.28074590582099
48.0,46.211431611520595
48.0,71.94139859586437
70.0,71.77082930405709
70.0,78.86674981443588
79.0,86.47178168141414
79.0,74.36090312222001
6.0,-6.557546252483576
6.0,75.05648919256015
80.0,85.45375359814386
80.0,71.59612702764753
33.0,30.247057145733947
33.0,39.43777613943348
72.0,79.57803771988029
72.0,49.501965810860725
61.0,66.67245873712426
61.0,57.022713912989445
66.0,65.57629105261867
66.0,79.03273143983023
69.0,74.97755248618341
69.0,24.491286052844885
75.0,82.44793827318637
75.0,58.735906720070545
22.0,12.310098071152197
22.0,33.279983061848554
69.0,75.21410244810562
69.0,5.549596509673279
74.0,77.42435203169697
74.0,65.64034906002308
58.0,60.32777916678896
58.0,80.13184283952711
62.0,64.84410031351541
62.0,47.25119587908432
15.0,2.107438248061783
15.0,92.25929495674524
49.0,50.87609437444013
49.0,67.5761872432625
72.0,77.52798628181131
72.0,42.850480266325576
54.0,54.53633380938413
54.0,85.39252427376755
67.0,68.64499673173549
67.0,63.90167737689262
68.0,73.88946199874323
68.0,80.95823126161866
76.0,83.02529214823943
76.0,37.198770803733794
75.0,82.28059955364495
75.0,80.7532560883206
78.0,84.84437822308934
78.0,40.01770866884499
73.0,76.75671807554062
73.0,66.06539636458893
46.0,46.988576331787044
46.0,64.80299790197216
64.0,65.08740930618796
64.0,67.97449925319842
48.0,40.977401611672576
48.0,14.466637896203565
40.0,47.87829873454308
40.0,61.36740598181842
74.0,79.73468605094331
74.0,62.089633414787954
19.0,15.991279292477032
19.0,83.25633352511522
34.0,23.471218419820616
34.0,85.28335683004963
68.0,75.27943809264627
68.0,59.42258180986528
37.0,33.356189318793156
37.0,73.50536051241431
52.0,53.85917516618355
52.0,74.42891023808113
73.0,77.26622615184579
73.0,18.487487574681893
60.0,61.04600363080016
60.0,22.08254626147476
73.0,78.80835624311317
73.0,80.88874339943749
58.0,57.76186326904951
58.0,51.088602759649234
40.0,38.387931366291525
40.0,71.45439107414973
72.0,77.01533222994493
72.0,79.22369829969631
45.0,47.39885490651659
45.0,16.461007372816027
33.0,35.667298807864086
33.0,69.25228335246123
47.0,47.411599472080525
47.0,73.47972875825059
64.0,69.85853783247302
64.0,92.46630647782251
34.0,31.804854584596512
34.0,25.19690182373978
71.0,74.16827590091651
71.0,68.90740981765566
79.0,85.30739736682119
79.0,82.10375828308423
62.0,62.30218777687122
62.0,76.11496211098142
32.0,24.421803037593975
32.0,41.489445984173585
33.0,30.401840273043604
33.0,53.683035325263745
53.0,55.028393586195705
53.0,46.81056081943342
81.0,88.10720674507144
81.0,84.30579585124582
72.0,78.5304894108989
72.0,38.18777721904962
65.0,70.65685398105916
65.0,27.106540053139668
69.0,71.21109326335375
69.0,53.515398249361
53.0,55.44114743182257
53.0,33.098495137114185
43.0,42.977642542829756
43.0,65.77639441458791
73.0,79.67367827683898
73.0,81.06795921011366
67.0,72.46354604613975
67.0,77.39546679921386
65.0,68.27081575679705
65.0,26.961851484819817
30.0,31.6628396668159
30.0,67.3605441132579
59.0,60.36324933059336
59.0,75.75812326666869
41.0,39.06280073726106
41.0,74.17844931536729
55.0,56.022341467427225
55.0,81.86176379254869
27.0,18.870886734801616
27.0,75.0542521950021
70.0,75.80886693952749
70.0,79.92966284270193
30.0,27.52777227474371
30.0,22.621772335115224
54.0,56.795832639066816
54.0,75.13064761199985
55.0,58.375804761167956
55.0,76.50260844390436
51.0,53.58768670276277
51.0,81.03801362380909
73.0,78.65204584540612
73.0,87.38361310002875
69.0,73.28969049982265
69.0,54.8415780064264
36.0,33.44817260158089
36.0,83.20861173487486
69.0,73.96207481921232
69.0,49.892921136505265
68.0,75.43732877341705
68.0,75.62052833547585
59.0,60.76860394497777
59.0,75.52280332338916
40.0,37.852880939603494
40.0,76.46674674800204
47.0,52.544677297997055
47.0,67.26514888298215
50.0,49.14005608200176
50.0,76.54522210527153
63.0,65.17710807758687
63.0,49.483028907016546
67.0,70.34951724496551
67.0,53.60746130212135
30.0,26.165364664550566
30.0,38.37178139880268
74.0,80.13348202278411
74.0,48.02912117378219
70.0,76.06717102663953
70.0,64.73052376337182
39.0,40.34923173366906
39.0,35.84701363997743
72.0,76.20463465652108
72.0,64.45216620462418
63.0,65.68254755737343
63.0,96.44682739597755
56.0,59.06010466124633
56.0,77.0949142025637
53.0,52.39001503663326
53.0,76.91524928506698
72.0,76.83008603006988
72.0,16.37898037222766
34.0,33.6226596335992
34.0,80.6740589981298
72.0,77.79508506212096
72.0,81.28875453005065
69.0,72.77647615270422
69.0,77.1461850920673
55.0,56.68799047382589
55.0,79.6283108998133
41.0,36.31869124853148
41.0,69.67933692634398
71.0,74.93466679486386
71.0,60.0029224194476
66.0,73.20411373777449
66.0,78.85861986376523
66.0,71.35139110920431
66.0,66.13762012925542
80.0,87.96169610821039
80.0,30.96013669581299
64.0,67.06654510688816
64.0,78.14900817014109
62.0,66.87916652802329
62.0,53.233554967556245
67.0,66.43730992484274
67.0,74.80843192387437
57.0,59.89115383429231
57.0,59.79761458697794
49.0,47.07371334342969
49.0,61.31145537026873
57.0,62.28620882708907
57.0,58.27108568592325
72.0,75.35847447066732
72.0,88.85422529659036
68.0,74.85069113104657
68.0,72.28079303269169
76.0,83.0609637539199
76.0,39.136602194522254
31.0,28.256193559354415
31.0,85.88837555629453
63.0,68.66311418349227
63.0,68.43945923800203
56.0,60.37019754819232
56.0,66.9682359925934
37.0,34.040188888808245
37.0,27.377246314409888
64.0,66.67403522898667
64.0,68.73943914973546
18.0,19.391015370922048
18.0,61.54574354316787
64.0,70.00827568693745
64.0,67.32925895688481
54.0,53.370345967581784
54.0,60.534012137108675
52.0,52.793857217137884
52.0,82.41231408858147
65.0,68.85379586239009
65.0,30.08901859628361
72.0,79.8769016229765
72.0,24.74755186904207
60.0,62.656869001917414
60.0,78.62762174152175
81.0,90.39635917837813
81.0,83.80068760204091
74.0,78.68068716656342
74.0,73.71055891166344
29.0,14.17271077722711
29.0,57.10768255085088
67.0,70.5532542415018
67.0,61.09510193730114
59.0,67.90311857094258
59.0,69.03628375676408
45.0,37.13103716794052
45.0,62.298337739634405
52.0,53.447822158351244
52.0,24.327795004666427
64.0,68.13088462509086
64.0,73.51292100967021
34.0,33.49839468975165
34.0,77.75389927314063
76.0,81.92296878546239
76.0,87.16464579914668
29.0,16.211170966561838
29.0,84.16639041229934
52.0,49.016859715868975
52.0,91.85178741705141
46.0,42.91615180539486
46.0,54.12298415815445
65.0,65.6380487462888
65.0,60.502712069425
59.0,60.533062476711734
59.0,68.51401541042299
67.0,72.16483912660118
67.0,40.79527095746005
61.0,61.86314426182901
61.0,41.087987311599875
70.0,77.43169529171428
70.0,82.70375653879125
80.0,88.0680037631613
80.0,32.793888277340045
79.0,87.83601418795718
79.0,65.98873932585656
60.0,64.39275681265974
60.0,85.65366351098089
29.0,30.017957263289702
29.0,57.84638438061228
48.0,46.04521502197417
48.0,77.98650144363768
66.0,72.95239038306943
66.0,77.70659633142384
63.0,65.38683518859096
63.0,40.7605315731916
71.0,75.14909603285071
71.0,37.31707683360156
60.0,58.68039872693271
60.0,35.4528154308511
64.0,69.11328097450604
64.0,76.13565976125483
63.0,65.59636505726104
63.0,82.26717572930909
78.0,86.09889464037741
78.0,60.70111421725346
63.0,68.4262616154021
63.0,34.590838278092576
69.0,74.01352382208427
69.0,71.18037452912824
52.0,54.86379147113348
52.0,68.33824977969857
62.0,63.269731938731525
62.0,74.77383462703841
28.0,24.42564118904113
28.0,65.19494139974881
60.0,65.56157816732627
60.0,89.66968038787587
54.0,59.721469728200816
54.0,73.04659067152022
57.0,60.09999024483352
57.0,19.07230299446519
74.0,82.11636408044251
74.0,76.09250121708254
76.0,80.44925289376505
76.0,44.81932007549341
45.0,44.529577970677565
45.0,27.394475303370825
72.0,74.3102946266755
72.0,62.59978987204721
59.0,64.75119455826893
59.0,56.29447407629351
47.0,48.84345392653444
47.0,62.03904392227366
74.0,78.51122641571499
74.0,48.17593698449866
61.0,66.81736133045047
61.0,76.51755429345206
69.0,77.1962454799285
69.0,78.4895091426115
74.0,79.04195900619192
74.0,73.64689644923584
49.0,45.702836551142695
49.0,22.027145531970916
56.0,56.0401340205803
56.0,69.1412837812129
41.0,40.10483790710691
41.0,68.56403446087467
70.0,76.62953278550322
70.0,66.4270370989621
61.0,63.61621192105957
61.0,44.33513613120044
70.0,73.81853585372102
70.0,40.93039418306836
65.0,67.26352047224077
65.0,62.13969271186579
16.0,3.9691313627311615
16.0,47.386861201138345
47.0,55.36014405226632
47.0,88.7736975667143
61.0,62.083114389363914
61.0,50.38921897094451
81.0,90.29830497093093
81.0,85.82040492524783
59.0,64.82770708660695
59.0,79.48292694819497
59.0,62.069955528781804
59.0,75.85082423590882
74.0,80.44445008827955
74.0,72.94727500959766
71.0,78.45308901032314
71.0,64.53345605044552
67.0,72.75000808516626
67.0,59.76933343247134
74.0,80.87013369034139
74.0,63.664596308593445
76.0,84.95108125585256
76.0,69.40694765723362
69.0,70.40807811122482
69.0,80.0363243373921
73.0,80.77114032308896
73.0,56.688171468772
60.0,62.81279509558527
60.0,74.51461476834993
22.0,13.635623168472762
22.0,84.01739268934392
83.0,90.55811653514007
83.0,54.429701926844075
72.0,78.8320997638287
72.0,77.62132097645895
57.0,63.99741698356428
57.0,70.05038445937492
56.0,57.332492792811195
56.0,75.79206715789695
66.0,65.18889027659895
66.0,67.56854459572975
69.0,74.76200153335571
69.0,82.21749210584704
71.0,77.73140907690112
71.0,80.22822766083476
53.0,58.48069888186575
53.0,84.77576098241582
33.0,24.769206691130364
33.0,26.057990370884966
70.0,70.45065483075757
70.0,52.445390958453345
58.0,61.037019364016714
58.0,87.94864467411657
71.0,75.42367147961977
71.0,76.23073640617048
75.0,81.07555807115853
75.0,72.91147908072656
43.0,44.32706587268308
43.0,77.21510337109072
61.0,66.15269650611896
61.0,53.6079101322465
42.0,42.82158221859504
42.0,75.30474424915815
53.0,57.405349059929506
53.0,63.339938707943475
55.0,54.29289341773239
55.0,72.02798862558967
69.0,76.35744556125599
69.0,65.76897050395178
59.0,54.97496435455673
59.0,84.92991654533955
71.0,77.46990222841015
71.0,58.043725911175045
42.0,40.38836794716076
42.0,64.69484904713937
74.0,76.64607692124332
74.0,78.24558890629106
63.0,66.72296307004166
63.0,37.54608675814433
71.0,75.56373763681609
71.0,75.15250937381802
41.0,38.68974401578265
41.0,74.30919610367266
69.0,73.26969145951307
69.0,84.52903252221
61.0,62.11388976833098
61.0,15.13806633193957
71.0,75.37509374803261
71.0,59.593310776986584
79.0,85.76054438906169
79.0,56.3435536118958
77.0,80.70455295118853
77.0,56.44569737376338
68.0,77.06679618783352
68.0,74.95407538704
29.0,27.529865804927795
29.0,23.85435950182989
63.0,62.631186437965084
63.0,58.61179606990356
79.0,86.65805013789355
79.0,49.02643695341726
83.0,88.72443696442195
83.0,76.7327280516642
64.0,67.58823150682053
64.0,14.391131225253673
31.0,30.509160117968065
31.0,62.96522464664895
52.0,58.67721726393171
52.0,87.00970560129787
48.0,52.715787627048826
48.0,66.09978962145618
76.0,82.54657769824439
76.0,77.00212763309315
66.0,68.5020904278827
66.0,75.56193524208805
36.0,23.768623291871677
36.0,58.182102030243925
56.0,57.81999495441278
56.0,75.36864513335621
62.0,63.971098752514706
62.0,27.995694635016946
71.0,75.61715387431451
71.0,72.18023952674389
50.0,53.02229212588492
50.0,18.332179010051107
56.0,60.190463791019624
56.0,84.5457788356859
76.0,82.78714738782963
76.0,78.6355356250337
66.0,71.52109773372268
66.0,75.58299695008361
73.0,78.71590947852724
73.0,56.92104555866621
75.0,81.65064445670004
75.0,74.47330555516396
64.0,67.89854648791317
64.0,75.40114255716401
47.0,48.99853314249441
47.0,43.7704422095872
78.0,82.40000303335057
78.0,4.735438786367979
79.0,84.18568556812755
79.0,41.354702277719866
75.0,79.66951264545452
75.0,65.69287183084452
40.0,39.61008155551849
40.0,71.11199758515653
33.0,23.80617173089945
33.0,77.99216956111479
46.0,48.024592957991786
46.0,65.96669808089115
43.0,39.26510943457657
43.0,56.95412071485208
69.0,72.58844402395096
69.0,72.04620484728906
48.0,51.08748964986455
48.0,78.30357496307295
71.0,77.085852280969
71.0,44.11150943565485
77.0,82.23394208169401
77.0,19.358006075984576
74.0,82.47902884169076
74.0,75.03866238511051
23.0,2.7523971130027007
23.0,66.59567350606625
41.0,43.07224909459842
41.0,71.65736038099448
68.0,75.70585718812794
68.0,27.73321083299402
62.0,65.1259996886003
62.0,63.09948106656577
27.0,22.192766673809047
27.0,74.7771491268856
61.0,60.70561092693322
61.0,28.494409016918326
68.0,76.22139813151097
68.0,18.074502208230285
23.0,24.676480222499038
23.0,79.65061267451813
54.0,51.325941056214276
54.0,65.31972738781712
80.0,88.4104358649999
80.0,66.05693140250855
65.0,73.387653712276
65.0,61.49944579255384
59.0,62.200573435137755
59.0,56.07015268615163
65.0,71.56806905681208
65.0,85.32246141567191
74.0,78.21882240620062
74.0,49.06604100055864
52.0,52.408689615519165
52.0,74.45769938274566
72.0,76.75324161527345
72.0,78.890933471045
64.0,67.64029193195603
64.0,45.08545549157776
74.0,79.57010485678421
74.0,79.74108847498388
59.0,59.87915425765209
59.0,55.793588094050506
66.0,72.38527254863402
66.0,68.83424760286493
71.0,76.6454141435172
71.0,55.39749596964407
65.0,70.4990916514061
65.0,78.59678305592541
50.0,54.82334437006398
50.0,71.59607221745614
37.0,37.45259355863857
37.0,56.93763958437171
63.0,67.45816243355159
63.0,14.795477576060478
45.0,44.05386729904933
45.0,79.5783583038824
70.0,73.96546870369446
70.0,70.25759434683187
56.0,62.20296047880828
56.0,54.92018143049154
24.0,15.103866894499788
24.0,47.26012849969078
69.0,75.27067827637734
69.0,73.03926997320684
41.0,41.29333580473889
41.0,14.261221945997306
62.0,64.04284174094232
62.0,49.08031114147019
27.0,25.20846879828963
27.0,76.68522923361087
57.0,63.28308798734338
57.0,78.40587694274512
59.0,58.559704759355384
59.0,65.27891097051219
70.0,75.36034940698579
70.0,70.17092713859375
70.0,73.28240443700224
70.0,83.62091950018356
56.0,60.78044285588169
56.0,78.95559579753052
18.0,12.760088546333805
18.0,78.40206325739518
72.0,78.50964820579833
72.0,24.769206691130364
76.0,80.76200231316346
76.0,54.54977694822247
58.0,56.158833262380654
58.0,81.6079982137262
69.0,74.73615507133934
69.0,82.10598457883049
35.0,32.0617076429927
35.0,75.87865034896924
22.0,13.635623168472762
22.0,62.09286951347133
75.0,81.54321900625234
75.0,53.161478329097804
45.0,47.30527571911904
45.0,72.72114205906229
30.0,27.1147559254249
30.0,64.37468491959373
47.0,40.168522915609174
47.0,63.60497221726604
42.0,37.15984981088121
42.0,82.17442971016305
70.0,79.09554475602789
70.0,40.99600184691508
71.0,76.04208177972805
71.0,22.21323768889272
40.0,40.042150440589865
40.0,40.20615588392985
46.0,48.0058984182229
46.0,75.58119918023044
69.0,73.89141719679702
69.0,42.24794266279014
81.0,88.5889034454865
81.0,67.28829130571319
56.0,57.98439418631045
56.0,32.816529536261385
43.0,39.15981144154375
43.0,84.57712060639295
55.0,59.531293760626625
55.0,70.5556912520832
47.0,46.64616007144656
47.0,44.84068724728826
49.0,44.9973949178015
49.0,64.86624217431932
42.0,44.56822187637863
42.0,49.915277424099656
65.0,64.12412138793087
65.0,80.59608853702656
72.0,82.32470781394892
72.0,60.03518798631961
63.0,64.52064718658676
63.0,75.74626700393588
85.0,91.03744069989165
85.0,52.577659646593645
69.0,75.45173182060358
69.0,81.73498050717149
41.0,43.347766870011355
41.0,69.55176248375597
53.0,51.076509760222564
53.0,34.05939349551505
69.0,73.09386926183777
69.0,76.22703825199619
59.0,63.02761279042335
59.0,63.65248131738798
78.0,85.94766794291263
78.0,73.20087595039712
60.0,63.02217636320677
60.0,40.48004554196342
59.0,60.60252972219604
59.0,79.6735619473119
19.0,15.29727410810267
19.0,56.42909385011717
70.0,73.98290619926502
70.0,33.50338092808016
66.0,71.36439093167598
66.0,24.919600795972542
62.0,66.10598170152252
62.0,59.70282728554986
68.0,73.33283085381333
68.0,66.87374747573938
65.0,68.82193740893234
65.0,69.8890225612219
68.0,71.4919141423913
68.0,75.45275340378947
81.0,90.15525846221044
81.0,56.69269691858648
67.0,68.90599188855094
67.0,83.42415597523444
66.0,71.93771728562592
66.0,30.225580112520106
46.0,49.67777556014215
46.0,32.09699967011818
76.0,84.52702054145902
76.0,29.10818920711438
56.0,50.33126852683415
56.0,44.935925800976236
47.0,42.895974429169485
47.0,85.49160472880726
64.0,67.90687694531692
64.0,53.41396302200832
70.0,74.8956407571689
70.0,19.40399566723204
34.0,33.6226596335992
34.0,25.260319777154564
50.0,49.43426151774139
50.0,75.39125568706578
70.0,72.85421132839815
70.0,45.62319353959492
26.0,16.577707305426372
26.0,90.44553124899056
61.0,66.78454618084055
61.0,77.36546119181696
51.0,54.723388346007255
51.0,64.08040067849754
54.0,55.69628657996515
54.0,40.77021949418173
65.0,68.19615928462053
65.0,79.03983063293816
48.0,47.196815053155035
48.0,64.53975942095462
70.0,75.53080546632788
70.0,58.922112505762186
21.0,10.46275376491775
21.0,58.893139011569644
61.0,60.58106468488353
61.0,83.81690091352152
54.0,56.54031968144852
54.0,73.21680823224301
73.0,81.27634394302339
73.0,54.42445416592443
50.0,49.6235209551524
50.0,75.25074715515996
33.0,28.111969114077567
33.0,53.64469243368541
62.0,68.55811300405895
62.0,49.019111778582044
47.0,47.018920013253194
47.0,68.37341978560926
66.0,70.92785121533598
66.0,33.34677241749387
42.0,43.88528922751925
42.0,57.503411061607096
55.0,59.11818192258079
55.0,68.00784393849608
62.0,69.58638992088657
62.0,67.34939176757302
67.0,70.75971701954097
67.0,52.622181983578
74.0,81.19174787298687
74.0,78.83295025272997
21.0,24.86555485533728
21.0,77.78087973602408
48.0,46.7584637481275
48.0,68.68919777082453
69.0,76.61800978923912
69.0,71.24985449479522
73.0,77.10372406164845
73.0,78.81717526691222
76.0,81.37655874930493
76.0,51.329353553020496
62.0,69.42749866947287
62.0,25.399921833812016
69.0,74.50073155062029
69.0,63.395271689292315
69.0,69.50321612647554
69.0,73.84683076561583
64.0,69.88740014903766
64.0,79.89386005098828
72.0,79.40107007292966
72.0,43.28254279844026
51.0,46.365244511363414
51.0,81.90492962632857
73.0,80.5704626904245
73.0,32.55052013794926
79.0,84.27741943623062
79.0,66.96032279786112
62.0,64.01541247771036
62.0,83.56803438781083
68.0,67.11045180841768
68.0,77.02878306264023
40.0,44.04996914238308
40.0,78.43196354628384
72.0,75.90170231286498
72.0,72.99443085328937
43.0,44.834236476304056
43.0,76.13526823012131
77.0,84.01306599040873
77.0,74.1482076126577
75.0,79.24329157827827
75.0,40.2005683041495
58.0,59.3187648483958
58.0,26.704910910800947
67.0,70.50392588543303
67.0,24.37414659920165
63.0,60.907089631771385
63.0,41.55262872809885
49.0,46.8828099508778
49.0,56.3200485490338
45.0,43.41022677859826
45.0,31.313471315621143
28.0,23.370132881765926
28.0,74.39482294885653
66.0,71.95530553228036
66.0,32.54802111685723
58.0,58.27533623465126
58.0,72.04604242876707
66.0,69.44678368831478
66.0,60.75814195919014
54.0,53.88234772879298
54.0,65.99133907001351
66.0,68.2075187368003
66.0,20.455346980471404
39.0,36.34357555771982
39.0,64.34608068596663
65.0,70.12591256515503
65.0,67.36131368029345
31.0,27.588387950529693
31.0,29.413674251641623
68.0,72.56425952016451
68.0,45.954274491736044
44.0,46.378379004982776
44.0,43.564400778066215
69.0,71.92124761337953
69.0,61.98735826254813
59.0,58.47978977209982
59.0,72.20665015597672
15.0,15.797006212508677
15.0,75.53575074364
60.0,65.45347524267527
60.0,60.29218103667591
72.0,79.2919093130368
72.0,72.51500065972613
59.0,57.92810253853736
59.0,53.714949191370124
67.0,71.46126893950083
67.0,36.208508150789726
59.0,59.427517850162076
59.0,81.14815685047182
74.0,77.61750585192277
74.0,76.93608488217791
51.0,45.99257356722376
51.0,68.44912864918535
59.0,62.13706347654568
59.0,60.342261235392584
52.0,47.95844565796523
52.0,40.26238479574357
42.0,41.302765373499085
42.0,81.66689723902027
64.0,65.58296637172481
64.0,48.21741742453975
69.0,74.19687770726438
69.0,65.67496681069753
53.0,55.743088403269326
53.0,78.62991715312916
74.0,79.81565059574683
74.0,64.03819047781059
16.0,12.293709079819848
16.0,58.20672421727909
67.0,72.75008155546846
67.0,63.258168714978865
37.0,38.11411316192181
37.0,43.63276115772442
72.0,78.75248165538056
72.0,55.91335989606216
72.0,80.02171790776379
72.0,77.51339324016527
67.0,69.0254874783758
67.0,75.11799493509744
75.0,79.57282183276038
75.0,71.02269577464409
61.0,64.4903811987619
61.0,63.83432974575942
62.0,63.61466795270536
62.0,85.73545386013842
60.0,64.48314335882691
60.0,46.45444386832145
67.0,69.79077746324361
67.0,58.77880337933124
69.0,75.1347595715414
69.0,17.91691817198881
24.0,15.978154095621562
24.0,23.48323528850233
40.0,38.439375715356675
40.0,80.39425528074935
47.0,46.31048220582477
47.0,75.8786357727418
71.0,75.77087442125946
71.0,28.040466393180225
35.0,40.3766218901938
35.0,67.31363914378397
58.0,62.89326698660517
58.0,39.14391915683956
62.0,69.3150084912487
62.0,19.609028681321035
55.0,56.87230129905828
55.0,83.3568713478752
70.0,78.3592216932434
70.0,77.66854867107452
64.0,65.474261265996
64.0,52.46678106846025
78.0,84.05275535348625
78.0,87.34731143717363
29.0,25.16818785454285
29.0,72.42326198728881
72.0,80.73388714090754
72.0,39.38884595665343
77.0,81.48968968683442
77.0,34.3521107188277
51.0,51.373149216879426
51.0,75.17936569806699
75.0,84.2049502788426
75.0,70.69076237914322
69.0,74.21872442347234
69.0,34.08286966282475
66.0,70.0056486422692
66.0,27.851116008991312
65.0,69.13691332328119
65.0,34.412015820723354
40.0,32.948690201180966
40.0,69.92154741445091
77.0,87.07138672146664
77.0,46.22495894101513
67.0,73.01386026332494
67.0,69.82243970322071
75.0,83.68772857450574
75.0,64.02633542024654
66.0,70.75095291161057
66.0,42.01955840086305
55.0,52.01147591025375
55.0,87.29463638803526
42.0,36.3687452549907
42.0,77.03421416956132
68.0,71.87848210133046
68.0,31.545914796863258
46.0,50.04299775877672
46.0,70.44022925081174
38.0,38.64597624309653
38.0,63.89990553972717
77.0,83.15823854432995
77.0,87.87137304769851
68.0,70.89108431699316
68.0,61.88453585952237
61.0,65.63279937371624
61.0,41.64730078172602
75.0,79.71550814729306
75.0,81.58459680496821
81.0,89.00205409496095
81.0,59.93173331419308
60.0,61.6866123382099
60.0,59.25938948966967
61.0,66.54715484212568
61.0,51.05322223091184
68.0,73.74090155793829
68.0,15.438521815880392
67.0,72.34358684553831
67.0,78.1711295336604
63.0,64.64465612355912
63.0,19.68994339239407
62.0,67.73756837952465
62.0,45.68350318142177
75.0,80.25615875606684
75.0,46.795875706530296
66.0,76.4442018088314
66.0,70.10275370467923
70.0,77.93608253397474
70.0,81.5129745164844
70.0,73.66916582083877
70.0,63.60884676215505
62.0,70.68189180571216
62.0,60.46757271161442
46.0,50.706893485769626
46.0,74.38489079254947
25.0,17.59743053479957
25.0,65.2346226128983
59.0,57.59492373740625
59.0,76.24827958337323
35.0,33.930819240681444
35.0,63.63174518005542
63.0,65.75853135191505
63.0,54.62557199410679
55.0,57.848479289446345
55.0,61.89387923415592
72.0,78.6425171020141
72.0,82.43415046648153
75.0,83.9066176480444
75.0,84.73349256249543
45.0,38.54060053945511
45.0,74.6334973025348
25.0,21.026073632063117
25.0,62.315696249816256
51.0,58.816474119599775
51.0,68.89319914347061
56.0,51.339384087787096
56.0,67.86924705062472
64.0,70.79276755201226
64.0,59.49668260907157
60.0,58.691799177314635
60.0,67.87830602784214
62.0,62.45533235249701
62.0,63.06201223786445
53.0,59.27786840198581
53.0,72.48921414713573
70.0,74.81906057648285
70.0,70.80662983049541
44.0,38.486194959909994
44.0,49.50461385995004
56.0,60.9964378006174
56.0,60.738570245943606
36.0,32.71671438463005
36.0,82.51730385459291
32.0,31.365360328658824
32.0,77.368196165082
70.0,75.73667347036627
70.0,50.50348494085341
56.0,59.99458575461978
56.0,13.791914401537781
49.0,47.68889953265813
49.0,30.71892526299905
73.0,78.41048900695199
73.0,74.98005441867821
63.0,69.1505015267403
63.0,44.23141655224765
51.0,47.18873497337216
51.0,28.855931081257438
77.0,82.59353412897707
77.0,71.0107370819797
50.0,51.547220571837215
50.0,75.22301301946828
73.0,78.6510787758341
73.0,57.57043790873871
72.0,78.12881417936705
72.0,50.05492118924718
71.0,77.5552934209872
71.0,41.39082849436659
62.0,70.81909946676592
62.0,79.40567676116149
49.0,50.355057030066575
49.0,71.71012619453
63.0,64.71661824576233
63.0,69.20855790226415
69.0,71.21606698123912
69.0,61.18784609099629
58.0,59.76933343247134
58.0,71.70155921913971
51.0,47.31088004081522
51.0,71.20407612129941
57.0,59.60404742352051
57.0,77.30454034375248
31.0,22.04963706952583
31.0,47.71593828100413
74.0,80.03175956875441
74.0,81.846314979093
73.0,76.33827243313692
73.0,28.690736269396893
60.0,65.77553733045505
60.0,46.185039185350035
32.0,35.35001929603959
32.0,79.2311890948165
70.0,78.89719252339455
70.0,52.32853867555548
20.0,19.491325876179815
20.0,89.50812080494876
52.0,51.77152868959706
52.0,41.477764232532195
60.0,60.83496072391256
60.0,62.43100024432238
67.0,74.40029261094901
67.0,2.945973448467271
64.0,66.77067578737774
64.0,67.26721119779961
68.0,72.40922524670123
68.0,56.42567209688224
41.0,43.29089225169264
41.0,80.31152754391223
51.0,56.64247556081125
51.0,76.47505819422383
54.0,48.835482012554735
54.0,66.31703942452344
74.0,76.82730093527135
74.0,73.35869584076113
69.0,73.82579307334754
69.0,8.883373449346152
62.0,69.49286183803298
62.0,51.81501178467795
70.0,76.71920835323704
70.0,68.21163626977449
70.0,70.89658674504147
70.0,38.367673062528695
29.0,29.773070347601788
29.0,63.99741698356428
79.0,89.17635908069906
79.0,58.76551337778852
56.0,56.64401886818928
56.0,71.81971297960325
53.0,58.568243222248384
53.0,82.33046062665215
77.0,82.69982150418093
77.0,66.33890338790303
17.0,13.417467123830193
17.0,68.12001380939643
41.0,37.04711486718787
41.0,41.08970011449645
72.0,79.22701279698634
72.0,67.0721289589714
61.0,60.3782250968074
61.0,65.5928185561271
63.0,67.95010187883219
63.0,45.3496109896592
65.0,69.9900630241234
65.0,66.16872649215412
59.0,65.15555806580596
59.0,21.295892973543516
78.0,84.87336449437817
78.0,68.00476924324283
55.0,54.74044711384295
55.0,72.23206304223112
45.0,38.19582440113567
45.0,-2.4666745887404318
66.0,68.21646517781465
66.0,7.121929172418561
78.0,85.78859467452548
78.0,69.01625326467234
64.0,71.4054807792831
64.0,80.55295199531491
79.0,86.27872221546602
79.0,56.95901795581858
55.0,60.70179607773599
55.0,64.21685563397779
60.0,64.18191569060457
60.0,66.57703007951676
69.0,73.50896445855159
69.0,27.65109116385679
44.0,37.271954674396966
44.0,90.16011102773842
41.0,38.293951808235306
41.0,62.75375163727733
76.0,83.03898906655763
76.0,64.449505052613
53.0,51.09843856693084
53.0,39.102265179804135
40.0,40.778892676435134
40.0,75.29381178325116
43.0,46.49306545259594
43.0,81.40539442277861
78.0,86.24871958155427
78.0,59.065002243876336
77.0,82.6922393998741
77.0,48.625563828584006
79.0,87.0700454882242
79.0,20.97028971884697
56.0,57.62983884421749
56.0,72.9922018296644
62.0,62.88418252106692
62.0,70.68386058297659
59.0,60.39584534105086
59.0,86.40496385473978
57.0,54.875791706841596
57.0,66.85621434442169
60.0,67.4762568601846
60.0,49.43023323181336
67.0,76.05269359225895
67.0,65.6544740404371
67.0,72.11031518626396
67.0,20.20936832927424
63.0,62.51452067569295
63.0,42.38213078630656
53.0,53.545721990195545
53.0,52.77923772426891
74.0,82.61566071463886
74.0,64.18759957584047
48.0,52.71348189488742
48.0,82.87261320269425
68.0,72.83384620691197
68.0,51.590806031855095
14.0,5.395669454291692
14.0,79.46339754678115
70.0,75.37355343503367
70.0,78.64181399802209
78.0,84.48632665577611
78.0,68.68499799541388
69.0,72.7622617254492
69.0,70.87942790555991
72.0,74.77546841157078
72.0,71.2547851133254
54.0,56.52733569188479
54.0,60.43197619152801
75.0,81.74441596999719
75.0,55.21641506048843
42.0,43.30571260237292
42.0,51.80391699906943
66.0,67.27541428636266
66.0,66.20678560828969
67.0,72.05896287422684
67.0,60.497597715529594
70.0,72.42140456935834
70.0,61.42710542354445
73.0,78.21688849158
73.0,42.900158028697945
68.0,70.80448197973027
68.0,60.1875273731095
70.0,78.25118259672547
70.0,66.00314550470148
32.0,36.25269268644587
32.0,70.63790335737832
50.0,46.92076294315831
50.0,39.83333386813166
35.0,31.022062527063497
35.0,68.50265894714266
63.0,66.75965114301061
63.0,64.15321678623894
73.0,76.4594278971743
73.0,87.10641265499146
72.0,79.56794605678408
72.0,75.05671275152838
76.0,78.48969991124727
76.0,46.57488147540761
49.0,50.732393024209614
49.0,62.17475814093183
71.0,79.97620588701307
71.0,58.70987733288365
70.0,78.15062355277877
70.0,82.5449091063594
54.0,56.62575098977743
54.0,76.35245250662837
62.0,62.56540143604627
62.0,62.7690823825817
45.0,47.30007934042652
45.0,56.169256923972625
78.0,84.47479456423133
78.0,76.88011292773979
74.0,77.25292398594456
74.0,72.99100106520507
74.0,76.92255393370459
74.0,72.74336379388382
52.0,55.917083875311675
52.0,80.45133705250203
40.0,40.72572482657529
40.0,75.51673082340943
65.0,72.22210016895338
65.0,63.61951765092857
55.0,57.13240499145326
55.0,75.83696985705018
59.0,60.18322123844149
59.0,68.11608544538973
66.0,70.04160822818847
66.0,72.33613571649221
60.0,65.66416137223888
60.0,65.50353510476577
57.0,56.25659290426262
57.0,49.02891954878896
51.0,48.252526642704595
51.0,67.01991387069592
23.0,17.025692805058043
23.0,77.76495538057486
39.0,27.601158797393396
39.0,75.921307946519
67.0,67.52908184165358
67.0,80.24934216441852
58.0,58.72720823893172
58.0,70.28977019768797
76.0,80.31318365377149
76.0,73.81721582867664
55.0,58.0698921910689
55.0,70.79524715853728
72.0,76.1401575484137
72.0,61.817921816073465
75.0,82.26728855116136
75.0,60.44764899978844
52.0,54.694462115570104
52.0,72.06955429158307
52.0,50.958923800489345
52.0,70.57276968809481
69.0,71.47095060778554
69.0,28.096653930590264
44.0,43.37020315547875
44.0,59.029417355372345
67.0,72.39758239584404
67.0,40.26174567154413
68.0,70.75084796310296
68.0,79.12258936745445
75.0,80.51073152091641
75.0,65.78565603286
62.0,68.91131500371097
62.0,89.69800056691349
13.0,9.437389366758907
13.0,90.04976104224852
67.0,73.46165463982425
67.0,75.1868556279656
47.0,46.71017316519999
47.0,48.280509725357376
32.0,16.299496281815436
32.0,63.55565434323108
40.0,32.60272612839509
40.0,66.23981549017299
62.0,65.54487461760868
62.0,54.579016675058085
59.0,56.19784120124626
59.0,44.83941985988673
64.0,71.10316006463478
64.0,68.00358972030068
64.0,68.9591151506844
64.0,71.36012463109438
77.0,81.12759812927465
77.0,53.75945067811955
72.0,75.98279108542283
72.0,29.62666551441822
67.0,67.39443189285464
67.0,70.44268272283512
64.0,68.51120773801466
64.0,68.91440978336561
36.0,34.891756742976554
36.0,49.83465407435352
69.0,73.58352402276137
69.0,76.109410908766
71.0,76.22732558338083
71.0,83.77702142575106
57.0,56.907838363823544
57.0,84.01564719769931
33.0,31.67057315483936
33.0,38.18407117110553
55.0,57.180555733286894
55.0,76.42967958480608
61.0,66.54997692572886
61.0,41.39698451891246
28.0,29.424775967690266
28.0,64.93879413832667
73.0,78.97247513817791
73.0,51.82125502083568
66.0,73.43444274716944
66.0,61.32113048729343
29.0,15.833247901523919
29.0,47.44407227680858
84.0,93.22966052143357
84.0,53.43988804242389
73.0,74.99233804252441
73.0,66.96829800414883
74.0,79.35501159951497
74.0,49.21533900348453
48.0,49.12713417432093
48.0,78.5658618992
65.0,65.28466456606458
65.0,49.12188241774368
22.0,20.126530097530065
22.0,72.89571572881994
74.0,82.09207804930139
74.0,51.0829800184182
4.0,1.7436352344745387
4.0,70.63929721349348
51.0,51.86452170871354
51.0,34.502210635436995
76.0,80.988914499992
76.0,70.51307436129935
70.0,74.45410931346038
70.0,47.07259587590153
31.0,31.58043107087059
31.0,39.90348008190739
68.0,75.58563776237571
68.0,72.4552824355041
62.0,64.63016115580615
62.0,83.19337998328149
66.0,66.05223610611864
66.0,12.291653426232642
61.0,62.789329959850136
61.0,73.71348732285895
56.0,58.140372751926805
56.0,71.6098242422529
70.0,74.41387443265404
70.0,52.68241342723661
72.0,80.2535188059955
72.0,62.67476048752695
79.0,86.43762812121139
79.0,58.143566844611314
52.0,51.58158011765778
52.0,67.09184252731882
46.0,49.50292049354994
46.0,77.12920138413523
78.0,82.43668683484594
78.0,35.39731073867756
71.0,77.4592025619782
71.0,57.27531465640374
63.0,66.79353469785792
63.0,78.05278169153456
70.0,69.94328529930749
70.0,53.84025342054986
75.0,82.77482776573618
75.0,86.36888036467627
57.0,63.99835693724452
57.0,62.57014064355167
75.0,82.73981228046199
75.0,67.05069757901492
41.0,39.689760953016616
41.0,63.51822202677556
28.0,21.661412123910395
28.0,74.20482726340288
74.0,79.89416825215108
74.0,79.65403590842749
33.0,32.99181528430597
33.0,72.57311662713983
62.0,65.3145483698068
62.0,33.23325251432732
65.0,67.5866132025435
65.0,77.02028669286653
66.0,70.43941807144245
66.0,25.8721375278721
50.0,46.488211705990125
50.0,75.75202532647194
34.0,33.186187682976254
34.0,47.713719573541425
49.0,46.37397274141682
49.0,47.060581926179964
61.0,64.30231131121343
61.0,76.97784308375651
49.0,50.71411308807711
49.0,38.588382188491494
74.0,78.82762691658212
74.0,46.40437828534522
60.0,61.0774392668568
60.0,71.14926315020602
76.0,83.72555986472031
76.0,32.522427280261354
50.0,50.34322912483509
50.0,79.60873618923068
78.0,83.13836946846936
78.0,42.289923988569
61.0,67.17738924462208
61.0,81.68520346235192
53.0,51.139727182747606
53.0,42.42155838278666
69.0,74.42665845690038
69.0,59.16246434076197
56.0,60.608937054747344
56.0,33.74938284417891
57.0,59.536408763354245
57.0,62.33712089575067
32.0,26.984510016523416
32.0,44.03230079699915
70.0,74.85446105039966
70.0,75.45873360609068
53.0,51.516514357603626
53.0,71.49343575158724
72.0,78.45753316457592
72.0,50.75581418692042
70.0,76.81943070716846
70.0,81.75277008202113
70.0,74.02521700893254
70.0,55.795539956467564
56.0,62.70027499977954
56.0,69.3459248952276
42.0,41.08862677398923
42.0,18.975527769458267
65.0,73.11672587194084
65.0,40.98210799100417
74.0,78.78731902974351
74.0,81.17272184578161
45.0,46.37882821913456
45.0,41.07774131410474
68.0,67.54089218616156
68.0,68.10346647181046
78.0,84.99763868928954
78.0,70.03344629522724
31.0,15.633182328298801
31.0,32.22780412499526
74.0,78.87499351987066
74.0,74.89837726132976
65.0,72.05630302482285
65.0,31.894704124846726
49.0,49.69048604313156
49.0,65.38066650238795
61.0,64.5077737575599
61.0,75.01775355566275
59.0,62.51846087760754
59.0,61.02852494071959
66.0,71.7380946614445
66.0,46.320349548515935
46.0,44.51734269261732
46.0,32.85455208397292
83.0,91.48504410608189
83.0,81.96097736772134
54.0,57.611285790864315
54.0,68.8744942027426
56.0,53.939224220109
56.0,76.20914356353063
75.0,80.3417005709905
75.0,34.64747066197282
70.0,75.87458886087381
70.0,88.82425311177758
15.0,11.383163430392642
15.0,68.59104402829843
62.0,61.94854343756589
62.0,66.24453195562126
67.0,74.40744165905045
67.0,83.1795895111502
61.0,68.73574965797843
61.0,69.66190329081098
63.0,71.39738451571446
63.0,38.680820309529395
71.0,75.38713368528158
71.0,74.96712597678197
67.0,74.94778599512114
67.0,84.53460985212098
73.0,79.9646045428675
73.0,82.76009988795266
37.0,24.306549194762397
37.0,33.27840507367375
49.0,52.266859827836925
49.0,63.755518177403815
55.0,53.94928994629561
55.0,46.093774741062134
16.0,20.833340196549955
16.0,71.78549661745899
3.0,3.4365870435938746
3.0,76.93428598240206
67.0,72.276589042458
67.0,86.50041998870472
39.0,42.98374750523823
39.0,48.30792916272634
59.0,59.05079481302238
59.0,79.26938462033905
80.0,87.84251412449407
80.0,-0.5424384589866804
73.0,78.27638152700456
73.0,70.82122087593592
66.0,72.2848593708033
66.0,46.495012505107354
69.0,72.44727395389032
69.0,67.79768790569977
49.0,54.80293438140711
49.0,76.21180323984896
67.0,73.06410038420029
67.0,30.33673405770378
71.0,74.59011810539693
71.0,41.06119225775103
69.0,72.12647902009616
69.0,59.33357910397859
69.0,72.17151035499086
69.0,81.16453906583752
60.0,60.10232292978907
60.0,46.6525637414814
72.0,78.57199295995764
72.0,64.39973440622714
63.0,64.88172796848977
63.0,80.44219496825986
70.0,75.4126401109782
70.0,66.258587679902
75.0,77.73238071372754
75.0,36.59125052926498
37.0,35.695425213085684
37.0,71.21378475212879
62.0,67.12322616485488
62.0,78.35428693214538
53.0,58.27485369613777
53.0,29.0599139407567
61.0,59.43326528798406
61.0,65.60616384019005
25.0,21.032630927655532
25.0,49.113228483667626
30.0,34.6137666479911
30.0,55.39749596964407
71.0,74.59954786251416
71.0,77.1979476677792
62.0,64.0863950957044
62.0,82.26465619157949
75.0,78.82039071322743
75.0,78.7370658954714
70.0,74.48210679497043
70.0,88.21513141846282
3.0,2.4956580319964132
3.0,16.759286874964857
62.0,64.88031268068102
62.0,75.79879096534466
75.0,82.40469292964332
75.0,77.42061670143227
82.0,87.75299017359714
82.0,89.0706487190721
63.0,66.4117776744726
63.0,8.837468583549764
29.0,22.572669857430526
29.0,70.8229201136902
47.0,49.16915029077171
47.0,73.84154922073333
80.0,86.04733659593967
80.0,66.26857987038932
67.0,69.2339073116135
67.0,27.25256223321759
66.0,72.56547139814421
66.0,69.42484252340978
56.0,52.51383148569113
56.0,51.336353991224314
67.0,70.65591202643714
67.0,82.72519568775522
39.0,34.22425240117843
39.0,87.04074724568596
20.0,12.831275561092923
20.0,73.1946072291874
34.0,34.946981410725755
34.0,54.17136585672495
67.0,71.80300302170212
67.0,61.7952038477128
58.0,63.71538971914157
58.0,69.2022973917845
72.0,73.77068216906571
72.0,5.29573286041051
55.0,52.340063767298716
55.0,73.06403786567478
58.0,56.827178497128045
58.0,64.19919502289065
67.0,66.96492024806815
67.0,46.672217795533754
48.0,43.75243908497919
48.0,68.13176584193764
63.0,69.08171287140362
63.0,51.11320515496931
41.0,40.34795486311833
41.0,52.07024066923998
76.0,80.08940058769247
76.0,74.6550658108248
53.0,52.03335653951632
53.0,43.750100954394156
74.0,78.49827728651007
74.0,70.6887798943427
39.0,29.437904972143258
39.0,89.43613652898097
71.0,74.03316146788222
71.0,70.46374422720362
51.0,54.733630032923315
51.0,90.15426389774893
76.0,82.81961234450307
76.0,87.90266724488771
67.0,72.89884316210134
67.0,70.10525626996929
72.0,75.1121502882857
72.0,74.51891413841668
53.0,53.820313430580825
53.0,80.45752714125132
34.0,28.051489996572172
34.0,71.6833701270524
65.0,66.7803967242092
65.0,69.6648162239702
63.0,65.61317371530379
63.0,39.41758176915175
72.0,74.64254518221219
72.0,68.78866700761603
52.0,49.169125528119366
52.0,73.19355130931541
62.0,66.49950376844163
62.0,76.10734823518555
66.0,74.67062269660317
66.0,73.93384751617424
56.0,53.065218298694276
56.0,1.1691390106716426
67.0,68.62135446741786
67.0,75.5745954569814
74.0,80.17883970631726
74.0,54.86736829730643
45.0,37.78272308045359
45.0,39.04383869232464
74.0,81.05393878350293
74.0,55.6674156307879
73.0,78.39774740197998
73.0,79.43039731695109
27.0,17.024319631571984
27.0,74.39941602284131
60.0,66.37043447114564
60.0,80.6019037075917
65.0,69.95172778900178
65.0,67.78526747705519
30.0,30.13982193470065
30.0,80.43102312427112
76.0,83.64572221711836
76.0,78.56482278084286
79.0,85.97313985266385
79.0,56.94307144862722
60.0,64.81762788872163
60.0,78.55172560241215
52.0,49.248688521120414
52.0,54.88696234926721
63.0,65.80893897049606
63.0,65.28580128954246
56.0,60.703945798757445
56.0,81.82545755224828
69.0,73.91818012538727
69.0,48.62878872425165
76.0,83.09282672825765
76.0,59.80076788433962
53.0,53.683035325263745
53.0,20.500945862833532
71.0,77.04193729110682
71.0,52.95937203957487
70.0,77.56981176324786
70.0,65.01396578143982
83.0,91.77176661745386
83.0,42.01867573006507
68.0,72.03428153741237
68.0,64.45881670171377
50.0,50.56809169525752
50.0,74.53149422050996
69.0,74.60574217540517
69.0,81.84922895710923
54.0,56.19960080828895
54.0,77.89427556165305
72.0,78.35421997247221
72.0,60.3688261432967
71.0,77.3857522376141
71.0,71.60874716058191
66.0,71.94228980765348
66.0,68.1982829593963
69.0,72.82800987719025
69.0,72.18938674026884
68.0,74.37112903003407
68.0,87.20099669045493
55.0,54.84544082837749
55.0,38.32032235656351
43.0,43.308436668840045
43.0,36.73019581719325
60.0,61.05313363803077
60.0,80.76396512481404
35.0,34.39922871284989
35.0,43.66686338550602
58.0,61.02440170409403
58.0,38.458082417978346
63.0,69.31786079913962
63.0,53.51485273469649
28.0,29.46621267327606
28.0,50.912560147868476
61.0,65.06882191207717
61.0,69.43838288784451
66.0,72.08798577399978
66.0,78.08012724303899
41.0,42.61641673110415
41.0,62.25331446862663
52.0,54.94655031256099
52.0,74.20184375048677
69.0,75.57543451944156
69.0,73.31339108819918
43.0,46.04851067453751
43.0,67.25941986095239
39.0,43.42101988311828
39.0,71.97127221466849
45.0,50.2401207518231
45.0,67.93305252727322
52.0,56.59051546440503
52.0,85.99415998504526
23.0,12.145789908915788
23.0,71.4663502630824
70.0,74.29125741969415
70.0,58.55927267425045
35.0,35.0532063843055
35.0,64.49360350318494
40.0,38.84840807072652
40.0,22.45868399369448
74.0,77.8208138084131
74.0,7.99110537285793
60.0,62.51077483360916
60.0,65.75757557380575
44.0,39.75145847913046
44.0,76.19335900472385
54.0,49.3498807030154
54.0,77.368196165082
75.0,80.55162128315027
75.0,75.25772026836074
73.0,79.67982991225387
73.0,53.80620159597282
60.0,61.511173514819404
60.0,68.01694767434486
59.0,58.11959605676782
59.0,65.4114492099992
71.0,76.32035202126838
71.0,89.58247315348007
62.0,62.31322519248647
62.0,58.2406187313988
55.0,54.8578103310366
55.0,74.23219210651456
80.0,86.51265297912943
80.0,63.50037662301287
76.0,80.49551884623969
76.0,61.73644999644404
69.0,74.39575643844506
69.0,71.37008652020944
62.0,66.33849070538884
62.0,79.85418960084382
76.0,83.44609501338647
76.0,78.8794447498176
61.0,66.69165877294898
61.0,61.12314915471359
48.0,47.00911644322093
48.0,66.13762322799704
63.0,64.12198815826633
63.0,75.34395453114934
78.0,85.83208522103382
78.0,69.8475519633335
59.0,61.495687958029805
59.0,59.585031202142716
73.0,80.87200613471799
73.0,85.56095862429743
68.0,74.30049547238531
68.0,56.349902363099034
44.0,40.06295919191689
44.0,57.09995074293573
58.0,59.47756206508234
58.0,74.18479109434924
76.0,84.59429964623286
76.0,71.75172538200934
60.0,60.01808430124828
60.0,71.24081024657323
82.0,88.06523579458843
82.0,71.8253705723846
69.0,72.38196014366383
69.0,58.57152779370813
57.0,61.20039129172642
57.0,61.863451181251094
76.0,84.70087268140219
76.0,37.46214320152211
28.0,27.426794961429607
28.0,85.6632046351396
64.0,74.23805277338676
64.0,81.88375416961821
71.0,77.86642828582063
71.0,28.359880885082077
22.0,9.615852996923195
22.0,15.04782037200306
72.0,76.9045639893967
72.0,43.95656846526202
31.0,35.44574866600965
31.0,68.6097338071815
74.0,83.54270359487475
74.0,75.25943734444729
36.0,33.83643389160039
36.0,46.430371596454506
65.0,68.28387365418257
65.0,41.997863666807746
74.0,76.6542022297516
74.0,72.89523095815281
15.0,2.936583158802648
15.0,59.42942477072387
61.0,64.98030022391708
61.0,78.5567237278891
49.0,49.302444297565216
49.0,68.61631426361117
65.0,72.09785480828936
65.0,69.2585023746725
45.0,32.63024927740497
45.0,81.51979235699304
67.0,74.45190006204177
67.0,27.941998829154272
34.0,24.755137338201678
34.0,59.00447276432266
73.0,74.87959216958473
73.0,81.3478775346997
70.0,78.57006637125892
70.0,81.76573729352015
55.0,49.97548016868268
55.0,15.159383622296389
26.0,22.503126666488754
26.0,59.01611644812334
74.0,80.77753216224687
74.0,54.93174396580878
61.0,64.40963957105993
61.0,51.03128929240478
78.0,84.4128390061004
78.0,56.0401340205803
76.0,83.75661502410662
76.0,68.50434295865654
61.0,65.33985205199866
61.0,85.72392755641067
68.0,71.78342539378446
68.0,-0.1963909623415816
71.0,75.11354481721753
71.0,40.94574069699564
70.0,74.77016063521012
70.0,75.43234610595385
48.0,49.78282982086313
48.0,49.87934340389501
70.0,74.88649470415436
70.0,76.14922509808872
35.0,26.440307322865863
35.0,45.14070659077072
44.0,51.64076838302418
44.0,87.83149548905857
67.0,72.12713298733195
67.0,46.9247139627966
78.0,84.81455998912008
78.0,77.0571890183661
58.0,62.48591698211874
58.0,42.11228701044786
64.0,63.3922551896344
64.0,73.22636512985946
48.0,48.88296299057339
48.0,24.903094755129644
30.0,27.964574405228063
30.0,86.8932532353636
66.0,69.13989207861033
66.0,87.065189800403
70.0,76.13849556341245
70.0,58.339929462278974
62.0,63.76919084387055
62.0,85.77346704293387
68.0,69.71445638571487
68.0,61.77451105153949
58.0,57.35101738121995
58.0,59.464578462069596
52.0,60.59664622329677
52.0,50.97990560393583
47.0,44.535204178498304
47.0,79.3271364020269
46.0,35.062308309369655
46.0,25.860686127765348
45.0,48.012023326768656
45.0,70.09610289474233
59.0,58.38558256243499
59.0,45.131486865623856
48.0,50.286852412347
48.0,71.97664421594101
65.0,69.77418949153389
65.0,42.614406866144236
23.0,21.276730933013482
23.0,78.49894123868921
53.0,55.17223021829807
53.0,43.959457614027315
62.0,68.19440350555266
62.0,28.98671329123448
25.0,33.308056221868696
25.0,63.909887062221514
24.0,21.846348933719582
24.0,70.36375391698124
74.0,78.37201773833334
74.0,50.99130175192687
46.0,49.630363352716245
46.0,57.84690052964976
58.0,60.86783211616023
58.0,57.94869773611367
66.0,74.53316670468519
66.0,80.99886148889834
79.0,86.32430398640861
79.0,41.67411882072588
71.0,76.46669408063195
71.0,32.687706625815565
52.0,52.70635125199357
52.0,89.47483957992358
67.0,70.73309448305434
67.0,53.684194225615784
43.0,39.99448417491857
43.0,50.57882638422939
51.0,52.506345686249006
51.0,52.13989504998062
59.0,58.794901771786044
59.0,66.34405347760787
67.0,68.27467934801905
67.0,86.15581635759338
67.0,69.88113681550988
67.0,55.84201469396362
67.0,74.29405605856152
67.0,23.039639800809027
34.0,32.16837834525944
34.0,69.67563042875202
59.0,57.45521577973767
59.0,79.67786498669813
67.0,74.76637987459827
67.0,80.62098880522689
74.0,77.83948372512924
74.0,63.28380787275546
78.0,84.04928463575675
78.0,71.5423805399713
45.0,45.64268969507384
45.0,61.74296214265786
49.0,46.36160187254188
49.0,79.99423439473537
68.0,70.25689816091943
68.0,60.909598421384885
34.0,31.80874322948108
34.0,81.51546721762622
33.0,25.57736937453467
33.0,23.80987192317201
72.0,75.78526281849338
72.0,44.7334484332776
62.0,60.98574350444932
62.0,75.64757809522274
31.0,34.70610129477967
31.0,40.98210799100417
36.0,39.14391915683956
36.0,74.14049304455142
53.0,54.93562969958316
53.0,73.71118204346152
77.0,81.87466221258916
77.0,38.89905490368392
45.0,45.766102270668625
45.0,77.08883057155577
44.0,40.828901679709645
44.0,79.9866819835691
63.0,68.15676856045724
63.0,64.66224661470181
55.0,50.238792995889014
55.0,21.63972526135558
39.0,38.67941549870841
39.0,58.1192360301373
70.0,78.3141027736807
70.0,15.671716635149664
68.0,74.37985670917936
68.0,85.368743193542
54.0,54.48881729004586
54.0,53.48951484077622
76.0,81.24485382529963
76.0,69.18895851754678
55.0,52.05313466963827
55.0,69.44882710844604
76.0,80.46159016585113
76.0,45.81604056481336
28.0,18.074502208230285
28.0,84.34326015477444
63.0,66.45076743479927
63.0,55.34197104807248
47.0,52.08482977355095
47.0,78.48938897103062
46.0,48.03229741125608
46.0,71.21056289745309
64.0,70.47081751515907
64.0,87.63813545169597
67.0,71.15649682279019
67.0,51.4552792294794
68.0,69.03628375676408
68.0,78.9721344916058
44.0,34.19801011954098
44.0,68.1727807016893
64.0,66.11374242933073
64.0,79.10275089314246
46.0,41.22701177264935
46.0,88.10006798708855
49.0,48.901429686293284
49.0,69.67836714344588
84.0,92.7705032104032
84.0,65.65971089033917
59.0,61.2271813436372
59.0,77.25367604476355
73.0,78.28420006932646
73.0,76.63085113189408
58.0,63.431943170466184
58.0,75.03925938877819
66.0,74.47254348241972
66.0,27.851116008991312
64.0,67.32008590723126
64.0,65.67429890999756
35.0,33.08843258697732
35.0,72.31287496012288
62.0,64.90294059305461
62.0,34.61875282896801
40.0,37.577558971516055
40.0,82.45920364953776
67.0,71.3934398848437
67.0,30.11281295520854
75.0,78.18628844918658
75.0,79.38377169894835
56.0,64.22316524487155
56.0,75.74836645504968
69.0,70.82169499933099
69.0,44.784111053844015
86.0,93.59484751130901
86.0,78.5248356132771
31.0,29.461384482743483
31.0,69.40414273495014
71.0,75.79789991944682
71.0,59.79062932024999
39.0,31.14441507987857
39.0,73.46134871844708
38.0,37.67919681392186
38.0,75.08143245809356
44.0,35.655253940596936
44.0,36.28944499713407
62.0,65.98603623399146
62.0,61.55593875681768
79.0,85.13899203940008
79.0,77.85798647889487
84.0,91.33818087275358
84.0,40.94574069699564
80.0,86.26730944985678
80.0,88.47618863787932
62.0,65.20132019291395
62.0,15.113281477340593
58.0,62.712806504708
58.0,20.33290500281521
60.0,61.006208674501124
60.0,75.98301571751932
72.0,79.32113049954557
72.0,81.43017624465847
67.0,72.59772253579558
67.0,3.6381660749178764
19.0,7.3711882291477195
19.0,53.535370380144286
35.0,30.950251893729956
35.0,74.61695341007197
45.0,48.44633525786645
45.0,70.34210416493318
66.0,69.1631805705772
66.0,72.23658091753907
55.0,62.14928549524609
55.0,14.41151780198578
58.0,63.14076384703185
58.0,76.6996855789871
75.0,80.2493959983006
75.0,81.18141248042036
68.0,69.96294910116046
68.0,79.88604423713849
67.0,69.62343868890491
67.0,8.953365175326326
68.0,70.94509131385507
68.0,33.26386362601977
38.0,37.48137566712495
38.0,73.54175447782251
68.0,73.40594497733468
68.0,40.50063737142125
59.0,61.05534815300871
59.0,61.57485350368938
10.0,5.1143074570899785
10.0,53.72843394149851
69.0,69.82165049009024
69.0,69.5147331022614
47.0,50.75799511630561
47.0,80.20405488629444
49.0,51.7922417595866
49.0,57.87672017517576
66.0,69.55790086212187
66.0,56.13106804979685
72.0,76.07264537416995
72.0,70.7556649232875
48.0,46.70685168552848
48.0,71.87815386678477
71.0,73.57630321546088
71.0,60.99619608254102
47.0,48.089470873491905
47.0,55.43529262177128
26.0,16.577707305426372
26.0,58.85116091200649
67.0,70.13785359735414
67.0,65.51305347485084
56.0,59.71481685442865
56.0,6.843452222735436
75.0,81.86267245159729
75.0,73.89133322965887
62.0,66.42910372455827
62.0,61.34461310752107
75.0,79.35960476793014
75.0,83.8218475402611
63.0,69.08401677284155
63.0,68.43971366709116
73.0,77.3677291645177
73.0,36.877431591205834
67.0,70.68709074330371
67.0,16.935863489649876
53.0,53.683035325263745
53.0,52.271751985765206
32.0,33.94598196593324
32.0,81.11835055443066
18.0,13.76937768118188
18.0,83.06649447426781
29.0,31.307400753737625
29.0,78.78997077913601
67.0,68.08543216517779
67.0,76.01231316797526
52.0,51.27356044411573
52.0,60.75568089840306
20.0,23.377713397985247
20.0,46.752105558986614
44.0,35.36459458182185
44.0,32.42828956695803
64.0,67.12804004715116
64.0,45.273724342837454
57.0,58.64174119139193
57.0,77.43641573192332
66.0,69.53518863106439
66.0,67.1667219700168
43.0,42.260621593537564
43.0,73.76221244465961
55.0,60.10366112566663
55.0,77.13848520698724
60.0,63.597228399068854
60.0,55.85202604088869
57.0,58.481673597711904
57.0,73.27270012539577
62.0,66.85704023966548
62.0,78.67617585664544
67.0,74.24320030624119
67.0,74.96868420785626
59.0,60.09608475055444
59.0,59.532802909927796
78.0,83.09377014160265
78.0,71.80510573362369
29.0,27.8412144868891
29.0,72.52232070972553
75.0,80.45890000693464
75.0,48.1406042976007
75.0,79.72833605065853
75.0,70.01062160057
68.0,70.948617124208
68.0,66.51649501755361
57.0,59.940940052874225
57.0,14.618704564607185
30.0,24.32615002154921
30.0,66.68756710237028
66.0,66.4918280570675
66.0,40.940003311888916
66.0,74.16629449103493
66.0,72.19761362682806
85.0,94.48776449433382
85.0,75.19652601408558
28.0,18.761969457633086
28.0,84.91281200759624
72.0,78.97046854241404
72.0,47.95478439699855
56.0,57.8791776365469
56.0,60.56165745765031
35.0,38.22027981876698
35.0,76.47179669848839
50.0,49.4696919175683
50.0,59.21498217079011
42.0,41.73964009578782
42.0,44.1866273237556
77.0,80.9083578828247
77.0,41.13733999453484
37.0,32.84039643973978
37.0,58.99504836536556
11.0,4.8390119131177585
11.0,74.39137118534364
36.0,29.257080057773123
36.0,37.90853911156967
68.0,71.46431559900475
68.0,59.90836742742442
42.0,41.98204715322885
42.0,81.64482013264956
68.0,71.82331856750108
68.0,85.63324623271205
71.0,78.01939262113564
71.0,69.17746859865571
41.0,41.621317611489474
41.0,83.17736049573091
45.0,49.83890625268532
45.0,52.40339152050234
65.0,67.76434668184265
65.0,82.84227731412801
27.0,28.626070561283655
27.0,71.97901044523974
61.0,63.09066772487671
61.0,31.788077407899266
59.0,57.75310096950005
59.0,81.29928266271975
61.0,65.03321874533322
61.0,51.70834452462378
55.0,56.222273335338116
55.0,60.80627159771666
22.0,10.781795023828295
22.0,77.13773104014507
65.0,63.465339204428744
65.0,78.11791107548976
68.0,73.11055160255717
68.0,52.66608479459961
59.0,64.30216109864676
59.0,53.03333507932496
68.0,73.53610754904969
68.0,66.07118887550087
66.0,71.22927873909708
66.0,85.69362239683682
74.0,78.01386300336793
74.0,71.99870566110974
59.0,55.61700795179098
59.0,69.89640675503409
52.0,53.23996430140937
52.0,64.63923257010197
77.0,83.27477505025126
77.0,67.82894937687831
72.0,76.25975919782672
72.0,78.94336639923364
51.0,52.03904006722786
51.0,90.67443710763968
68.0,70.2042177274073
68.0,69.34084829272666
62.0,64.4064486602283
62.0,68.2101068743338
60.0,65.99358087747652
60.0,81.80934697990193
55.0,56.07662164428223
55.0,67.80617935128981
69.0,76.88318323316508
69.0,56.147236144939484
65.0,67.90705904584047
65.0,54.764608803451495
48.0,47.9659739674359
48.0,84.90737147998453
65.0,71.44886599832392
65.0,57.74050350869231
64.0,68.00346241779783
64.0,69.41959323513174
63.0,68.8128372600309
63.0,68.94145707948076
69.0,74.0282598173361
69.0,72.86870269198204
60.0,63.27911327770289
60.0,82.21869786561115
76.0,82.99259767957466
76.0,40.41650525459829
33.0,26.31845446717199
33.0,81.4918090400979
65.0,69.61306092455828
65.0,71.06390242221153
62.0,64.55515734061618
62.0,23.816155897581325
65.0,67.37619402412798
65.0,37.27305961405841
59.0,66.06889374067845
59.0,26.329605038142745
68.0,70.1449608715048
68.0,52.40568754947816
14.0,12.962362458621044
14.0,33.427171214862426
26.0,22.292043924701943
26.0,46.84469163752334
56.0,59.36080854274269
56.0,61.558283331242535
58.0,57.42662243893875
58.0,60.051867394673764
68.0,72.7477653272282
68.0,65.08316967722709
65.0,67.88475666953491
65.0,13.894384723130031
80.0,88.63358418862452
80.0,54.754333152500635
44.0,38.913732724806266
44.0,64.82816483670615
51.0,45.69669705604781
51.0,62.81122904489894
56.0,58.820091948970116
56.0,66.8714794373937
64.0,66.25735147335939
64.0,81.15002599947792
59.0,61.15623300110093
59.0,72.40922524670123
62.0,61.29896926560741
62.0,73.03059045030813
56.0,55.73230334859409
56.0,59.8455868370915
64.0,67.99880707292897
64.0,54.495487706191966
48.0,55.70251067279878
48.0,43.76767784460526
18.0,17.242038863729135
18.0,79.06891651053058
29.0,33.07817631429782
29.0,65.9374348807429
44.0,45.46470873220028
44.0,81.06617808543035
76.0,84.5323984983151
76.0,77.62304320882333
83.0,91.33939262634459
83.0,68.89106052088044
54.0,54.161740720409625
54.0,54.554718145907714
56.0,61.235217457778674
56.0,49.014963663228684
65.0,68.30941696269753
65.0,82.0404432532689
44.0,47.22004354260429
44.0,65.96816489451993
41.0,36.5167726710996
41.0,66.8578208699169
72.0,78.64872259668431
72.0,69.7434397639131
42.0,33.842924832865265
42.0,74.6568260281935
45.0,40.4931164476514
45.0,76.19013620468996
57.0,57.5385119576037
57.0,81.36556753764188
29.0,30.108520333598506
29.0,73.29295783872902
68.0,72.79712483898288
68.0,7.121929172418561
58.0,56.64781444724241
58.0,81.42311847280496
37.0,40.92422046084317
37.0,40.579971349484026
53.0,53.50270835639134
53.0,49.77840988201655
32.0,25.353635514392863
32.0,77.43886056036575
68.0,74.52812328178084
68.0,73.83223835768075
29.0,21.3436225911218
29.0,50.11499488566204
81.0,89.99241140924465
81.0,67.65047139194456
40.0,36.96099938870458
40.0,69.89373218588196
65.0,73.98995143350487
65.0,63.65628821884849
54.0,54.62816542316824
54.0,84.17541294266158
78.0,81.2730731563804
78.0,52.08592880477579
34.0,34.31616274827519
34.0,79.06114701621465
66.0,67.94196167916436
66.0,74.10765970741329
70.0,76.97233514833675
70.0,79.45262538276137
64.0,71.16783352809972
64.0,43.51791146477444
58.0,60.09794242233886
58.0,65.48646472773368
51.0,52.77436747013019
51.0,41.56729566207173
68.0,73.05101769568267
68.0,67.38421353161306
63.0,68.5183437229544
63.0,33.232780054434045
63.0,64.82772051751965
63.0,24.995129667400477
32.0,29.664687166473584
32.0,68.42600886660989
16.0,11.318987996325404
16.0,75.68748162571916
39.0,45.25103485227544
39.0,39.74850264674865
43.0,38.38145126107361
43.0,74.34968230052522
41.0,40.59837250962863
41.0,72.70944558008671
59.0,57.40765548234367
59.0,67.71955588265149
71.0,74.66000144306702
71.0,76.22989788688255
56.0,61.84167652004601
56.0,64.25214405635222
71.0,77.92943507754677
71.0,59.73579554431967
70.0,73.13164809062675
70.0,46.26612728771528
60.0,62.71344927124687
60.0,8.41983770946041
75.0,81.80429582564534
75.0,81.19533202077491
61.0,68.42276804791265
61.0,62.77616387056031
77.0,82.71644158510662
77.0,71.38778674751114
60.0,60.369891041966525
60.0,60.62447218362519
69.0,74.63542477187661
69.0,82.82398480680553
66.0,68.32403075358212
66.0,68.03529635912611
69.0,74.94165486540714
69.0,73.34113482599565
19.0,14.208766775822028
19.0,53.165694305855936
26.0,9.593797280508682
26.0,31.917768679777907
63.0,64.75842675825118
63.0,34.281146732383036
60.0,59.106034731303396
60.0,76.11021398083022
52.0,55.49390895060185
52.0,60.7709158004713
64.0,65.28343239679987
64.0,50.43860107888605
58.0,62.93640395774372
58.0,50.355057030066575
61.0,63.343346483800815
61.0,88.92008123040853
64.0,69.47759160010617
64.0,37.3784180817712
49.0,45.5837654349757
49.0,69.60732271442396
51.0,54.56434196070148
51.0,29.20118989711665
66.0,71.3822637746481
66.0,27.838234989535636
80.0,87.8919859293145
80.0,71.99120801473941
76.0,80.4086096914096
76.0,63.58951426391832
57.0,57.100975167089075
57.0,10.725673298541778
59.0,66.88889085845119
59.0,62.90060081250954
39.0,36.3587821253667
39.0,34.946054846353604
44.0,41.02160643527759
44.0,71.2915418619666
63.0,69.80859893261629
63.0,66.86855111974262
44.0,44.63384771732569
44.0,65.8767092888504
74.0,80.6865063310695
74.0,33.42229266970543
73.0,78.19752002648102
73.0,86.12018660714165
57.0,55.57083291053948
57.0,50.193663880894576
88.0,95.25744187354621
88.0,38.526015516189034
70.0,75.05030135098701
70.0,54.079679389126
56.0,61.34208708879004
56.0,64.79712717679456
70.0,72.14466233741308
70.0,46.739038010831734
35.0,26.742442102257314
35.0,73.70094880595167
59.0,65.04495412244404
59.0,67.87526089392816
28.0,20.85195621183709
28.0,78.42052895924513
56.0,60.90425730722052
56.0,71.2251759448182
47.0,53.09201748091283
47.0,62.603050715466566
56.0,59.5198659574645
56.0,72.64700207835955
69.0,72.88473689823587
69.0,50.094912529201224
62.0,66.74550498292257
62.0,66.22717042319704
42.0,34.77144404384194
42.0,70.75210551684347
70.0,75.90107426277825
70.0,40.100392076835305
55.0,53.2479037853783
55.0,55.233021930676045
53.0,54.53773893463239
53.0,33.102657532849435
60.0,62.38672055376111
60.0,85.04667587891663
51.0,47.65326707812642
51.0,71.44199865786311
69.0,74.9385811224742
69.0,84.42294754059367
17.0,13.728129550130348
17.0,74.3783415134738
76.0,81.65915639984865
76.0,68.40100180522882
45.0,49.108763933210525
45.0,66.72754745447764
54.0,58.81808423529321
54.0,72.49830395051174
69.0,70.74884768250047
69.0,63.76679116061996
43.0,39.5962086630409
43.0,72.03428248593156
53.0,55.67593894422572
53.0,57.64271890306725
75.0,81.21328424904533
75.0,75.14303800010111
43.0,36.90645978010548
43.0,62.638724528655075
33.0,35.09036436916978
33.0,71.36130881797192
77.0,85.03347026543861
77.0,76.57473538137555
75.0,79.83867286616226
75.0,79.37014943059586
68.0,72.95785819541106
68.0,75.22183435207228
64.0,65.9046947082166
64.0,67.06604747240999
51.0,51.3128232213852
51.0,65.663761160251
75.0,83.1286583432314
75.0,41.08750216340866
70.0,74.55136442218662
70.0,47.53386284931514
59.0,62.7065613787351
59.0,20.320515041412307
66.0,72.81887935112962
66.0,67.72886103584244
68.0,72.72683752364145
68.0,67.75015510683426
35.0,38.7060773898105
35.0,44.97157950811027
75.0,82.42968919398163
75.0,18.014175444137436
74.0,83.51832095331514
74.0,56.93258422867609
51.0,50.58223409745983
51.0,64.61839241616576
62.0,67.54836546118139
62.0,66.14545468674703
61.0,63.34839770669976
61.0,73.56987190672044
67.0,67.73326689147189
67.0,92.86398890726093
65.0,64.12464766206563
65.0,59.776610693805935
70.0,74.91502160338956
70.0,63.02217293984637
56.0,53.285479899085885
56.0,34.59861777027959
56.0,51.88664283321708
56.0,58.268622971916045
68.0,76.52791708726181
68.0,69.39574961666744
74.0,79.71336607674101
74.0,70.24728727012564
60.0,60.97120270713606
60.0,51.369185398112734
55.0,52.12303771649374
55.0,34.08605864292633
66.0,71.41427270155344
66.0,75.52665443568156
72.0,74.43002641158228
72.0,80.02500648661288
41.0,37.328916515062815
41.0,84.74423028173123
73.0,79.20177162850212
73.0,55.240232644521825
38.0,30.142264598890506
38.0,61.14776169203009
72.0,76.98609265729846
72.0,53.76092060598825
70.0,74.15174016857304
70.0,74.40943909920367
65.0,67.5483230432119
65.0,51.892580848684474
59.0,63.75227872294772
59.0,72.86033042191315
61.0,65.32221426318483
61.0,48.62919999779501
66.0,69.70838006836254
66.0,53.280719958149575
32.0,24.083989472149653
32.0,73.69021662255858
68.0,70.86214661861732
68.0,70.22188210575996
64.0,66.46795465628657
64.0,35.20862164556371
64.0,63.83882508504723
64.0,59.75408091953892
58.0,59.390694596759374
58.0,58.96647730569043
57.0,54.06717747707677
57.0,52.381467906566286
70.0,73.94120913414093
70.0,60.95395330294485
70.0,73.7803574733303
70.0,58.42644749613095
63.0,62.74298740039853
63.0,37.205460816183404
25.0,26.187206616462788
25.0,54.72090954250547
61.0,67.83155335396907
61.0,29.752309615860213
74.0,78.2880065426998
74.0,44.730230476047836
81.0,87.80790761092288
81.0,72.16009429393807
80.0,87.14690345119226
80.0,50.343885388560864
59.0,65.22645278295357
59.0,52.665531712145594
67.0,74.56953250097598
67.0,36.75710869354435
74.0,79.7212635330576
74.0,71.52895786654585
55.0,55.34287701966463
55.0,40.7860234248667
10.0,14.013060982236937
10.0,27.32873318636439
33.0,28.661429252907624
33.0,72.88040935508968
72.0,75.63071247344698
72.0,75.92261748174235
43.0,38.204345993572474
43.0,50.23648027088353
19.0,17.90032518770397
19.0,29.536233488091682
77.0,83.89496847342832
77.0,56.872263572845156
57.0,57.8897324090475
57.0,68.26419523573713
78.0,83.81798708702775
78.0,63.85200346793317
55.0,54.815693008578876
55.0,69.55117846049905
60.0,62.531778959229996
60.0,74.73379571598093
81.0,89.28289170170325
81.0,78.62728088851236
68.0,68.80100473226196
68.0,82.03343852036926
66.0,71.78478614200469
66.0,70.66704512982074
70.0,71.91675562259513
70.0,61.56977400793426
61.0,65.0425737950186
61.0,75.92399948644527
38.0,39.21890484118518
38.0,64.83557180833043
59.0,58.804190325896684
59.0,31.788077407899266
68.0,68.99961535061641
68.0,81.59115642883927
62.0,61.8054654155971
62.0,57.436076072107255
31.0,34.74060656999973
31.0,80.73061593014842
72.0,76.8304572632191
72.0,61.063936368211785
70.0,75.9046169039782
70.0,69.13707518679672
74.0,77.89738760894699
74.0,21.498118227519853
75.0,85.93506096632763
75.0,60.09096773642659
55.0,59.35020384161987
55.0,58.93121345560701
61.0,69.9538224064782
61.0,55.795539956467564
71.0,77.64987219820989
71.0,76.80035766443882
72.0,75.83673213453943
72.0,60.67234175907868
74.0,79.0349031024615
74.0,47.29573627452771
69.0,74.44113332202846
69.0,31.454748529436245
78.0,84.7941602292139
78.0,84.75265805414853
73.0,78.74793237203704
73.0,65.47018025889957
61.0,61.09193399004954
61.0,81.73473820507638
76.0,83.0109921399756
76.0,20.648282877139252
53.0,47.77307259290558
53.0,48.363297900465966
63.0,66.97614377303711
63.0,69.86617087226745
66.0,68.15298155889002
66.0,77.9390427090683
75.0,78.72158058825141
75.0,82.70775629247055
71.0,75.82924297377122
71.0,45.29975602892813
44.0,41.53398170768418
44.0,49.66750965907028
70.0,74.29125741969415
70.0,73.8416629604709
38.0,33.0955177758284
38.0,80.37606095638864
75.0,80.72924893715236
75.0,37.58789686052319
81.0,87.91335379645892
81.0,81.06921066671748
77.0,83.84065837879058
77.0,60.46691421386771
43.0,33.97160416203536
43.0,58.73455415974104
68.0,73.49135830647703
68.0,37.815021592334915
67.0,71.93961628606866
67.0,35.296491367740146
30.0,25.411217493012145
30.0,78.92348558997713
78.0,83.55343052860593
78.0,55.44171650938091
61.0,64.16845566440918
61.0,74.53836074420042
65.0,68.09353822280008
65.0,48.2686255822743
49.0,54.50008905287052
49.0,79.4691500460948
67.0,72.06662518878392
67.0,68.92850459827895
64.0,68.0335456608504
64.0,64.4231950939137
7.0,9.716869235387946
7.0,13.273523267041128
53.0,54.421283569514515
53.0,63.044456913198815
83.0,91.31984391752536
83.0,53.77333887970127
65.0,67.45065464661621
65.0,70.4268236571018
47.0,47.88244006248061
47.0,83.22753484239325
58.0,66.86131990988633
58.0,61.84746369527352
67.0,72.58784372571427
67.0,77.02767631835269
61.0,62.79339078611656
61.0,36.65780574776801
22.0,18.487487574681893
22.0,76.14712193609682
72.0,82.14679938954782
72.0,69.7699120043261
72.0,74.88345966968694
72.0,71.52917102489266
67.0,73.08681857539938
67.0,72.54552538456153
58.0,62.68811473884398
58.0,75.24235445953428
64.0,61.19758199258183
64.0,78.59875457940859
60.0,59.96552449767921
60.0,69.93217715824619
56.0,61.61015471957927
56.0,60.71815682586208
58.0,60.46223662700902
58.0,73.60888217977867
64.0,69.02254981752151
64.0,68.7304006597272
68.0,70.69722300986365
68.0,70.43811377868559
76.0,81.93143702827683
76.0,68.35899402386195
71.0,76.0206983421445
71.0,58.434345803798124
64.0,66.78507819985634
64.0,37.16083006252069
69.0,74.78860392430971
69.0,54.11914837337969
46.0,42.91615180539486
46.0,58.29255453070431
53.0,54.86736829730643
53.0,56.10926049029166
68.0,73.35338129296082
68.0,68.85426388871082
70.0,76.34950708486895
70.0,61.421571600901075
76.0,82.76789643014433
76.0,68.50265894714266
71.0,73.56234817722049
71.0,74.51186027749031
67.0,72.97779513991287
67.0,63.82564012720968
75.0,80.54276723685706
75.0,47.64968081039717
63.0,63.33940538497325
63.0,32.419176312531135
76.0,80.86923451004043
76.0,79.5452348433019
59.0,64.76203116510868
59.0,79.81411477111027
58.0,57.23722787000497
58.0,30.701713263443423
43.0,51.34466871687948
43.0,41.431620569798895
64.0,68.5569977004871
64.0,81.98745573125757
34.0,25.058933190270068
34.0,65.94283365282746
44.0,38.91812380548896
44.0,83.47981860110315
66.0,73.22118238648198
66.0,33.58923355681486
74.0,79.1554533314557
74.0,39.208042983109635
77.0,84.85324978798695
77.0,53.77434839326105
69.0,70.08485621799633
69.0,28.741438293790793
56.0,58.44940307909809
56.0,86.76430004593834
54.0,57.98892358436399
54.0,76.30494914561785
59.0,66.11174269207203
59.0,56.43379000339257
60.0,63.659857917688555
60.0,46.62409321851948
76.0,82.21437132924729
76.0,45.167546330050584
47.0,47.37139224883748
47.0,54.76538144248411
55.0,53.84407593845009
55.0,79.24613292627396
59.0,63.19156230370436
59.0,80.55187229444346
29.0,27.031799837065478
29.0,74.25478335785954
69.0,72.84910134081252
69.0,75.92597278804874
63.0,66.71991276410051
63.0,68.9845384219476
69.0,74.03214272536212
69.0,75.06038901541115
81.0,86.91988905505605
81.0,27.36267390172344
44.0,36.33564688448246
44.0,77.32871000130274
51.0,48.75118309089402
51.0,12.810012607221836
62.0,67.43571372908718
62.0,29.644970286982527
55.0,62.5402610492207
55.0,27.51214157335795
73.0,82.19819613805169
73.0,24.833322697190795
75.0,81.18753419503281
75.0,81.69381202890247
75.0,83.16260239309969
75.0,29.60771729271886
52.0,60.308291413690085
52.0,78.09297288318868
61.0,64.75808737899501
61.0,66.81408798389174
76.0,82.96256077412102
76.0,57.472194433519576
52.0,49.79800594228948
52.0,47.44473786850381
42.0,42.660882804539256
42.0,67.14627728593888
51.0,53.41396302200832
51.0,68.66284253740804
71.0,78.70605764655932
71.0,47.87829873454308
54.0,52.78663622636731
54.0,44.41961846617954
46.0,45.875242934865355
46.0,78.7175381006806
51.0,49.95880219091856
51.0,43.77859418660546
71.0,76.37115822324893
71.0,31.804854584596512
67.0,74.48448631497797
67.0,38.18407117110553
69.0,72.79681095280057
69.0,45.59719973293386
48.0,51.686335856484106
48.0,74.34079241979526
58.0,61.62136637429887
58.0,62.06586780308464
68.0,74.69595058155744
68.0,70.8580881798996
53.0,54.453104100900646
53.0,76.96255880535523
69.0,70.31608463465801
69.0,41.90764662005739
74.0,78.03153333142484
74.0,77.73949948439275
65.0,73.07518697103745
65.0,61.29293220901246
68.0,70.6256541771636
68.0,28.56648691924414
65.0,67.48824400235446
65.0,60.72234964883893
64.0,64.59406339835277
64.0,32.816815150468585
56.0,61.34440058024717
56.0,74.06533726955706
71.0,74.5612201076566
71.0,47.42307155161842
64.0,67.74309438227772
64.0,49.572349861479154
47.0,51.06019972252568
47.0,72.04904243196017
61.0,59.61801307674665
61.0,18.275680453744258
31.0,23.32693075915114
31.0,55.7344846678306
44.0,40.35457159702412
44.0,40.966003764483276
66.0,68.66116654225806
66.0,62.48716940211034
69.0,74.99165942584585
69.0,30.215200918896812
71.0,75.41532036636363
71.0,38.76476231744101
20.0,11.540026150851475
20.0,31.351576169768066
74.0,79.1372863420878
74.0,81.34810853012988
63.0,68.74670066722507
63.0,49.37464616284046
66.0,71.69148375795004
66.0,16.844636791619905
70.0,72.63210489218449
70.0,78.08850430656247
55.0,54.88687355950975
55.0,67.08341967449843
66.0,73.92517109272893
66.0,63.58803166677802
68.0,70.18658106167777
68.0,71.05618827186271
73.0,80.58054489712833
73.0,72.47927238980571
0.0,7.8100218978597695
0.0,80.53838857038204
64.0,68.67253343894572
64.0,63.48767867300552
47.0,39.31898000670736
47.0,61.34310205490232
52.0,57.6093789573755
52.0,60.52487617100991
82.0,87.7420868950062
82.0,65.57883484419506
66.0,67.66270216609286
66.0,69.16854299216499
50.0,48.33525245392275
50.0,68.0921054133538
66.0,65.22581665347604
66.0,54.13958028392415
34.0,30.382559876004052
34.0,67.48097793599243
68.0,74.70759140449235
68.0,27.748152853366037
38.0,38.21941672429341
38.0,56.34297522228286
80.0,87.56532942698772
80.0,43.92784792251922
72.0,79.48660510200807
72.0,14.661744437520383
69.0,75.36725183870556
69.0,60.19064746829292
69.0,76.55708670694042
69.0,35.929893093771966
51.0,51.63537885161918
51.0,37.19336188051096
64.0,65.18003175940112
64.0,78.54195847826162
59.0,63.092713214743924
59.0,58.134501459372586
40.0,27.124182239863956
40.0,52.34829965861559
79.0,86.74892555085705
79.0,69.49831965981298
39.0,37.28628170668469
39.0,38.90504884332546
69.0,72.08225976925348
69.0,67.58371860075687
25.0,26.217507456672877
25.0,66.13818811480627
63.0,65.59119848497886
63.0,71.01038731450296
44.0,43.4643476536674
44.0,75.53897732151887
71.0,79.14482625849689
71.0,80.77357551530622
76.0,83.05246600876302
76.0,59.736530852577914
18.0,22.52035648941046
18.0,52.12408095374337
39.0,36.19757840861695
39.0,58.76134509690428
45.0,39.180620279640664
45.0,72.78995978121327
65.0,71.4606250014935
65.0,20.088279577716094
38.0,39.44293784574177
38.0,68.03880967881088
41.0,43.9213584071436
41.0,60.97090130180959
74.0,81.00954074273608
74.0,66.57393628812281
36.0,26.029582199871868
36.0,60.881359436289245
32.0,26.516596396220677
32.0,79.5266855913103
57.0,59.19776067613452
57.0,42.39084871499398
54.0,60.87575770203455
54.0,62.792562918977694
48.0,47.02013449462561
48.0,69.0425828918664
71.0,76.8467992364445
71.0,77.64505942852361
74.0,83.19338846055268
74.0,65.7851954948191
66.0,69.4972319910658
66.0,81.56898771752185
63.0,68.96732418089363
63.0,48.90730956982742
68.0,70.19421097215553
68.0,71.40599911347323
49.0,43.06734779447078
49.0,58.25198976900032
64.0,67.5172942290726
64.0,12.668703243555683
71.0,76.05904075624613
71.0,32.42631256210848
50.0,45.16250312304771
50.0,76.68236897761136
37.0,33.356189318793156
37.0,71.8721741133217
55.0,58.967833440488505
55.0,51.19587477927399
61.0,62.09048164851788
61.0,83.0871519623891
72.0,76.89636569672109
72.0,31.479407295071496
26.0,31.941433509392596
26.0,13.326768353884859
46.0,47.411599472080525
46.0,51.88893850306766
54.0,54.53236961731693
54.0,2.936583158802648
20.0,21.33997070118386
20.0,26.714467275031836
57.0,59.01722868580379
57.0,58.059646313292774
59.0,62.523417386290134
59.0,82.2958822629019
74.0,80.4737144978165
74.0,35.03554164917978
60.0,68.03517139581686
60.0,70.24546294396077
61.0,67.04005688416015
61.0,75.62853416975588
68.0,74.83692760746612
68.0,74.66424978985225
53.0,52.9717675788242
53.0,80.50063155258192
86.0,94.26184939681809
86.0,82.52460374273517
59.0,61.77616569458439
59.0,51.14811458480949
65.0,67.87289550456757
65.0,74.79436276013524
48.0,47.849773500582955
48.0,44.92435051380926
43.0,41.68620082156633
43.0,51.32961396661028
69.0,71.92790203909146
69.0,66.63744380956086
74.0,78.41170801025407
74.0,49.16915029077171
30.0,29.829235497478464
30.0,78.76305542187254
67.0,69.98170678462657
67.0,58.44752861908381
30.0,20.20936832927424
30.0,73.56562394195862
71.0,75.07654287499349
71.0,32.9565788439773
77.0,84.50594378114232
77.0,68.22446678269353
65.0,67.01770477404386
65.0,70.75701928850395
56.0,56.42513400860702
56.0,82.86315759184998
69.0,72.92704288554677
69.0,71.84985001679439
65.0,70.45755250474548
65.0,54.99594722623692
35.0,42.14666547267018
35.0,34.94841755267066
50.0,51.39369014227543
50.0,82.64346840225068
77.0,81.15989347543206
77.0,73.44043913354977
68.0,74.73074933510975
68.0,75.30348223287046
48.0,39.90486468182837
48.0,76.41955008561172
75.0,80.43464637363257
75.0,74.00569647513822
56.0,58.66807023281223
56.0,19.668253002974495
75.0,83.00608910436097
75.0,69.5949295533162
61.0,66.40597417192777
61.0,55.847503693885244
71.0,75.90350149464507
71.0,55.05373110993992
53.0,51.61693166290536
53.0,72.69140884694644
59.0,66.65344889801338
59.0,66.64335590338635
54.0,57.611285790864315
54.0,32.836011034307944
49.0,47.0909601880212
49.0,33.12312996996309
74.0,81.64135068169986
74.0,76.36290051325653
67.0,77.47543032520969
67.0,76.85144490223456
46.0,46.13673377841525
46.0,71.07995762375612
43.0,33.63267075527881
43.0,55.857595590505184
45.0,40.652943184164485
45.0,75.18009828588623
59.0,64.05281759480073
59.0,65.76090644310091
54.0,55.3706721670431
54.0,38.5242137427465
66.0,67.63640724432406
66.0,45.96138790199018
53.0,52.59274922268207
53.0,77.37322077478353
75.0,78.55452716763381
75.0,45.10097834596854
72.0,77.93848198290635
72.0,61.30935197986821
43.0,39.58344996307659
43.0,37.10608388122836
40.0,34.27001339073718
40.0,79.63487863645935
73.0,77.70266700956535
73.0,26.880756154560515
67.0,72.52364417012802
67.0,68.47556190791153
64.0,64.5322205467632
64.0,66.16856237845849
54.0,52.67368431781318
54.0,51.123014708281914
31.0,31.973291557238838
31.0,77.97286380351449
74.0,78.12731495752985
74.0,54.62523678860964
63.0,68.98874520991927
63.0,71.66960698105515
62.0,65.20956357807466
62.0,71.26562686866441
69.0,73.572871576051
69.0,89.06043307775951
57.0,56.76019447158819
57.0,74.77274540678758
75.0,82.38252876374554
75.0,74.38231133261019
38.0,32.58961496491071
38.0,81.61860663533832
69.0,74.89054849441084
69.0,77.7638829771563
55.0,55.28987211413033
55.0,67.48227716232441
59.0,64.45503181403382
59.0,73.64514986203699
55.0,55.61211466465551
55.0,5.947224579962551
68.0,77.29708962981192
68.0,72.66949039336407
74.0,84.75215858992306
74.0,80.50365548733436
63.0,66.51980101956843
63.0,66.61472777580724
67.0,70.7980184601264
67.0,85.94662065587784
83.0,91.24874503073357
83.0,76.39468459812116
76.0,84.16445079193358
76.0,81.68265415017459
59.0,58.68017216620302
59.0,44.947566590958786
63.0,67.68509604763898
63.0,49.16915029077171
58.0,64.17466063517935
58.0,52.27519262671598
58.0,63.08655583697714
58.0,61.665637981500765
81.0,89.21004566051226
81.0,71.69869973602226
68.0,73.13552672413687
68.0,69.55121745319428
48.0,43.03291144352363
48.0,49.1601923827223
25.0,18.81950344873718
25.0,38.87677262153545
40.0,30.743634883521736
40.0,44.518089460573094
56.0,59.27899070490287
56.0,51.72585438475693
63.0,69.16939640646598
63.0,82.25530179188587
42.0,37.521524815077555
42.0,68.4518483923747
72.0,76.86484349988359
72.0,12.293709079819848
67.0,74.08614265913712
67.0,67.7199453569549
19.0,18.760998175331963
19.0,74.75931361037476
25.0,18.08609892503887
25.0,74.57716748545141
43.0,44.48585160972283
43.0,71.12082703059082
55.0,56.66444076024624
55.0,57.33063425698049
66.0,69.00688373619005
66.0,80.37181962757421
37.0,41.38218617260702
37.0,14.766431390934827
66.0,73.11599139459372
66.0,16.746675033934082
57.0,60.39790223961444
57.0,74.91502160338956
73.0,79.27041675467916
73.0,60.183212050338966
61.0,66.83813138196012
61.0,18.540126628491294
68.0,73.70086689761996
68.0,24.56803205860797
60.0,64.18595510282768
60.0,50.458007373726616
84.0,92.08518378545466
84.0,79.00952754145709
78.0,86.5807157139322
78.0,75.91307245725977
74.0,78.65306759092368
74.0,61.037623986324945
22.0,21.47240403132264
22.0,77.35201672697713
68.0,75.96277074940195
68.0,70.37381389347513
68.0,75.01062644889356
68.0,87.34227736265245
61.0,63.96731490779723
61.0,31.920518511439468
61.0,68.83671053244319
61.0,75.39380551444151
71.0,74.69786643876722
71.0,73.14288815649962
66.0,70.31594851829323
66.0,68.29121244154686
47.0,49.628677680573446
47.0,53.243816163385816
41.0,44.17113287864555
41.0,74.34546815014585
81.0,89.86802927329518
81.0,61.80171675349317
72.0,78.0617343231666
72.0,59.08573023273834
44.0,41.34972188889674
44.0,86.62892878669913
58.0,60.482170829465986
58.0,71.49285268464496
59.0,62.246328535678515
59.0,72.27188045800511
77.0,84.23323700090998
77.0,82.3646167731577
71.0,77.6258098654443
71.0,80.13137650492314
52.0,53.99694127878337
52.0,61.216980056397745
64.0,67.19063971019631
64.0,78.15790963062994
67.0,69.8792210379579
67.0,72.44957211828523
61.0,64.22266363600033
61.0,59.74982869219684
69.0,76.56621018351683
69.0,74.00298403590654
69.0,69.10384946543712
69.0,77.2800021173552
50.0,53.15559465737232
50.0,83.54282027222371
59.0,63.405917007841595
59.0,69.60425750828188
66.0,73.56943877958088
66.0,90.10726754508403
69.0,75.29534604622569
69.0,69.27908324895344
65.0,71.46266151368161
65.0,74.39448500165668
51.0,51.34611994916963
51.0,74.42997953197624
65.0,70.36628015804683
65.0,61.42664763944953
69.0,76.64244089615045
69.0,46.741307862860424
64.0,68.25421253392261
64.0,79.30380316537781
38.0,42.67061457297757
38.0,55.71858695281685
57.0,55.79779945947638
57.0,57.91271618405017
63.0,65.34314165644099
63.0,83.68835498812132
10.0,-1.2521889821729246
10.0,63.48041495611261
78.0,87.00650151370343
78.0,82.51416642926546
65.0,74.30229712371971
65.0,62.255149486500045
66.0,66.21248121232088
66.0,58.38892603319783
65.0,71.51442723678736
65.0,67.29727566459917
55.0,62.393982598915386
55.0,45.138240873438576
70.0,76.96129836916248
70.0,32.299538948904
67.0,72.5759110963383
67.0,55.0383324834454
50.0,53.778806763035675
50.0,4.732263068607665
59.0,63.15475542965993
59.0,62.24697693719645
82.0,89.77590433344375
82.0,34.110548859780295
60.0,58.24906222484606
60.0,68.16935906109615
77.0,83.69509598094601
77.0,88.63825530441812
34.0,30.038948029216158
34.0,69.22116843910487
49.0,43.38614125895248
49.0,77.03530510973866
54.0,57.80397555856308
54.0,63.86837640573265
78.0,86.59534409512315
78.0,76.94345738047298
73.0,79.58700090471973
73.0,65.30001749326652
35.0,28.603764491194568
35.0,77.59836561173341
68.0,72.66269445454844
68.0,84.14209608770534
68.0,72.4642884183603
68.0,68.43676343667903
72.0,77.38752286582326
72.0,53.7507637545541
47.0,54.222492347025025
47.0,77.23164531953893
64.0,62.55829074852767
64.0,53.61096921358126
46.0,48.10757271312127
46.0,81.94723014429024
26.0,24.10330719955971
26.0,71.35042898121333
75.0,80.60449098877933
75.0,67.55978661986899
42.0,36.47637823301966
42.0,72.91703357404191
71.0,78.44048796364592
71.0,59.6213837833904
59.0,64.52203388775973
59.0,57.131861614289676
58.0,58.48671962526009
58.0,79.15720095889799
62.0,64.08577292251448
62.0,38.422457756651454
54.0,56.93558311352518
54.0,80.12572747278267
76.0,83.86866790045588
76.0,58.76705584043884
33.0,23.259603461820404
33.0,12.068699712794569
72.0,77.43763844095179
72.0,86.3073440486869
43.0,41.68754937490746
43.0,53.300554470540874
81.0,86.00579572468433
81.0,78.9752790236704
72.0,81.91853470324344
72.0,70.23832943209192
59.0,64.32855415360626
59.0,74.01250302526063
60.0,62.78544308686696
60.0,69.84526198413073
68.0,73.32984881039653
68.0,83.59337864843548
61.0,67.02645241116522
61.0,82.72505060203292
51.0,55.28486716319043
51.0,79.86744365472015
22.0,17.360250868651747
22.0,18.445150375724495
30.0,28.58397368315815
30.0,55.70218974273956
52.0,52.02441227935117
52.0,48.42235401285791
50.0,48.17299842677414
50.0,77.77926922587574
41.0,36.59105536201764
41.0,82.18010682548379
71.0,76.67378545206338
71.0,57.59981864972292
67.0,72.54712116809009
67.0,36.52310208479844
72.0,78.93443254911784
72.0,59.2518531440802
65.0,72.64557823674005
65.0,71.45097106553658
59.0,64.21348109371593
59.0,62.15420804613052
58.0,61.43862851113056
58.0,55.92018099375787
59.0,61.287810852037296
59.0,78.9965527573471
43.0,41.579471672942134
43.0,53.8003098370458
74.0,82.03094564599996
74.0,70.32376043893828
60.0,66.66988505619497
60.0,72.94802220143816
26.0,19.068214854788152
26.0,28.931460996746125
52.0,55.04969728768572
52.0,76.90000916702814
71.0,80.06642270159188
71.0,40.57494313991617
62.0,69.02802130265724
62.0,27.51214157335795
60.0,61.90643856723915
60.0,80.13027852656012
54.0,50.986142822818124
54.0,76.41928217028868
69.0,70.16934722868365
69.0,74.80044486314046
82.0,87.73990079646643
82.0,53.804077385145376
56.0,58.27117986899481
56.0,32.01740560120544
63.0,66.65948671616786
63.0,82.54614648103279
74.0,81.30660293809046
74.0,56.6979004194294
58.0,53.5389428738041
58.0,51.50671144641524
28.0,20.455346980471404
28.0,67.64862931008389
71.0,76.56943684553966
71.0,85.10725268247961
74.0,78.96035918882279
74.0,68.88921547084334
21.0,24.14250679445132
21.0,74.62781318726883
39.0,37.796475757176836
39.0,14.72299732724025
47.0,46.70113082681138
47.0,60.98530877921752
65.0,65.27529484704928
65.0,61.265835726374235
72.0,78.48078193053823
72.0,64.01526693743716
57.0,57.41027601763972
57.0,73.93320750851916
67.0,73.26220423515775
67.0,36.15340553678527
59.0,61.14574074604445
59.0,41.73479147212964
59.0,62.35044357383106
59.0,67.65872824699875
46.0,42.09706924166187
46.0,84.42963968581381
35.0,38.533591164684594
35.0,80.69966344659929
77.0,82.06641319057513
77.0,74.71055358352828
66.0,73.9741691310033
66.0,76.1878640281908
62.0,68.1968896274737
62.0,78.29577771405866
70.0,74.61474389104188
70.0,72.1995694939531
37.0,39.59235406238025
37.0,87.98189734872972
21.0,8.523044069601042
21.0,68.00029918409007
73.0,79.28283077836949
73.0,19.391015370922048
54.0,57.441199206080796
54.0,63.757597187589
50.0,45.8601528904108
50.0,71.35848769720201
53.0,53.568750662139166
53.0,48.2890330687531
75.0,82.67049731860158
75.0,71.42417943399096
60.0,61.25693975263107
60.0,40.155019555461706
66.0,66.39071427138839
66.0,54.05800726903078
72.0,76.03543415272878
72.0,36.88240830419386
70.0,76.34859333375954
70.0,65.77583376704001
65.0,69.2585023746725
65.0,77.29483257767629
76.0,80.46186944166874
76.0,62.05423329562609
77.0,84.28793355327053
77.0,46.328678121852136
71.0,76.33750098689006
71.0,82.55624357756847
62.0,65.39010074121597
62.0,56.14869320205037
53.0,54.27203668433367
53.0,75.14652793669785
66.0,67.34676444648892
66.0,33.356189318793156
67.0,70.70431677537857
67.0,73.65151797269391
68.0,69.12087142910883
68.0,45.4781183531685
39.0,42.1167923176144
39.0,73.61002270718569
69.0,78.08197405594319
69.0,71.47192051035825
68.0,71.26949474789865
68.0,36.4513566107953
51.0,55.59824330130658
51.0,63.672591090517926
73.0,79.89354102670859
73.0,57.98791389449224
32.0,34.50307868796989
32.0,45.375096564702005
76.0,80.75616687269604
76.0,67.37090585791321
74.0,80.13083211235733
74.0,64.44639145280291
72.0,76.44982636684716
72.0,-0.4375567967062466
55.0,53.47186022855806
55.0,67.97403895926334
67.0,69.40675932363342
67.0,32.58775706087914
62.0,66.87374975489496
62.0,72.42945899936655
51.0,54.46189761350519
51.0,76.94181700019146
65.0,71.84839498454943
65.0,67.37777063890485
62.0,68.43047346665031
62.0,74.1293585001747
68.0,73.15056440725061
68.0,57.751012208398265
37.0,37.30660927349038
37.0,25.04916108346822
71.0,75.43799231017044
71.0,80.12734131025405
10.0,6.532846113246933
10.0,76.30984794616961
66.0,71.43015831778496
66.0,63.26944506680843
60.0,64.76539620042752
60.0,46.82051407957334
68.0,74.72955723931307
68.0,88.3636132203975
70.0,75.66396285875123
70.0,79.82409981686914
66.0,71.758189708104
66.0,57.10012915496901
71.0,76.78586585620423
71.0,73.17131238704019
57.0,53.33332011974255
57.0,70.83532819278912
73.0,80.63272454985884
73.0,75.1098201221094
54.0,50.12237493978017
54.0,75.75635855222737
55.0,58.38418497804702
55.0,84.99418623091304
63.0,65.28308617125617
63.0,66.70157995956146
61.0,64.70682385727082
61.0,82.81638854361688
74.0,78.64365131661202
74.0,51.31657042713687
80.0,85.29636739287577
80.0,71.69429335625148
32.0,26.109921171209578
32.0,66.45036921470762
61.0,66.49795284650088
61.0,44.751690723034244
66.0,71.58306809304389
66.0,49.89957347235418
77.0,84.43824103430711
77.0,75.57944934592985
50.0,50.75738044893626
50.0,70.47004456182628
74.0,77.07699823260634
74.0,17.946667377840583
60.0,58.96984038993941
60.0,56.12960391978464
33.0,35.664432354362134
33.0,74.88125095955508
55.0,49.325027188175284
55.0,32.04216732018517
74.0,78.50919650027498
74.0,48.91043998465159
56.0,56.94677446090611
56.0,70.45594159151409
51.0,50.70345859112598
51.0,70.99807635293638
49.0,42.87752842943064
49.0,51.498489813042
82.0,89.39836564678086
82.0,36.15340553678527
47.0,43.62324459436087
47.0,67.84546198662542
66.0,70.43004500638432
66.0,83.89129847941467
23.0,12.754217894814587
23.0,33.87703471561247
58.0,64.28110772102423
58.0,77.16359865850347
76.0,82.08708588087723
76.0,79.70105305479245
44.0,39.883536019582664
44.0,68.57850376927837
65.0,69.71201963570962
65.0,90.71433656718722
65.0,67.8469701321792
65.0,77.04570699379036
39.0,37.79081851081952
39.0,72.85370295869564
68.0,74.67185949149064
68.0,73.94956830457261
76.0,83.86101837419989
76.0,71.52364673427172
78.0,85.92549686164591
78.0,66.87199468410302
54.0,53.78552683706539
54.0,76.65973929011784
65.0,70.04375538914286
65.0,63.32525288410278
70.0,76.6665565973853
70.0,53.923768481131106
69.0,71.34956317265272
69.0,81.19090012826041
65.0,68.88115153446898
65.0,64.52129120586875
65.0,64.32297048193732
65.0,54.03496990034944
72.0,76.77838673237136
72.0,67.36561777522274
46.0,45.64015792192765
46.0,38.00122096314942
47.0,52.650243549969446
47.0,49.50461385995004
36.0,32.00074593014443
36.0,48.54183522633423
24.0,17.581150937559357
24.0,76.72195915764627
76.0,82.33070078833504
76.0,56.88653383167832
69.0,73.84158788308412
69.0,64.52820116227434
52.0,50.53557817748697
52.0,28.472111712438505
70.0,73.24996496913877
70.0,29.68890365223382
73.0,79.15722949430545
73.0,81.26119666421738
62.0,63.1632431440587
62.0,31.804854584596512
61.0,66.0578109537671
61.0,63.329834707818975
39.0,36.19757840861695
39.0,72.01833159352981
77.0,85.6859728327143
77.0,59.17247359227326
61.0,64.4775439010906
61.0,54.71312856915807
63.0,69.95036850768037
63.0,77.29111698625633
67.0,73.38521044716964
67.0,43.63902171025859
47.0,45.08783224642633
47.0,72.0122621397893
72.0,76.21428196610344
72.0,63.63638727641296
46.0,52.27519262671598
46.0,62.230307615488755
42.0,41.22034585882909
42.0,32.54675787149955
68.0,73.17222949772412
68.0,51.852080012689555
73.0,79.29974095886217
73.0,64.59787185484635
36.0,34.289571742354894
36.0,61.257435087166016
76.0,85.56228804059566
76.0,64.27356492944762
23.0,17.515684677743764
23.0,34.110548859780295
83.0,90.48533984510436
83.0,64.99537205163654
68.0,70.95516663688471
68.0,76.80265848328474
60.0,63.040369595094944
60.0,25.710581283206068
78.0,85.145400112478
78.0,7.225062583593001
73.0,80.86766526108522
73.0,29.318099729636344
60.0,62.84337316564557
60.0,40.63190855587038
60.0,62.14916183837488
60.0,50.32691629370038
60.0,67.38045156359999
60.0,81.93193761209176
54.0,62.987999069212606
54.0,87.55951016385706
47.0,49.59117053173537
47.0,68.3034129775748
52.0,54.61816753479587
52.0,72.64885007897976
63.0,66.7558738969089
63.0,83.23837238501483
65.0,66.9831101670664
65.0,72.51412755502673
74.0,78.45377716966345
74.0,73.56373255429975
47.0,45.81728691902629
47.0,58.84996201608948
54.0,54.72096062760187
54.0,78.95198591507813
47.0,48.73364053322615
47.0,35.328162657032294
44.0,40.349672443876784
44.0,30.925878567245093
61.0,63.67876364737606
61.0,91.91409165154431
37.0,39.1654692712475
37.0,52.73161723494121
57.0,63.00501238049259
57.0,52.47308618017456
65.0,69.06067477534282
65.0,59.52952774680335
35.0,17.233782613927474
35.0,7.683539912836409
54.0,58.67350481365861
54.0,59.97179038400344
44.0,45.15282303123615
44.0,64.68893224836467
59.0,61.07054334038719
59.0,81.450294156305
73.0,76.33706356330703
73.0,56.637921014578126
72.0,73.49325889179289
72.0,69.48055423750509
73.0,79.28302900199253
73.0,72.6679088875282
60.0,62.77808400955604
60.0,72.90846950688103
57.0,60.36958553959499
57.0,72.10436953361369
68.0,74.54550352578258
68.0,60.09996754518386
46.0,48.895318490170325
46.0,63.81298552608342
56.0,58.140372751926805
56.0,78.34605315085946
33.0,33.607291065921345
33.0,78.82471676388587
73.0,74.46236594069615
73.0,68.20741089958528
24.0,15.978154095621562
24.0,14.273867056430902
59.0,59.51781405368598
59.0,59.216493638493205
61.0,64.53816303484024
61.0,76.18127585703473
57.0,60.59403637100098
57.0,56.17157541865686
42.0,44.12286019527693
42.0,46.667502995458335
57.0,57.0480087239751
57.0,62.699948714487505
61.0,66.41146958755172
61.0,33.953247875786474
44.0,40.90740196466021
44.0,87.47191561006503
72.0,78.82485639860624
72.0,84.08913492481332
62.0,68.54471436179034
62.0,54.319760713213554
71.0,74.46635402672104
71.0,72.69701014100559
60.0,66.33906699603023
60.0,61.873372379567854
78.0,83.6897886992976
78.0,85.46388312904315
42.0,41.818485181906
42.0,43.564400778066215
74.0,80.91891812037608
74.0,49.85914984760251
74.0,78.34112695433168
74.0,74.77418253272884
54.0,55.17600962169672
54.0,55.23976144578768
64.0,69.09587852098974
64.0,77.29996792332514
40.0,43.53254883664448
40.0,73.79509104994037
54.0,60.566004625435255
54.0,49.50666382980842
62.0,63.24235546759576
62.0,32.17392843263826
60.0,69.27099368223418
60.0,43.83403761575613
77.0,86.11634971319705
77.0,85.93440146008999
52.0,53.99283379832025
52.0,69.85938079905577
50.0,56.002690380649426
50.0,42.85545907035993
51.0,53.726060130307474
51.0,73.00539697944288
72.0,77.61104891335049
72.0,45.17392484917917
41.0,34.96423134209192
41.0,54.56954551890561
44.0,43.25563562725597
44.0,71.37056501688278
60.0,63.91801035365461
60.0,43.70373897003708
73.0,79.6881261645625
73.0,18.962149274121373
44.0,42.68882069720354
44.0,79.76893152850823
44.0,43.12875974859327
44.0,68.00476924324283
30.0,31.302546509287026
30.0,72.35231538125407
63.0,67.26450922853701
63.0,74.07669623557814
67.0,69.45354536475799
67.0,69.786924154465
62.0,71.64267236657878
62.0,71.85536494844268
67.0,73.08248479575707
67.0,52.807885885788096
51.0,47.65987424986065
51.0,47.21301307519002
57.0,62.40597836251726
57.0,88.14801470796925
69.0,72.52244869384776
69.0,32.99864078414174
58.0,59.805429213739046
58.0,34.140305622000824
44.0,39.48310597711685
44.0,63.3665948363157
60.0,64.56309516851132
60.0,13.779477165395292
63.0,67.76698849927902
63.0,34.5320081144248
65.0,69.52250381205818
65.0,59.29957667841302
57.0,63.95630100523289
57.0,26.93166787536586
60.0,63.278052679461496
60.0,27.15151546751963
63.0,66.14003429426987
63.0,88.2050168797241
68.0,70.51300390351878
68.0,78.92862085323895
52.0,55.107777508426636
52.0,70.8382074000645
40.0,39.166172776235385
40.0,36.489449446564095
80.0,85.70494188205822
80.0,77.69952013529206
33.0,29.644970286982527
33.0,64.66738320803921
60.0,65.09137409635451
60.0,75.52456341572662
69.0,75.08806724560225
69.0,75.06947369511448
47.0,41.982254000905584
47.0,61.25825925356571
61.0,63.76650533099445
61.0,58.60462567458245
39.0,38.193111748714784
39.0,14.661744437520383
72.0,79.51663058799068
72.0,85.37506950687049
64.0,64.50953591645447
64.0,71.47851554493502
67.0,71.23931085871584
67.0,76.15571598599462
39.0,39.441091914571814
39.0,23.927749675608936
69.0,74.52551191833976
69.0,70.63295908625679
63.0,64.2838110708285
63.0,55.55577965268708
68.0,73.11243037142162
68.0,86.66476509795115
65.0,66.47954364869912
65.0,73.38644586202184
51.0,48.62309331667649
51.0,84.48906304391397
25.0,13.7562909817878
25.0,18.443443247619314
34.0,26.871450475877566
34.0,69.06564612776168
71.0,77.6819128929157
71.0,66.0548547792032
46.0,42.63975084354735
46.0,24.42564118904113
49.0,54.41496439955745
49.0,61.57485350368938
73.0,80.42493325011696
73.0,54.80762625138226
66.0,68.0794008700089
66.0,16.561482356286206
65.0,68.68945078319473
65.0,78.44109373428375
54.0,52.318198717370024
54.0,41.62256890303166
42.0,41.1213801591814
42.0,81.15497455187085
71.0,76.74238729157571
71.0,76.40396406462384
57.0,55.62545971483047
57.0,78.96611896812357
64.0,70.68600874132994
64.0,71.1861532775489
66.0,68.37985810210978
66.0,53.77218945279719
75.0,80.84215948216848
75.0,77.94322629602328
49.0,45.925207060820185
49.0,73.84222019211376
74.0,82.24975726790416
74.0,78.37707754631663
76.0,85.65209397850418
76.0,61.82335581059306
37.0,32.69667093649423
37.0,55.278508459458465
72.0,80.23847327753771
72.0,78.0118327989918
68.0,72.2438242892145
68.0,72.06650277062448
50.0,50.79209865394233
50.0,87.3388636099508
42.0,40.3776452012537
42.0,14.208766775822028
26.0,27.861087360277793
26.0,13.737230402461876
41.0,37.15946454269607
41.0,27.65296582858241
64.0,66.4870448621478
64.0,67.03988804571725
64.0,67.05869542863343
64.0,47.38684917654314
48.0,44.08064792024379
48.0,77.11776615985792
44.0,47.64038568021056
44.0,50.36253548469011
48.0,49.32103394708446
48.0,36.55493013150334
68.0,74.40804347487841
68.0,72.97674591029767
48.0,44.73689154879935
48.0,81.04903384169
53.0,54.26414917340213
53.0,21.071234111706644
76.0,81.10213408023776
76.0,84.96328820186608
56.0,59.17247359227326
56.0,69.08544057513103
72.0,77.97032618421161
72.0,61.30868911273603
26.0,18.523345809784246
26.0,73.0680887080324
65.0,66.43192703205148
65.0,71.61828664312537
21.0,11.564089190940592
21.0,72.08798577399978
81.0,87.92267304566428
81.0,57.98911910651361
60.0,67.43153828909328
60.0,70.01162275042276
65.0,67.42140078501353
65.0,77.99915967652282
69.0,72.86120652455878
69.0,67.55770426771738
70.0,73.76637305466767
70.0,73.107363695657
60.0,66.07512785217654
60.0,71.46325479349781
8.0,10.99900964417202
8.0,56.69494980234498
51.0,51.39511749557812
51.0,58.96381179203058
65.0,71.00336329752258
65.0,45.128670667945585
17.0,7.958882138326146
17.0,57.43054108744616
78.0,83.46232736599984
78.0,59.20669898780187
73.0,80.38508836604944
73.0,89.81634083017889
70.0,73.08830510544658
70.0,70.60835789764906
59.0,64.2907135994489
59.0,76.92815245754451
58.0,56.8126539496526
58.0,78.13607097430082
76.0,80.94218688161794
76.0,51.926441046571824
72.0,78.63435034967807
72.0,70.93333408385632
19.0,20.804535238305448
19.0,70.00435591872701
69.0,74.10721928562327
69.0,83.42664352972207
61.0,67.56818228509627
61.0,22.636904531718812
54.0,53.72907660428314
54.0,78.34721626306384
50.0,53.283408976516114
50.0,66.52022508945282
68.0,71.83361388500123
68.0,81.82904969083307
73.0,75.56371579638068
73.0,19.41528269592311
51.0,55.12009417648437
51.0,79.3099342535291
24.0,24.870670229845416
24.0,72.60859624682803
30.0,25.677447522283728
30.0,29.344429526328156
69.0,73.30978416294482
69.0,38.102597668211274
80.0,88.57270072791164
80.0,73.42939872222098
65.0,67.09494165334655
65.0,73.24705591051526
81.0,89.02335285150042
81.0,90.09734194353092
68.0,70.136983975764
68.0,54.01334101374738
65.0,70.01672995877902
65.0,77.39613330517608
68.0,69.60914921348495
68.0,94.11209918441153
68.0,74.94574264958305
68.0,38.17697540389912
46.0,53.842440657777104
46.0,55.010719304299755
76.0,82.7168725180386
76.0,67.78778098284641
57.0,60.8891236424634
57.0,77.11156802043809
56.0,62.80890610129211
56.0,75.09611189885607
78.0,85.20966325944266
78.0,65.61819893590115
38.0,39.84269154894815
38.0,66.70336174640937
62.0,65.76738564482122
62.0,57.45742465674556
56.0,54.95749021083981
56.0,68.1832231395694
78.0,83.78719884608307
78.0,67.14696343271004
63.0,67.26286472955303
63.0,67.53955450682628
53.0,49.14654760883781
53.0,71.10059886090721
55.0,59.366615768715235
55.0,47.84882603345022
51.0,52.90624935982311
51.0,58.27268856805267
30.0,28.922201033496435
30.0,62.84191240370933
65.0,69.58682638899501
65.0,47.55631093418589
71.0,74.7591484127716
71.0,32.1338511572074
74.0,77.0004608264154
74.0,66.80650183870699
41.0,37.89367553228067
41.0,27.579765244820237
40.0,41.62845028293185
40.0,67.77114917394636
64.0,67.64464868053221
64.0,72.76070033926368
54.0,61.232635597916726
54.0,44.05386729904933
73.0,76.59991809373338
73.0,72.73097971434566
65.0,68.07508751158429
65.0,75.56183504091723
59.0,64.11320585936932
59.0,81.11486481822453
49.0,53.41017011748164
49.0,65.46850405746125
51.0,50.2327385694756
51.0,64.16553614359827
73.0,78.09039653447007
73.0,68.04644123556119
34.0,36.01495929918946
34.0,56.338466892005954
79.0,86.23498087195833
79.0,78.56981041294591
72.0,74.31838231669053
72.0,61.96201401964743
40.0,38.75992084565115
40.0,76.5389921558808
64.0,71.6842242261763
64.0,57.5300496126232
78.0,82.95724595727415
78.0,78.19769830551621
50.0,49.6235209551524
50.0,54.649199442700876
56.0,63.09231569217525
56.0,58.60431306995298
26.0,12.78845861183737
26.0,51.71129455000471
61.0,63.27161439885282
61.0,77.23742270625723
71.0,77.52029132041497
71.0,77.83760332323618
82.0,89.3459643252994
82.0,82.65388080831406
69.0,69.48647443538897
69.0,38.213137621401245
52.0,50.85694218881639
52.0,78.39121925903527
74.0,82.34790593623512
74.0,26.069982879424686
63.0,66.79371397021362
63.0,53.447262501672185
78.0,84.32550310813394
78.0,66.98501538934136
58.0,61.8457136593301
58.0,26.38618636446074
75.0,82.93593058629176
75.0,63.382986215587266
8.0,9.79499152395806
8.0,10.862997498200116
76.0,83.37996135779832
76.0,31.146181128411456
63.0,66.36660919450486
63.0,79.93438002940445
70.0,74.86523596664864
70.0,76.32046791298393
71.0,75.91307245725977
71.0,71.82012260571673
39.0,42.618637319936624
39.0,73.99515483282227
75.0,82.80168371620692
75.0,59.09682949280233
40.0,35.57393182490341
40.0,81.44489798618747
57.0,60.38970879780675
57.0,30.831725277971145
63.0,63.025259852462796
63.0,14.168538745330011
74.0,78.88660204955187
74.0,74.90908117793754
13.0,4.341879386289577
13.0,61.223748247863
50.0,54.16979857371007
50.0,78.07519758716
39.0,29.80761559690376
39.0,53.03356150486462
35.0,32.6390559636032
35.0,71.52072225642303
43.0,44.784111053844015
43.0,76.01360304941034
74.0,80.74604603012853
74.0,85.67300821819822
67.0,72.52794751561288
67.0,76.54992583174317
73.0,78.6754968720362
73.0,45.653088845454704
66.0,73.77909939023999
66.0,55.1804892786696
30.0,21.538765924557026
30.0,25.068444508261678
67.0,72.47897566542389
67.0,68.36808751766495
80.0,85.39014715570642
80.0,76.00401962647044
52.0,54.30095111040737
52.0,69.75260728202193
71.0,78.76485017558258
71.0,70.8608107226014
47.0,46.47587358638941
47.0,72.04023383455359
74.0,77.48794481073003
74.0,36.30738232228509
54.0,55.39154423893922
54.0,65.81881251090459
73.0,78.53091453930716
73.0,75.20699879987387
59.0,57.4671139277699
59.0,63.855300397236306
30.0,27.964574405228063
30.0,73.12094767289653
69.0,75.15245795080887
69.0,58.39800434692131
74.0,81.14234644342196
74.0,43.855627333404584
66.0,67.47823909162702
66.0,29.585315673529237
70.0,73.40182154118821
70.0,77.11385098426888
65.0,69.47964919301694
65.0,72.75162732453714
63.0,64.91165969054452
63.0,65.94367473483061
43.0,45.547448762638396
43.0,80.75671821144732
65.0,69.2924695823935
65.0,76.9049667804656
66.0,67.6072629247347
66.0,78.0201656805823
48.0,45.94390194471373
48.0,58.749977446274556
86.0,92.8977206332159
86.0,68.00676980165423
43.0,37.202493054964066
43.0,40.95406243325584
72.0,74.9060086292551
72.0,75.04438830587935
72.0,79.59901543995159
72.0,79.15616596120134
65.0,72.73294808284874
65.0,38.680820309529395
52.0,55.85150349654543
52.0,40.76228155531754
62.0,61.60329842407373
62.0,36.2143659107511
69.0,71.60099578593338
69.0,72.89860262063786
54.0,56.11503541123176
54.0,58.57602657775067
27.0,18.485907442354858
27.0,42.27010770372942
59.0,59.91285788214094
59.0,46.97852278151703
57.0,59.05081475667072
57.0,79.25484040755691
70.0,75.51073009951119
70.0,70.17116545338115
75.0,78.89812767444954
75.0,79.8382872296304
58.0,58.724449276984046
58.0,51.11320515496931
68.0,71.6478215269334
68.0,40.44709375315364
62.0,63.57445448837831
62.0,11.901840916940955
71.0,77.32515629818198
71.0,77.43375487782419
45.0,45.41837140869387
45.0,83.95746939678111
65.0,69.89291166063015
65.0,66.78218511375042
70.0,73.68047405298165
70.0,76.41495109007303
64.0,63.496370587160925
64.0,49.933129826730124
76.0,82.20205585079128
76.0,79.85463207964892
46.0,47.65554119905687
46.0,74.73567889264416
21.0,17.484668525613188
21.0,45.125605197495645
47.0,49.187756390247785
47.0,81.32466178271056
45.0,46.66749631006559
45.0,55.0666051010935
50.0,45.14516195122616
50.0,59.67356193570902
74.0,78.04722423405912
74.0,70.44775262265773
61.0,65.40833852608574
61.0,75.57002707317844
36.0,39.91262461693657
36.0,72.3178892385547
55.0,59.30777734707107
55.0,40.492862871910916
44.0,44.41247623289007
44.0,59.215946022667595
62.0,61.88226661836114
62.0,65.01876369653223
64.0,67.41520014612877
64.0,81.52801996087953
64.0,70.92805042740963
64.0,64.73329557003223
68.0,73.32463170883551
68.0,68.97733499935151
71.0,75.74652746753668
71.0,74.53618117148784
78.0,83.87670909685909
78.0,61.00161539008724
61.0,60.70856459275939
61.0,68.98386807256094
12.0,12.068699712794569
12.0,50.56082152163526
54.0,55.21979172256181
54.0,67.78795946239325
38.0,31.14441507987857
38.0,67.30315266901846
64.0,68.96091491711883
64.0,68.17770400606315
74.0,80.83560484380297
74.0,49.427212995832576
70.0,74.37930700427506
70.0,61.91634712492123
75.0,79.48501580357339
75.0,81.73617202535388
64.0,71.41010204834714
64.0,83.76348211131688
69.0,71.75077773510657
69.0,62.638055540929656
44.0,45.48724887996099
44.0,68.90748220064779
39.0,43.89032124710701
39.0,70.65301387379839
80.0,87.22112835382478
80.0,68.30856417250357
40.0,42.92898554686445
40.0,16.14896136634843
74.0,79.38424738913767
74.0,82.67823330068978
81.0,89.86541680213696
81.0,64.62190470582925
51.0,49.66247779236318
51.0,72.49292400064962
67.0,69.35504708065059
67.0,74.45674104367674
32.0,32.410726800568796
32.0,55.785224505796975
55.0,63.05879365785904
55.0,78.86766970062024
80.0,85.70851676934404
80.0,33.63145451636632
38.0,36.36247450936344
38.0,33.842172566128454
55.0,53.7592555337464
55.0,79.00539822329654
55.0,59.16782086780859
55.0,49.61676108866931
69.0,71.68077618471938
69.0,69.82870133430066
55.0,59.19776067613452
55.0,68.96355440149307
46.0,47.27854149855176
46.0,74.63893268757039
39.0,37.1351735857225
39.0,59.96086237430666
63.0,69.02661682166342
63.0,6.7799659009361335
50.0,47.102427882761276
50.0,66.76722662381957
48.0,50.79252860314318
48.0,77.05475623924121
57.0,59.70132474218633
57.0,53.326693361711875
81.0,86.43188432467565
81.0,71.95537944333
60.0,59.5260380080266
60.0,73.11168192638308
44.0,44.63384771732569
44.0,88.23209155451934
71.0,78.90098168455756
71.0,18.485907442354858
45.0,50.68507174530521
45.0,58.27399339930321
74.0,76.78387262755837
74.0,74.33752380597258
55.0,59.42258180986528
55.0,69.2201917799149
67.0,70.84079122336124
67.0,75.325005935869
75.0,82.13160334266087
75.0,47.57097117807575
50.0,47.78203302560547
50.0,82.0479929431583
70.0,72.62568193159638
70.0,63.0186731161956
67.0,69.25706598654205
67.0,74.17797140731358
48.0,50.57512155468555
48.0,62.57013456766646
27.0,35.312200180632544
27.0,38.73331282697325
65.0,69.76890863301077
65.0,42.16883796937719
24.0,20.175492451341654
24.0,76.0657806939517
59.0,63.0589451679009
59.0,76.91435848997463
40.0,36.870924140420584
40.0,16.754737019487777
58.0,57.66335676838452
58.0,61.13533189442842
50.0,53.789588162456596
50.0,70.27620025295528
49.0,46.728326678284986
49.0,38.04424609806364
57.0,58.95836821358705
57.0,77.99684651373173
65.0,67.65208689739092
65.0,34.23859703390315
60.0,60.8454120153537
60.0,26.62052585440847
59.0,64.60981635069896
59.0,69.53978963878222
69.0,75.26102753095927
69.0,61.11598431695802
50.0,52.59888230075887
50.0,76.57189075671317
81.0,85.10078297664859
81.0,45.67416351093175
54.0,59.08689344091323
54.0,24.63171312215684
72.0,78.40380097721163
72.0,80.69629820065302
30.0,13.620905469834497
30.0,63.12604324466719
47.0,48.185091388316096
47.0,73.29606672467924
74.0,79.38520620690394
74.0,77.78282479577808
74.0,78.48344043781924
74.0,61.670282166603045
45.0,41.28714187232464
45.0,58.29696787397182
73.0,77.97090031648361
73.0,84.65335629050912
23.0,22.383700819826856
23.0,68.26371610792364
63.0,67.81040883761528
63.0,50.24557304795161
66.0,72.41761144439863
66.0,65.89229368069186
39.0,42.24053850146572
39.0,68.68320069897993
79.0,87.08358530531768
79.0,72.18938674026884
64.0,67.00540819719049
64.0,72.63486624454163
63.0,67.31375873552588
63.0,70.99690147544982
67.0,67.80807618477832
67.0,74.9599647750116
65.0,67.05658094223475
65.0,56.17232301320223
61.0,62.93972438357645
61.0,67.75934237750255
64.0,66.15689613129211
64.0,37.328916515062815
29.0,20.68063761338101
29.0,66.19318860839064
73.0,80.3063789483486
73.0,74.58651964415458
68.0,72.24279338426686
68.0,74.78104295321936
72.0,78.24524001192071
72.0,51.336353991224314
33.0,31.759307329451985
33.0,30.021139475970074
71.0,75.06947605065812
71.0,43.35815959892551
59.0,64.07073224001925
59.0,67.78931766121246
73.0,79.89754758844452
73.0,75.71527498252999
77.0,84.28708064802106
77.0,57.0738608788206
70.0,70.70660816368309
70.0,18.014175444137436
64.0,68.80867425521927
64.0,81.52272914053964
24.0,12.034351221526833
24.0,71.24393875276581
70.0,75.66232737990521
70.0,38.0699435062628
69.0,71.78491297708888
69.0,58.46149207286311
41.0,28.556588657286625
41.0,72.9050936185343
51.0,51.70752084611695
51.0,39.57912254592736
19.0,17.026756697386134
19.0,69.43950329605559
68.0,71.53420582760475
68.0,72.66327536782586
67.0,74.93591188003461
67.0,73.18520895183332
32.0,26.781003771422434
32.0,50.32604947729271
30.0,31.492697644201996
30.0,85.89892940498459
58.0,60.61925619205033
58.0,53.538746730257344
54.0,54.57268895179618
54.0,78.06501613447762
40.0,32.47460464884648
40.0,62.002760613635644
47.0,48.94140734274299
47.0,70.26164807208181
35.0,35.62213474373158
35.0,73.61376334772154
67.0,68.69000274061557
67.0,55.544389253398776
67.0,71.88277059933864
67.0,77.6969707712239
58.0,52.95495446747731
58.0,73.99552284275052
30.0,32.20317103768673
30.0,67.69017274114623
55.0,57.92070875432762
55.0,74.54300157913315
77.0,83.31192223162424
77.0,67.14443161982643
68.0,73.03337960803344
68.0,76.13986643882578
59.0,60.19066095086572
59.0,38.82493476427442
41.0,40.36742624590124
41.0,49.092024684999785
65.0,68.05745495481221
65.0,80.12352102455606
67.0,70.68540594895131
67.0,68.37402827423062
10.0,3.447387923701285
10.0,59.156598691562294
57.0,60.89967225485327
57.0,66.6084747347063
67.0,72.85370295869564
67.0,80.50376816408624
36.0,32.58775706087914
36.0,76.92426904136619
58.0,55.37757126673506
58.0,67.66020848982578
22.0,15.438521815880392
22.0,21.96074605441737
70.0,77.43643414219201
70.0,83.88186786043934
68.0,70.44279104168209
68.0,76.47274202898325
51.0,55.34313531016301
51.0,88.0331918692221
70.0,76.14108409326928
70.0,71.25382999186968
32.0,15.637218572159952
32.0,35.726653019025036
67.0,73.37750380032327
67.0,74.7476274843749
66.0,72.98881007298723
66.0,52.63522538045214
77.0,84.69649065683149
77.0,79.72793033247007
73.0,78.64201758725733
73.0,69.81143833364752
68.0,77.04276302207904
68.0,44.568044551286846
48.0,50.20691080643496
48.0,62.231718154269515
64.0,65.2362449986154
64.0,80.8427362555912
65.0,70.55316748699681
65.0,76.28875826264937
75.0,79.96474945978662
75.0,61.95634730445579
65.0,71.42138479377019
65.0,66.43731440530587
75.0,80.50893778978343
75.0,69.03961748412786
58.0,59.904821577060716
58.0,74.53769284539663
63.0,66.37214341986754
63.0,73.94939989888576
68.0,73.46625522645002
68.0,55.21362344141539
66.0,70.97269235100072
66.0,61.28567284732043
57.0,58.794550029600884
57.0,69.42108002083893
67.0,69.65173363077469
67.0,86.83667616471212
59.0,62.20870697564385
59.0,71.56437935932104
41.0,37.50675394522153
41.0,73.55287095641006
60.0,64.12302743719181
60.0,74.53219149042809
75.0,81.75411573021842
75.0,65.81460582938809
76.0,84.10339127350056
76.0,73.47127573535431
44.0,44.862641484283756
44.0,51.31218143795718
61.0,64.51606956545038
61.0,75.10595812921503
76.0,79.83655403479605
76.0,28.87945832447963
66.0,72.60798540579088
66.0,75.96197638640047
71.0,79.18160345916124
71.0,53.04116437718022
73.0,78.93057977663005
73.0,64.83523087049474
78.0,86.10393502432822
78.0,86.7935954638703
43.0,41.8049554561988
43.0,71.96371192473254
61.0,62.2136728826452
61.0,51.69455004680168
71.0,75.60408276372038
71.0,35.32092011364318
79.0,86.32345887376897
79.0,86.93403431173294
56.0,59.48027679802459
56.0,48.66418519801044
59.0,63.97379529126022
59.0,76.46919523318348
74.0,80.21127271367925
74.0,53.578490292568915
56.0,53.48178577352019
56.0,81.8437120197429
46.0,47.34483591682908
46.0,7.121929172418561
72.0,75.95952871376625
72.0,75.82773517403837
74.0,82.07361368942458
74.0,31.868449012024257
76.0,84.46636874552678
76.0,47.457989261177374
61.0,67.22359806375272
61.0,68.37139705302229
54.0,58.39897390379974
54.0,73.35155606095145
56.0,61.1660179153331
56.0,72.97749310277135
48.0,46.67830188272791
48.0,61.14671643468296
81.0,90.06398410231134
81.0,76.43622102480788
75.0,81.52751594319193
75.0,81.7171164080645
73.0,76.72740159596043
73.0,90.33810885281645
60.0,61.25882109825727
60.0,65.76494144371122
20.0,15.278631001549911
20.0,80.83427792168669
22.0,10.552288634779131
22.0,59.48038538503323
69.0,76.36469060235294
69.0,42.782346086514224
11.0,9.251828872861608
11.0,75.04131184633076
46.0,45.3662864377967
46.0,38.05069379468716
49.0,51.72170184066516
49.0,74.7741246411278
68.0,73.12040461617028
68.0,66.72900298431279
61.0,61.10205559618231
61.0,55.253764066477856
42.0,42.04136917637146
42.0,68.44923227099656
71.0,77.56753424027136
71.0,74.6809439503287
69.0,74.76555548850433
69.0,83.67407485041139
78.0,83.84217802406215
78.0,63.23594947810949
70.0,75.34099447730841
70.0,61.502403052205295
43.0,50.248963611829026
43.0,46.93039357709222
62.0,63.86954131635912
62.0,61.58725327911202
48.0,46.00668621516445
48.0,46.380433162671466
30.0,28.73449654698652
30.0,76.02576382298986
26.0,33.27433567540248
26.0,65.0421437859726
37.0,30.70368916441771
37.0,62.983947910074676
69.0,77.83908126489024
69.0,77.1497540115925
41.0,32.794240780679615
41.0,51.34390786311985
55.0,57.52968493579402
55.0,7.289595691699446
67.0,72.14003374929155
67.0,82.59395660651842
70.0,74.02179645777676
70.0,40.7332682481333
79.0,83.67773298460048
79.0,82.779177183748
62.0,68.0220323187674
62.0,75.53088689090805
70.0,76.2336353767011
70.0,74.80517772601405
66.0,68.05262572160615
66.0,43.308436668840045
25.0,32.51991892250129
25.0,38.88003409216935
66.0,71.0472424406097
66.0,73.85136414524976
59.0,63.274624948488906
59.0,75.06318944768793
59.0,61.22331545299062
59.0,64.96336202630988
60.0,61.86612301622398
60.0,50.4727347870579
45.0,44.29846344965756
45.0,54.71844590360729
43.0,46.104577068666345
43.0,76.77998231548781
66.0,66.25818718215498
66.0,67.23460225325789
69.0,73.43314733975842
69.0,55.89365266096826
68.0,73.92907249723709
68.0,78.7900333619271
62.0,64.95468427163308
62.0,44.536716271154205
67.0,74.59781892852169
67.0,70.0004394348677
53.0,54.32722832248646
53.0,64.21482745157482
43.0,45.727639908408946
43.0,58.76036423640221
61.0,64.76203820122481
61.0,26.297456808348215
68.0,72.8821291695894
68.0,73.17057704043964
41.0,44.9411369914273
41.0,83.8034890318495
65.0,69.0546077883705
65.0,84.8422881033411
69.0,71.66933450912751
69.0,26.881197676373404
73.0,78.25305490412995
73.0,69.68778253649464
51.0,50.92828107749688
51.0,65.03642471671412
63.0,66.82195266421257
63.0,59.53649791994138
58.0,64.24715302792885
58.0,50.982378642712376
55.0,50.742731009872614
55.0,61.5556567258638
65.0,71.05376231855519
65.0,67.78427418835116
73.0,77.95399806024096
73.0,59.461359701575134
79.0,85.6504862696085
79.0,3.6381660749178764
60.0,65.0540810045801
60.0,74.74965935173981
61.0,66.74021726775476
61.0,65.32177798994388
34.0,26.871359961096402
34.0,57.401464868740845
49.0,47.96826523370163
49.0,23.917770515356324
60.0,68.14217695943643
60.0,17.199167489469914
54.0,56.93385211962624
54.0,68.93603582327722
83.0,89.39531906033051
83.0,60.09068252258834
74.0,80.61338150974126
74.0,10.716109234265275
47.0,46.71411626429585
47.0,62.22003685972794
50.0,51.324232448063185
50.0,67.18994016571423
80.0,87.52922065630185
80.0,59.47858154687725
51.0,50.772833083485295
51.0,68.23326970315446
18.0,17.702180884916174
18.0,39.65744440685404
69.0,73.97173952739917
69.0,21.63972526135558
73.0,80.81711958976081
73.0,76.16984783146955
53.0,49.82064547589346
53.0,53.560220337743374
43.0,42.295928394627765
43.0,70.29205739200376
55.0,54.419253527490184
55.0,53.76803044579407
71.0,77.34209755556424
71.0,85.08819410640183
77.0,85.85083218396852
77.0,53.07343678919892
38.0,33.14086855808296
38.0,80.47203258962548
70.0,76.16180564546903
70.0,24.60702716030005
36.0,39.208042983109635
36.0,60.76068655281057
42.0,33.44032096497074
42.0,80.38179527646747
51.0,49.817008298863755
51.0,55.22129394090132
31.0,23.32693075915114
31.0,49.126760088595006
51.0,58.07549228136037
51.0,32.696304808868774
32.0,35.12040352655259
32.0,21.346651766140212
68.0,71.40862518939247
68.0,69.19160726953834
61.0,64.95093138054125
61.0,79.12647935087875
59.0,60.86733073196717
59.0,77.95470040367127
44.0,48.98136252038478
44.0,79.42110803212734
75.0,80.64674985656751
75.0,71.97977630840433
69.0,76.02729946696638
69.0,65.98952325352866
66.0,67.39489251886482
66.0,58.27597123860676
52.0,47.20710174217254
52.0,40.96839507967684
69.0,73.85222473836433
69.0,65.57723763600035
57.0,59.60481883516138
57.0,73.62668451606089
3.0,-1.4406409040265657
3.0,64.4223740452561
60.0,63.48210873993776
60.0,41.98041795862457
79.0,88.86336920840677
79.0,69.19372358656523
72.0,76.3595829063841
72.0,73.16571274354112
47.0,46.37689043027683
47.0,65.73351483444401
64.0,67.21957360621616
64.0,52.75491754267341
68.0,72.84338027769269
68.0,83.64463972828526
58.0,58.519028117501705
58.0,68.02687206869058
70.0,77.10302871896187
70.0,69.94606565078067
72.0,75.15575643318391
72.0,85.71395872050039
55.0,54.84209947786093
55.0,20.31607841546861
56.0,57.136728196052104
56.0,37.58599835403385
18.0,13.855866185803563
18.0,71.01895748831754
58.0,59.03886631994766
58.0,73.995525054393
66.0,69.26221822190922
66.0,58.95252974241191
67.0,70.74061222457777
67.0,70.66892649907783
55.0,53.27829409932099
55.0,71.86554902930044
45.0,44.87951734881767
45.0,78.261812641711
63.0,63.25443339950675
63.0,80.12266948004378
59.0,54.820866824986126
59.0,73.28840854148626
69.0,72.0396469139377
69.0,78.43970004850286
44.0,44.68979149559152
44.0,58.17402983159377
55.0,55.629707008423
55.0,69.69778608385593
76.0,80.62123829894148
76.0,50.10790710286932
68.0,69.18226082600546
68.0,59.61657965844489
52.0,54.73502687871411
52.0,40.56807298114887
66.0,66.0625553752376
66.0,27.627557727954184
61.0,65.3888542150321
61.0,60.54260259451337
66.0,68.25566827513359
66.0,56.97104800215129
67.0,75.34797655687447
67.0,46.64132483476476
75.0,80.04545807127283
75.0,66.43054721699593
52.0,52.95908899615006
52.0,43.21173992316426
77.0,83.67640119281651
77.0,75.87286199093529
60.0,62.23045943118865
60.0,75.94337474259396
72.0,77.7328170230823
72.0,70.01685621155173
62.0,65.52408147952792
62.0,36.896088229729855
70.0,74.91275496607375
70.0,77.83372433094416
80.0,86.44989983929122
80.0,79.06692674040784
46.0,37.76736344354629
46.0,73.37616720313474
71.0,74.94190691838469
71.0,74.85466937944028
33.0,32.70953306455476
33.0,82.01130617042946
84.0,89.08669817500083
84.0,74.06442743637109
59.0,59.906170084895905
59.0,77.56463544985127
73.0,79.888147115695
73.0,71.06471646727846
67.0,69.82715990874777
67.0,26.115967835376352
65.0,70.37935109379015
65.0,90.29010180514575
56.0,59.54358526169915
56.0,33.81741001549466
16.0,-0.5424384589866804
16.0,69.84253570341752
72.0,81.10982093343239
72.0,52.31857128443659
73.0,77.81948681138431
73.0,73.06529864271027
72.0,76.27301713069085
72.0,73.99859760521355
27.0,17.91691817198881
27.0,34.609256338313685
53.0,48.77247523364787
53.0,86.64412578239796
48.0,51.92180638185266
48.0,63.166454073928435
46.0,44.22357099046144
46.0,72.89001579871058
70.0,73.03279261959074
70.0,29.217154577853364
51.0,51.461592191412024
51.0,60.18322123844149
74.0,78.74400533707427
74.0,78.11951238084885
75.0,79.52822108658876
75.0,83.2399413240974
77.0,86.44895947226104
77.0,66.69890519599403
41.0,29.70384161244135
41.0,48.951746210522174
30.0,23.32693075915114
30.0,81.07721385853131
63.0,62.50299506142437
63.0,68.16690491307838
57.0,59.928688353144935
57.0,79.25156264388943
78.0,85.28965033730799
78.0,60.398476807922975
64.0,66.28593447708818
64.0,76.069184777587
59.0,56.09155792833144
59.0,74.03113313633622
71.0,76.39112823136247
71.0,78.99549094598933
65.0,69.97664152817828
65.0,85.70579477294194
40.0,35.929893093771966
40.0,34.26235679548256
48.0,49.63386706826748
48.0,49.378312793619216
46.0,44.07728298559459
46.0,86.14126385487452
51.0,51.70375586958261
51.0,38.15559396187189
52.0,52.2646514984026
52.0,73.47808222722955
59.0,65.04711688092215
59.0,26.741962105992513
55.0,53.946181776156095
55.0,46.34536269018821
60.0,61.62466112909328
60.0,37.60891994708339
71.0,73.59659395687538
71.0,81.29624820089958
73.0,75.59224690328972
73.0,62.37229450664779
50.0,48.2399325457435
50.0,61.380897496035914
74.0,79.37644036723668
74.0,69.36634887502004
28.0,20.43242848617666
28.0,75.34502704411352
60.0,64.17845950449089
60.0,60.43460426582823
52.0,50.677188686471766
52.0,69.68845168233753
70.0,75.80314401129988
70.0,61.34310205490232
80.0,84.97111103403256
80.0,69.46073280800391
63.0,70.76276589940005
63.0,31.973205451243587
88.0,96.76728295128555
88.0,79.24039938104647
35.0,30.94738425098666
35.0,72.23678280059721
15.0,9.63490132831862
15.0,32.22780412499526
47.0,48.8111784778273
47.0,64.70572973736085
70.0,74.89050530421082
70.0,19.700460934343425
60.0,63.03990017140649
60.0,83.73734851700351
58.0,59.27733212907299
58.0,68.42606174818775
67.0,73.52738899389311
67.0,75.68064705446955
60.0,62.37893844665524
60.0,31.58299445279431
38.0,36.50367853868727
38.0,51.97234120842268
24.0,20.40059625031381
24.0,85.07926682921197
74.0,81.46417467438056
74.0,59.82969534658804
74.0,80.22793272380511
74.0,76.60101134711067
68.0,69.19050657516419
68.0,61.1506774829835
56.0,55.972763557943665
56.0,67.06443156827282
64.0,69.94096862395173
64.0,57.52478273128395
65.0,68.63858390280478
65.0,34.502210635436995
68.0,74.55391321185385
68.0,85.31396633159233
60.0,58.09017554264028
60.0,76.05996794111792
68.0,72.71782109691736
68.0,79.38391067397566
61.0,63.23309687858483
61.0,74.27895668474923
16.0,13.737871587354789
16.0,79.01377478858251
57.0,55.543640418910115
57.0,91.49436260056234
79.0,86.30061037750386
79.0,83.55200696959736
69.0,72.60912197214742
69.0,71.53501766506622
63.0,69.65182782454838
63.0,78.09418589636141
39.0,39.75040922977581
39.0,25.245018078482417
39.0,45.57061358748672
39.0,87.36539094472369
70.0,78.66658587925161
70.0,62.3532703548949
59.0,65.14247772828668
59.0,52.68713574032449
74.0,79.24364951026428
74.0,67.95996199464389
61.0,63.64877894162157
61.0,55.93779601069082
51.0,44.50235908583306
51.0,77.01082423542886
81.0,86.0569823587939
81.0,56.0401340205803
74.0,79.23320649590744
74.0,68.17954675827139
80.0,86.99232883257872
80.0,35.128867194548434
50.0,47.25139419492626
50.0,53.23350126646824
63.0,62.382044683646086
63.0,84.05406972138701
68.0,72.4943344866943
68.0,57.34696360507098
77.0,82.71638882044948
77.0,60.08288880625196
62.0,60.09402373301987
62.0,78.96575720564726
67.0,71.39177851822154
67.0,74.21296893369788
58.0,62.83514109979353
58.0,70.67508060469146
59.0,61.09194127890726
59.0,3.6381660749178764
66.0,67.55810613664869
66.0,59.541555042170785
69.0,71.35369764126443
69.0,42.17580346644513
59.0,56.73210880831448
59.0,67.02388849909414
70.0,73.6173063893184
70.0,72.47756016055234
57.0,59.89214282345682
57.0,39.896922510341824
47.0,52.78092891418089
47.0,78.47737529418919
48.0,47.85977349063239
48.0,58.252884620909185
61.0,62.78935753686471
61.0,53.59522462648158
53.0,57.56820534116525
53.0,41.56974323326284
71.0,79.71881810083704
71.0,69.17276794568852
74.0,81.96945044529849
74.0,47.53386284931514
70.0,71.87098041300004
70.0,49.63982701939375
28.0,23.772767241717645
28.0,36.13093126538428
77.0,83.057185468689
77.0,38.99614040700686
49.0,44.628796972759005
49.0,46.6419837072084
32.0,34.18815352953743
32.0,76.9458501580612
58.0,61.07186909849355
58.0,75.36725183870556
65.0,65.54041914869777
65.0,69.36410828571866
54.0,52.13255583945465
54.0,74.29012812149102
55.0,62.736602982482054
55.0,88.52581835000467
70.0,74.4409537947501
70.0,76.03689830766314
71.0,77.23249913033715
71.0,64.5829169888193
72.0,77.20497286346142
72.0,64.7654592601499
57.0,55.24811279207512
57.0,59.77621480604114
73.0,77.81894172742795
73.0,34.01613843595203
70.0,76.68750864256532
70.0,72.48645556454022
52.0,50.06921787912455
52.0,81.06696007673895
71.0,75.62444817216647
71.0,71.18314044065158
59.0,63.66322392554821
59.0,80.34470757474884
63.0,65.68446210215546
63.0,84.42359540859348
62.0,68.7562749405376
62.0,78.87694403059322
59.0,61.65700065847
59.0,52.86826469729834
46.0,44.752214632258415
46.0,65.41250261792084
50.0,53.68605994322809
50.0,81.43959737643439
45.0,43.18592608208837
45.0,81.9564502756528
75.0,80.72279971623931
75.0,73.22664911909374
57.0,59.56872099530841
57.0,66.99906010421688
67.0,71.14959628564651
67.0,64.88881487345196
57.0,63.1225338870309
57.0,60.918371528216824
34.0,34.96840723768685
34.0,68.76275751821464
68.0,72.63032828206639
68.0,57.07581001637283
56.0,55.31054518487031
56.0,73.04598626793705
70.0,74.91901559758469
70.0,67.66053515080256
14.0,-0.014617156925226027
14.0,32.419176312531135
25.0,9.288981472153807
25.0,21.702628351920566
39.0,40.22896067106626
39.0,43.84016052252724
56.0,60.433805821621945
56.0,79.72371881895737
61.0,67.031844076565
61.0,59.5076925918471
77.0,85.28453124266741
77.0,72.90884019851518
65.0,69.53732516177877
65.0,54.38413453687616
52.0,52.381685829487196
52.0,15.828454747325338
58.0,55.54220060331369
58.0,34.69419614025645
45.0,47.62044215725075
45.0,77.48481178187745
27.0,25.741248069999074
27.0,72.302455083447
50.0,43.99349558489632
50.0,66.51537698681273
76.0,83.09411786500101
76.0,83.92174694229317
68.0,69.56437788996112
68.0,69.03940962887071
65.0,68.26187967409811
65.0,50.97940324556333
65.0,68.78003525695243
65.0,63.65588432003045
63.0,68.07555817402016
63.0,62.83961363114224
60.0,60.322066358589154
60.0,35.423667436600226
76.0,79.9392963367892
76.0,82.4200400796737
59.0,61.20743111639217
59.0,78.86875382799127
42.0,43.56450130275084
42.0,79.95757148422604
22.0,13.635623168472762
22.0,71.56465348812213
68.0,76.1275114444689
68.0,76.36307810839406
65.0,67.19113566917866
65.0,36.96099938870458
71.0,75.86657104095815
71.0,74.5467569006234
62.0,65.23740956759104
62.0,48.89644558736239
65.0,71.23539046783884
65.0,77.26756001444625
83.0,92.29408783673398
83.0,76.63042017158409
71.0,75.38761361711124
71.0,80.15493061650733
28.0,17.933214629841018
28.0,72.9101515856521
50.0,52.33284104164062
50.0,74.86586559545782
72.0,75.24640144810161
72.0,83.98038679667371
71.0,74.79161786176792
71.0,45.24080826334034
68.0,70.94749883780861
68.0,79.40074691699567
52.0,48.806359902114366
52.0,38.90790964356671
57.0,62.903301800675194
57.0,75.9492783177696
37.0,45.205349318562185
37.0,82.23149610458148
17.0,14.722641281511073
17.0,75.8600206396838
74.0,79.99070846149908
74.0,74.67966116513782
37.0,38.18407117110553
37.0,72.32758979152135
30.0,23.32693075915114
30.0,48.27956934964965
69.0,77.10667874107907
69.0,67.62489349795692
73.0,75.28206167119822
73.0,65.45631201321186
33.0,38.175809196086504
33.0,23.768623291871677
62.0,69.19767318388597
62.0,88.77362397301658
70.0,77.91263169117661
70.0,78.22056783888308
34.0,31.034930175867146
34.0,31.277012545968205
55.0,58.81808302787215
55.0,84.11801873198681
21.0,4.988587906848977
21.0,34.110548859780295
79.0,85.8709830735765
79.0,41.473761529833155
63.0,65.57507620936741
63.0,46.45444386832145
62.0,65.53528574434256
62.0,68.52887199263267
49.0,48.962995493181495
49.0,46.104577068666345
53.0,55.038081631301566
53.0,82.27567250780231
78.0,84.91668257783607
78.0,60.10107313680379
63.0,64.01526693743716
63.0,47.637477885916724
56.0,57.9404036860721
56.0,77.73175795464795
61.0,67.61575167528844
61.0,66.43263022209356
35.0,30.877939954693716
35.0,78.95210673131203
58.0,58.73337620120549
58.0,47.73904982656228
49.0,47.995919599392664
49.0,69.84970332788919
77.0,82.5055670696176
77.0,62.97105442039407
76.0,81.83338345559065
76.0,59.165343512486174
68.0,72.67197856290295
68.0,62.465715622906544
70.0,75.44121714517581
70.0,49.20342487450057
66.0,70.92260850521916
66.0,58.443409636505805
61.0,61.60467862774277
61.0,64.48608533360675
72.0,78.23271150821239
72.0,48.603238231744626
49.0,46.90400544476205
49.0,78.6372454407437
56.0,59.306224898869004
56.0,29.798511874885946
31.0,26.280443830489162
31.0,73.14480821813436
25.0,21.026073632063117
25.0,66.0655557876749
67.0,71.7347334034427
67.0,46.66617787293518
68.0,74.92872479950779
68.0,17.785733497997
68.0,73.88824383546279
68.0,69.93045636261775
51.0,52.482047631319574
51.0,78.44603171621242
21.0,24.008754481581832
21.0,56.705970463039705
72.0,76.41781335495858
72.0,73.81237151820852
70.0,76.81106988522578
70.0,77.24594832166144
50.0,51.139727182747606
50.0,11.561885323741592
73.0,79.55382534260781
73.0,54.85722146878169
36.0,22.071988919634123
36.0,82.67323096448149
65.0,68.12491274273748
65.0,77.94339378710072
63.0,66.2208872181057
63.0,67.82129380657494
74.0,80.74694320396486
74.0,67.55737218376322
75.0,80.75556162488937
75.0,58.68733987933325
60.0,61.78637235725682
60.0,88.77511608532308
53.0,53.658848867360405
53.0,33.438356666202935
71.0,75.79848343993598
71.0,26.977757287125257
71.0,74.0461468231997
71.0,60.09244282711114
64.0,68.63728882988192
64.0,70.04799717914358
65.0,68.83627183666357
65.0,70.15087589403527
63.0,65.18127740242693
63.0,31.218891170647566
50.0,50.014756541907445
50.0,68.61811194384512
74.0,81.17588860788567
74.0,34.56227723430112
72.0,76.25819520627311
72.0,-4.332565826700261
49.0,53.32668166500133
49.0,62.443444533934326
51.0,51.62314204635214
51.0,61.888784360618956
69.0,71.56096733215713
69.0,75.17857558091492
69.0,73.99825497207917
69.0,80.44063458194654
52.0,55.941643400590124
52.0,44.99567616301482
78.0,84.55802441599326
78.0,80.07042961315796
76.0,81.89291305690341
76.0,73.1529264670333
49.0,47.139813685022546
49.0,85.68254112041416
60.0,63.62141607159009
60.0,37.22827133109092
69.0,74.10952801186772
69.0,63.878714260405445
45.0,48.13100472238392
45.0,77.90057897787608
79.0,86.52401005944921
79.0,57.38257347344569
76.0,85.33376370853227
76.0,70.50210436822653
69.0,73.61847904042253
69.0,85.05390285139441
65.0,65.85190284537401
65.0,72.32023174998614
60.0,64.20411331555357
60.0,80.2101352255122
71.0,76.74420798000727
71.0,73.91905804347033
74.0,82.11934641241203
74.0,70.28729645280993
64.0,65.89381105462462
64.0,65.1784573711007
71.0,75.74131254715621
71.0,76.15073069292362
48.0,43.37416290269465
48.0,77.34009208035502
59.0,63.74032838399813
59.0,46.51699688550116
62.0,68.31495974168735
62.0,48.32057456065138
57.0,61.42624296368092
57.0,68.55417527643834
56.0,53.50508575298937
56.0,21.846348933719582
69.0,72.94153833148505
69.0,32.73608562681363
63.0,67.76453803088327
63.0,79.73759362529955
48.0,47.48416606583652
48.0,85.695421619623
74.0,80.36120804848167
74.0,67.52022638072725
55.0,60.91622942975869
55.0,75.23891041871218
44.0,36.119382200232565
44.0,79.52174644555083
63.0,62.93066961730608
63.0,36.60970999402895
67.0,69.73325768231916
67.0,70.7708631835543
71.0,74.93947876291651
71.0,81.44391774185203
39.0,42.372647352373974
39.0,66.59902521973584
68.0,73.68237852924443
68.0,71.88420946953607
63.0,67.87484736492144
63.0,70.84431526778155
72.0,75.93863389404362
72.0,77.56244188433317
67.0,73.82989395420293
67.0,64.88998444454501
60.0,64.13490662613395
60.0,90.43133008377089
38.0,29.86539769434438
38.0,79.48404624970556
66.0,70.34754385207776
66.0,62.95045979363971
46.0,47.02791234831892
46.0,42.796134802938695
63.0,64.84709461515683
63.0,82.28852670897169
66.0,71.1928049334519
66.0,75.63510374374926
84.0,91.38713809142996
84.0,89.03891623317423
37.0,42.253457878924166
37.0,37.94844034542717
63.0,70.03843847812999
63.0,25.29333070937048
72.0,78.0202234807677
72.0,84.65326344624015
80.0,87.90870150525984
80.0,79.10688496895602
70.0,76.77281245527729
70.0,69.36752521905618
49.0,43.97319316403241
49.0,67.42859354528349
62.0,66.18706726920755
62.0,14.795477576060478
74.0,80.29397085242084
74.0,79.46399225264327
68.0,69.0005507333147
68.0,16.252867402408583
40.0,36.32592343820892
40.0,63.591163993003136
66.0,72.85384035217083
66.0,71.86768247505881
63.0,63.7751080137391
63.0,65.21021097642546
79.0,84.62403670225677
79.0,10.99900964417202
75.0,81.72950149065645
75.0,72.61005683980699
65.0,71.90372396730447
65.0,86.07922082773598
48.0,48.04516090356145
48.0,75.05508581381048
66.0,70.51208924905137
66.0,49.889436598685506
55.0,58.651538646451
55.0,69.85101263305154
55.0,55.24785942592558
55.0,69.13448044283751
81.0,88.7874105953448
81.0,70.20832396833748
57.0,58.42354410446677
57.0,81.24721758659967
54.0,61.79106556244858
54.0,75.69788487620127
64.0,68.13720697282326
64.0,69.38298109044655
54.0,54.07689502045366
54.0,41.900301816258434
66.0,69.27291139695018
66.0,61.5001811046198
58.0,58.72139389046981
58.0,78.05256331013254
75.0,82.59511044879713
75.0,68.72849011264918
75.0,81.68511532712557
75.0,70.81629154548898
45.0,46.810113992512754
45.0,82.79239021939128
52.0,49.52502532835763
52.0,71.02196342658976
53.0,55.38178609207756
53.0,25.411217493012145
60.0,67.78421707968931
60.0,71.97865037621204
54.0,53.23524793003543
54.0,49.55138656716326
71.0,76.15660843253488
71.0,47.04671332164929
45.0,37.319792700338496
45.0,68.0234453239658
51.0,52.52336733145768
51.0,61.76702225118959
40.0,41.978972767533264
40.0,39.5688778304189
61.0,64.40537238031641
61.0,71.07100082345943
63.0,67.66457465509177
63.0,69.19821490140629
69.0,74.7554621385047
69.0,76.48169401816983
34.0,25.411158387257387
34.0,24.454211508759272
51.0,52.30120991551729
51.0,82.56947134666962
49.0,45.89821854791313
49.0,31.04219332610063
61.0,61.0772637980848
61.0,77.68973978459638
60.0,68.02757291782018
60.0,73.37592920277592
18.0,18.998500930742352
18.0,65.81341627172907
77.0,86.51443456725303
77.0,63.383840133025956
64.0,72.81863745520485
64.0,58.06039448579946
20.0,15.58926886456885
20.0,72.02014564992265
37.0,39.39000085941922
37.0,55.148500347389586
43.0,36.44064398078507
43.0,77.23766786885284
27.0,28.68242437123871
27.0,69.89837977672568
27.0,18.074502208230285
27.0,75.2849843988655
71.0,75.67782009405875
71.0,65.65317055581028
69.0,75.07346140334886
69.0,87.00266551304185
36.0,35.10086604720635
36.0,77.39781937206067
69.0,76.22138798544893
69.0,66.43143152697888
70.0,77.19003424640727
70.0,37.93142849026094
42.0,43.77675030826367
42.0,88.85655455649078
66.0,68.08045420301403
66.0,17.31811276955807
73.0,81.2582352138565
73.0,58.83130486082712
24.0,20.817533148734242
24.0,70.90839190719151
67.0,74.47914869347551
67.0,77.67107523823842
62.0,66.08885450040668
62.0,61.12949571654519
73.0,79.1594855097909
73.0,83.09972689917345
26.0,30.33673405770378
26.0,73.29471341101873
64.0,66.64205778265273
64.0,72.56961948678361
62.0,63.33093648981679
62.0,76.53195387182859
50.0,54.37390138139318
50.0,62.61979257798055
67.0,73.76163866397343
67.0,90.18475400494185
75.0,80.54680150836947
75.0,84.3517620245164
73.0,76.08303756321533
73.0,63.85220946462027
50.0,52.07781254450009
50.0,44.47137632104983
28.0,28.194471649668515
28.0,14.29973119839201
72.0,74.97606156195263
72.0,30.247057145733947
45.0,42.678601078438305
45.0,72.48663003074637
60.0,64.69055098456693
60.0,74.68852189597504
60.0,63.12797160450651
60.0,48.307587545525735
71.0,80.15211937035605
71.0,87.91308783136645
66.0,71.64930082842983
66.0,57.23573419864971
68.0,72.80820764566516
68.0,84.21585681123281
36.0,39.75617175298055
36.0,65.69574978496877
35.0,35.10086604720635
35.0,76.32636400224237
64.0,69.82502427665315
64.0,57.478722332907694
46.0,47.93566875417122
46.0,82.69158426883416
53.0,48.172546434007074
53.0,49.16596109681052
50.0,54.11216009583404
50.0,79.03808839852468
81.0,90.47290521688092
81.0,68.7869014083551
76.0,81.85218154228312
76.0,51.87962400413221
69.0,77.415230422359
69.0,76.66734761508445
61.0,65.65715380176385
61.0,43.32271420017463
75.0,82.94582260262098
75.0,83.45224288718828
75.0,78.9373639836794
75.0,82.62213007977368
75.0,80.4764722131531
75.0,67.93174400642658
46.0,51.960524531521685
46.0,29.952057834772347
69.0,76.49762185949561
69.0,83.16794792143514
58.0,58.41200245119256
58.0,71.32172165766582
70.0,74.01535260124228
70.0,67.2378767919297
83.0,89.13623067949572
83.0,51.56352059253658
43.0,36.991187532711876
43.0,54.608578982858546
83.0,88.0268297112134
83.0,69.93428691980927
65.0,66.62790292383613
65.0,73.61133192223616
69.0,74.35543709528974
69.0,75.94312655541444
61.0,65.06868313773975
61.0,46.22568891505148
66.0,71.82264463794974
66.0,75.7579347182758
63.0,72.28797247009953
63.0,52.16545607402287
64.0,66.03998122880597
64.0,61.846076091796476
65.0,72.23133757791561
65.0,68.43659731281309
61.0,62.79320524633823
61.0,41.56704419532292
67.0,71.21762980649328
67.0,32.85906329746865
38.0,38.10321462931768
38.0,73.99577137750697
67.0,72.6361789819075
67.0,47.75814070788084
75.0,81.16206574926741
75.0,67.76329958936077
50.0,54.498942872103214
50.0,66.17951049987636
24.0,15.978154095621562
24.0,46.792590835705596
47.0,43.7498281665861
47.0,59.877116616377464
69.0,77.6169280792015
69.0,59.987909604515096
52.0,49.21137761246524
52.0,84.81743341568261
69.0,76.4273808920426
69.0,52.6792673371599
42.0,35.03852677012287
42.0,83.129233962777
26.0,19.22347890908486
26.0,78.224532385553
61.0,70.03246212040608
61.0,69.29711961184557
68.0,70.68386058297659
68.0,74.99740435474178
73.0,81.07937781228947
73.0,87.2555858931168
35.0,26.602673445772894
35.0,77.83912824624758
52.0,53.54431920066753
52.0,48.997288715903835
75.0,79.1913167168749
75.0,58.15819879860243
56.0,60.36605368174372
56.0,79.90605417497136
74.0,79.35760325517145
74.0,69.09889976341384
63.0,67.44571441918634
63.0,67.53555265368226
44.0,43.738290621136684
44.0,38.59419030264689
50.0,53.68863482866908
50.0,58.285040451628504
49.0,45.0857906131634
49.0,66.27428583794068
61.0,63.133075756131575
61.0,62.126341651064024
42.0,41.9595283009408
42.0,63.912377962908295
73.0,76.4053749868034
73.0,55.474616837585074
70.0,73.22708023631088
70.0,60.82617945660206
84.0,92.03813885987131
84.0,41.76470657290196
67.0,72.12288452067332
67.0,53.26431087709307
79.0,83.760663923619
79.0,53.842440657777104
77.0,84.68617399352968
77.0,77.80080358570513
71.0,75.36158079588182
71.0,72.76082913743107
75.0,83.15177078586737
75.0,66.36717049174564
35.0,32.99995928204419
35.0,43.4104710507242
60.0,67.59399869223836
60.0,73.77194861590948
64.0,66.39961774263219
64.0,76.30729958262509
61.0,61.87113933531151
61.0,38.680820309529395
69.0,75.14336466357042
69.0,66.9351551247322
36.0,33.356189318793156
36.0,29.94744532171643
82.0,91.4951413545756
82.0,46.13297843947106
59.0,62.471837921032886
59.0,52.952943020318855
63.0,66.6503110580187
63.0,64.32229021979236
61.0,66.26042814171359
61.0,68.88681473153446
69.0,71.7509590420961
69.0,81.79706489423961
56.0,61.849379875710156
56.0,70.53289066610802
77.0,82.5714381256451
77.0,63.20598847590378
71.0,75.06796638110546
71.0,55.03616739178847
46.0,41.63552187598253
46.0,36.876018791509296
62.0,66.63546104903497
62.0,48.94992029332184
54.0,54.92018143049154
54.0,74.00381697538938
68.0,71.13178969476024
68.0,62.29391548262731
75.0,80.64127392045208
75.0,51.44772832215597
47.0,46.61943852686488
47.0,31.80874322948108
52.0,50.82030834558401
52.0,62.87265232268078
66.0,69.43593404699237
66.0,77.35660966221025
51.0,52.8784048916537
51.0,70.21086764285525
73.0,79.92044885332695
73.0,72.7804645234595
61.0,55.39571968692832
61.0,41.054812150179146
71.0,80.70397982836687
71.0,61.53766870417843
54.0,58.59401688883611
54.0,54.53244314676874
79.0,86.66717307341008
79.0,56.63398841367433
70.0,76.04437938645242
70.0,79.06005550255361
66.0,71.50643396352882
66.0,71.6510940743616
73.0,78.48913426574063
73.0,44.89887845692249
64.0,70.88418636681598
64.0,47.31332700151057
61.0,64.2262566927023
61.0,82.01900649506052
41.0,45.5863777376012
41.0,33.49839468975165
73.0,77.33845010333863
73.0,73.75282606910304
58.0,58.927185415584574
58.0,60.34579207239642
57.0,66.24076145634405
57.0,75.1854868811348
78.0,84.61066877564969
78.0,64.16785098178235
68.0,75.93324490138366
68.0,69.61890602187185
32.0,35.556871951504434
32.0,41.90888345190831
49.0,45.463143427432215
49.0,71.6652096796173
45.0,46.26630552652682
45.0,34.18560868483422
62.0,65.43584126134994
62.0,76.06468319518837
30.0,31.920518511439468
30.0,58.282194318551774
64.0,63.599611201732614
64.0,67.69058719169118
58.0,60.67363281698573
58.0,14.273867056430902
65.0,70.41151507101182
65.0,72.19074678682796
31.0,31.082521198032055
31.0,55.45907095731957
73.0,81.60713695621473
73.0,64.41173783161224
52.0,53.05807226476662
52.0,74.40316546017948
53.0,52.823577119646586
53.0,84.3118272856293
41.0,38.288318129653305
41.0,72.40261469017076
59.0,59.66040481669023
59.0,83.2185083993993
59.0,61.93467966845776
59.0,12.237171858663999
67.0,73.79839391992567
67.0,39.8407682233576
78.0,84.19598094969206
78.0,72.30259860781177
44.0,48.287740763377485
44.0,53.86631148630261
72.0,78.9229393603855
72.0,52.540350777005074
68.0,75.74944170983963
68.0,67.45367741983068
73.0,75.66393285812893
73.0,80.82314907554428
56.0,57.80893138286467
56.0,65.62627796325307
65.0,66.29965763798663
65.0,64.0581145697351
68.0,72.81282296830665
68.0,79.35469260397372
62.0,65.88381283808815
62.0,63.69651485888869
37.0,39.08501039893105
37.0,72.99207395247879
62.0,68.47965719146276
62.0,53.199412226887205
66.0,75.01022712318331
66.0,28.401949378523
61.0,64.95711264650674
61.0,79.60894454779236
53.0,54.655017741920005
53.0,59.075493124881746
59.0,63.67692572427575
59.0,75.34770423853058
79.0,87.20257577845746
79.0,67.46958954261339
53.0,55.84037099283336
53.0,58.36413201413103
70.0,77.09102784194238
70.0,69.93045636261775
62.0,65.59748864822501
62.0,82.48234328815846
53.0,54.7976590354138
53.0,58.46836066485241
68.0,73.14014063179496
68.0,85.55581278013
77.0,84.006957696678
77.0,73.07045574782052
87.0,92.98403572730734
87.0,63.68308885750287
27.0,27.74867017091657
27.0,50.42263603435691
77.0,83.38818124152567
77.0,42.84536390117336
49.0,51.58935866801289
49.0,52.93298423428877
66.0,73.11813373903976
66.0,65.80168517834835
66.0,68.78049490228068
66.0,74.3379857256432
70.0,74.14917446524453
70.0,43.97319316403241
77.0,80.97996915770119
77.0,76.13048950931488
42.0,38.730416057295656
42.0,29.815748067860568
61.0,60.60208734516954
61.0,65.01414761236322
72.0,80.38295044504963
72.0,88.01975389147475
34.0,34.46752980733129
34.0,72.77125629254095
59.0,63.35290656784042
59.0,52.17364918218499
64.0,67.229815692601
64.0,44.32849549462003
51.0,51.61064504935064
51.0,44.064521021910934
67.0,69.46167430268167
67.0,39.34600326188439
57.0,64.27512908240209
57.0,72.05917705050524
53.0,52.015432134934315
53.0,73.13039898453786
55.0,57.99344501711107
55.0,68.69113978675625
75.0,79.709180600546
75.0,37.62786377320583
70.0,75.80979788919296
70.0,78.87765689136012
70.0,75.61512581952178
70.0,69.6311020640751
73.0,81.19503548169155
73.0,67.9269457101824
56.0,59.09297301784761
56.0,59.93536948166542
27.0,34.10764785048758
27.0,62.78208951131586
76.0,81.007849285195
76.0,8.837468583549764
55.0,57.933056831175065
55.0,72.11471254981029
73.0,80.92212178310206
73.0,51.78117093391313
69.0,74.75337962125263
69.0,76.10351782046007
62.0,66.73875768626283
62.0,64.7487618393339
46.0,45.43829225378113
46.0,61.1343539378683
76.0,84.24123242722749
76.0,67.6931066897535
35.0,35.283649854379064
35.0,68.83667123696313
55.0,51.598422827222805
55.0,64.19537331439858
37.0,34.096961395579854
37.0,88.177786821074
49.0,49.046411084597196
49.0,66.78933659424234
65.0,66.02766347025761
65.0,11.708573697867848
76.0,83.4465498952477
76.0,83.63881051236382
18.0,21.181708856129717
18.0,42.200663371115866
59.0,62.65293185494113
59.0,34.75423161286318
60.0,64.01272268050349
60.0,44.9486585302688
72.0,77.2174156117344
72.0,74.49191443752022
75.0,80.24220744818922
75.0,72.14526063853259
56.0,59.44327679597001
56.0,57.89860740030281
69.0,73.90754590292102
69.0,76.28714909242763
43.0,37.41790439514307
43.0,68.34273294008341
66.0,68.07466326332417
66.0,82.8310462039895
42.0,38.725729327410875
42.0,75.4552433197822
68.0,73.23470783658979
68.0,68.81906847459658
76.0,82.30915335590447
76.0,68.78045730801512
50.0,49.1507558475173
50.0,77.03445545612482
51.0,53.60884681962989
51.0,61.09635150953903
71.0,78.50630053303178
71.0,24.41034422469727
72.0,77.97839668364196
72.0,67.22546481611613
73.0,79.75028441847002
73.0,23.97314968623175
47.0,43.080615321446714
47.0,73.78761652005187
45.0,51.2765622842864
45.0,57.59263613871889
57.0,60.37035117929804
57.0,41.53811836371409
72.0,79.72938363933207
72.0,61.49997470998733
71.0,75.58025707888083
71.0,78.63315994652447
62.0,60.79504008526493
62.0,76.2036029701087
82.0,87.11951293570542
82.0,83.60594390491593
49.0,50.289708713866844
49.0,78.67365833761755
54.0,53.98316000844528
54.0,72.58762639758152
58.0,57.46963227885544
58.0,50.74214743114135
42.0,40.77505105061675
42.0,51.59389251924995
61.0,62.4417176845227
61.0,76.02590996100162
79.0,83.59573973774599
79.0,53.10021133365797
47.0,49.730219022527706
47.0,39.97386927067083
79.0,86.31189972382043
79.0,66.21864459698668
36.0,33.862174026290745
36.0,76.88126657089288
39.0,27.34535216758468
39.0,74.480827173693
17.0,8.8168368085814
17.0,46.39888983678395
56.0,49.83284636905029
56.0,72.39489113539184
44.0,39.48719077503205
44.0,57.4544401012044
29.0,19.432492251561655
29.0,74.39974216063041
54.0,54.90478045222051
54.0,51.3489575916297
76.0,79.71923959586621
76.0,32.47460464884648
53.0,49.95858204528264
53.0,50.2459713054331
38.0,37.995380794227515
38.0,42.211793386421505
63.0,68.75557697180648
63.0,66.02969225581984
66.0,69.29906678721403
66.0,40.78193904465786
48.0,44.19632710467067
48.0,76.11885968648113
79.0,85.89959837611269
79.0,52.202912701561615
54.0,56.63398841367433
54.0,42.978388183361744
35.0,33.75796634542428
35.0,46.185039185350035
62.0,68.67563621110531
62.0,71.3371307777332
43.0,41.84057486159497
43.0,68.72033979397116
72.0,80.59072816260596
72.0,46.28695555223453
70.0,78.38932537828424
70.0,29.301638286275704
66.0,68.70674962375034
66.0,71.38369698210312
31.0,24.7227741354435
31.0,34.01177650778851
46.0,54.42171517745413
46.0,73.78759643568321
49.0,48.314225603852776
49.0,65.32491173490888
46.0,44.43478639862752
46.0,69.10868531032958
26.0,30.91676415197145
26.0,78.12522595906535
40.0,34.18724016926478
40.0,21.99745235905334
54.0,57.788431487218475
54.0,50.78566166908598
73.0,78.00500270191355
73.0,76.74575240720395
47.0,41.83649775354996
47.0,60.85189448690181
65.0,69.06059257184575
65.0,84.61097323205689
71.0,80.13222467464362
71.0,79.33169253923165
50.0,46.914922500482135
50.0,81.82375969951482
76.0,80.93092977525845
76.0,75.2049523084255
75.0,81.88966894228963
75.0,86.30957365682804
73.0,74.33734721460604
73.0,48.2302593420506
67.0,71.15675616632171
67.0,73.83595906760252
74.0,76.84620168744004
74.0,69.79458742487725
48.0,39.65811215576838
48.0,32.531056946907256
74.0,78.28713350190634
74.0,74.16079815218944
23.0,20.853899843847955
23.0,71.2808640936226
70.0,73.36772350074932
70.0,19.974692370148205
61.0,67.38017258030123
61.0,73.14258035485187
78.0,85.68937349550339
78.0,34.01655546893693
35.0,32.296499905475855
35.0,49.06604100055864
65.0,68.70852604644955
65.0,58.88683953101702
75.0,79.1950991936443
75.0,66.38946962923842
61.0,61.362630160036076
61.0,64.40662616709352
33.0,27.176570861918435
33.0,81.18445959241501
46.0,40.3457603622557
46.0,14.312958978914935
52.0,53.980512854289884
52.0,64.2068623255347
63.0,70.8917611878104
63.0,87.88024921098912
64.0,66.93708569125153
64.0,80.42617025900324
66.0,71.15386216866585
66.0,19.01832110936732
46.0,50.7718040442889
46.0,67.60374303627884
71.0,77.89089308101973
71.0,81.20060717808002
66.0,69.01578726637575
66.0,71.70980321528907
65.0,69.03973212865213
65.0,16.276666820634773
39.0,35.5833305617665
39.0,54.29421522589979
52.0,52.83611720268823
52.0,83.61488246631518
59.0,64.44907853216097
59.0,52.54627365576556
51.0,50.958188210820765
51.0,22.19470943966877
47.0,50.85329504220613
47.0,67.58963253356308
62.0,62.96904108539678
62.0,77.80986142437837
35.0,30.950251893729956
35.0,70.22772983606637
56.0,59.37455919035165
56.0,88.74479194418905
55.0,58.808116405649685
55.0,95.0956205564284
59.0,59.399539718123776
59.0,14.160969117898162
69.0,77.28827922465217
69.0,75.22300131799074
46.0,45.16660245604163
46.0,66.26276429685726
61.0,65.45598309325078
61.0,89.85973781630969
47.0,41.8572927719577
47.0,43.875736605359805
34.0,34.46752980733129
34.0,33.96738705359121
76.0,78.28332379347898
76.0,64.68854223546816
66.0,72.6900800827787
66.0,21.026073632063117
74.0,83.18565645357
74.0,77.02028669286653
66.0,68.55716618807003
66.0,65.67231845610786
26.0,15.828454747325338
26.0,63.0179720683405
72.0,76.04818543399597
72.0,80.74077427893951
35.0,36.81191048482589
35.0,36.26445304724422
54.0,52.221545165056796
54.0,75.24102747396518
58.0,60.99861913365288
58.0,84.95196161602468
65.0,69.54072308167684
65.0,59.5198659574645
71.0,75.75735629085858
71.0,68.53691869797598
53.0,45.95666497657629
53.0,76.56338014635088
53.0,56.225016042590084
53.0,80.07572596608185
57.0,61.77792469651388
57.0,75.36110215300772
33.0,24.210936822019676
33.0,69.29597625963191
44.0,40.33403352162003
44.0,67.00466497897025
46.0,52.24435539287293
46.0,66.427585404269
33.0,27.377246314409888
33.0,70.15161877734892
72.0,79.72122238335862
72.0,22.68810263547931
74.0,80.2113841298559
74.0,78.580406724267
78.0,87.07826245573051
78.0,39.5504979773699
67.0,75.50483717197108
67.0,60.271519301826174
78.0,83.73438083854364
78.0,81.73358156315948
70.0,74.24184410694636
70.0,63.92091446539473
57.0,62.2606812086629
57.0,71.90853398127496
78.0,82.39969008261625
78.0,58.01043263794196
51.0,57.12255626391186
51.0,72.69615609968054
30.0,27.537310380313613
30.0,83.06310951224549
76.0,84.01502191733653
76.0,64.10753780891162
66.0,75.68479575371123
66.0,29.656925117562366
60.0,65.85363293930038
60.0,75.29479713442635
39.0,39.43777613943348
39.0,31.45536396646196
68.0,73.58316975746612
68.0,13.698062853103806
80.0,86.92117550312497
80.0,63.342490847479496
65.0,71.5220061960274
65.0,46.60140828979047
76.0,84.62837009581767
76.0,76.48767653374432
27.0,20.33290500281521
27.0,17.91691817198881
68.0,71.70777524105932
68.0,59.14446539267033
76.0,82.12225109849021
76.0,73.56039840600545
26.0,29.89135436908026
26.0,24.434508299175945
55.0,57.99344501711107
55.0,33.97998152284862
41.0,33.174933762203466
41.0,49.269133279915366
64.0,69.47383754451653
64.0,58.72975617447457
16.0,21.492740389304572
16.0,79.65096986453608
60.0,62.09792521003669
60.0,79.10409444281368
24.0,19.800370673963016
24.0,47.995957933765
64.0,67.56759790227778
64.0,57.079745267348585
30.0,27.616217442291656
30.0,71.9523812595674
72.0,76.6273673177817
72.0,81.73141197667763
76.0,80.5965319855045
76.0,68.03858686042076
50.0,51.37181669127688
50.0,59.40121355793866
63.0,67.31503152176373
63.0,69.93140365132399
73.0,77.32462171981234
73.0,81.31839377266027
72.0,78.79838972437966
72.0,61.46550197363797
56.0,57.73698917276107
56.0,42.65580523286684
73.0,78.46242555929263
73.0,72.93800561387093
49.0,54.27786942746519
49.0,65.07973337229487
63.0,68.05034202863482
63.0,80.17422289254876
37.0,39.46043531292429
37.0,3.5782626998970386
79.0,85.00617096427635
79.0,1.8877576801650093
20.0,11.838915971515519
20.0,66.55111778461651
47.0,51.12634214107385
47.0,74.59358508643311
72.0,76.8467992364445
72.0,55.09235602966362
73.0,82.82015766553496
73.0,77.36935430192136
58.0,68.58524429895976
58.0,81.96007561256124
68.0,72.84309198962359
68.0,55.13432028933829
33.0,32.66563830361349
33.0,69.1511880642446
36.0,30.6311440133191
36.0,78.17054949855913
74.0,81.84697950975345
74.0,76.14176129375488
59.0,60.57145309462078
59.0,30.332108439059027
72.0,78.75332161432527
72.0,49.396849679007744
37.0,34.66516361852473
37.0,66.41740715340268
21.0,13.348206399975766
21.0,57.781914001953965
75.0,83.95989693511672
75.0,73.17637344706037
63.0,68.1727029971554
63.0,66.42292900898826
62.0,66.22551785535893
62.0,69.62746704536755
54.0,52.96438040750019
54.0,69.15389923728424
72.0,77.63031557727004
72.0,77.76095721956011
31.0,18.14377514494288
31.0,74.3499663431848
47.0,48.38197431783004
47.0,61.085965223764674
57.0,55.43426993512344
57.0,60.76432981019349
73.0,76.13023071565425
73.0,81.88992960848293
42.0,43.5266953446278
42.0,33.12312996996309
66.0,69.36453100869755
66.0,24.114790955693934
75.0,82.29891011155263
75.0,68.63104661461932
67.0,72.75559796317106
67.0,84.13047881330942
48.0,50.517799002615334
48.0,67.95741655057486
51.0,55.4793928925925
51.0,43.07886321093753
82.0,89.4120423282157
82.0,49.74872469657407
64.0,70.96211353545226
64.0,82.88393466781287
70.0,74.5587125544169
70.0,78.19635644377053
31.0,27.113521507000883
31.0,79.91065272313875
71.0,77.56462282153052
71.0,79.56303733146791
76.0,81.96951642045286
76.0,69.15147859609232
73.0,79.39745942023671
73.0,22.082263806831747
68.0,72.47510469737591
68.0,67.0502066188173
46.0,41.63552187598253
46.0,82.51814550826305
78.0,84.32144710422239
78.0,76.79619332313837
68.0,76.65880009270529
68.0,68.11645791452543
22.0,7.121929172418561
22.0,68.46580058436882
30.0,18.57228556949076
30.0,83.48863374373894
61.0,62.242927380210745
61.0,74.82030024891122
58.0,58.929017146578644
58.0,69.07079797270944
74.0,80.00884883147165
74.0,58.99793674212839
31.0,24.361402747674504
31.0,50.837636668882055
53.0,56.00955187228294
53.0,20.32451892719746
43.0,37.81715571758923
43.0,78.73020016774365
65.0,69.69887568932052
65.0,79.5289230176025
31.0,32.43076289253213
31.0,64.91958439594413
73.0,80.22047016587379
73.0,72.66926003676343
80.0,89.02533124270292
80.0,77.0809420501991
53.0,50.482087893403445
53.0,75.87287733269108
56.0,47.27946371209242
56.0,56.58742101815449
58.0,58.964002951390285
58.0,71.91473037601077
70.0,73.10653295298562
70.0,65.18699226207963
64.0,69.4662569737946
64.0,79.80304922414501
32.0,30.247057145733947
32.0,77.1679305272861
75.0,82.02900776954164
75.0,56.931072048286524
60.0,63.38984630592745
60.0,74.41504864647868
56.0,57.568889148077005
56.0,69.25720004527199
51.0,50.286467832147935
51.0,11.708573697867848
77.0,82.39088524998084
77.0,64.4138115563876
54.0,56.00996477475434
54.0,43.98158912522996
41.0,44.11490176705291
41.0,23.930097632792013
57.0,55.222889522891364
57.0,61.582682278589004
74.0,80.83560484380297
74.0,32.11477425638782
41.0,32.38975462263011
41.0,91.23762275977339
23.0,26.10550921678248
23.0,74.90509827488432
72.0,74.63927401480504
72.0,83.96745855254142
67.0,70.40874106287862
67.0,73.87047888120037
71.0,77.30425752835708
71.0,85.4358068699978
43.0,40.97394235573705
43.0,76.03418963385445
60.0,66.87568936915102
60.0,56.670567712893614
73.0,82.30520045927278
73.0,65.29324912666698
21.0,10.596380707623155
21.0,74.98867065167616
41.0,39.91492367976474
41.0,65.16782113641978
35.0,26.03210035856023
35.0,75.06810287300016
74.0,81.08377928015454
74.0,63.24423990459837
41.0,42.38213078630656
41.0,28.922201033496435
57.0,55.52968529903285
57.0,81.05515508001673
58.0,62.229821344649054
58.0,14.448001223818494
57.0,58.711742728427396
57.0,61.791437679854255
58.0,62.136641026626364
58.0,76.3987067023321
34.0,35.29353775928314
34.0,42.7924225350834
55.0,56.901699604712576
55.0,71.04252635576597
56.0,57.27225394364939
56.0,67.71885615957473
70.0,73.08169995994888
70.0,48.962126213334614
55.0,56.55526696398505
55.0,72.1953828085467
66.0,74.7530067141912
66.0,53.264035291044195
64.0,66.89886598277161
64.0,52.14516649672993
41.0,44.69094961675364
41.0,83.26116793898979
59.0,61.44417249400328
59.0,82.03793009139008
72.0,80.49231724571524
72.0,58.78477474906185
66.0,69.43376246907326
66.0,82.716369732852
67.0,69.52439634913924
67.0,58.427451260698774
76.0,83.0102928557726
76.0,76.96416120110945
71.0,77.34884896764203
71.0,64.18517399788084
78.0,83.1410076437403
78.0,60.96034855354134
58.0,60.78923918880798
58.0,71.3281006237915
65.0,76.10619426344289
65.0,28.181007707199626
50.0,50.035356188285675
50.0,73.99013818829627
76.0,80.42047090657962
76.0,82.72729312649295
65.0,69.73171748364501
65.0,74.57723918725827
69.0,74.42470056397269
69.0,78.07025892655167
78.0,86.3646325637576
78.0,72.17886233397468
62.0,61.03973656329532
62.0,63.96330332357303
75.0,81.37734154443092
75.0,75.43533619070269
68.0,72.34210509068885
68.0,59.25027744803265
60.0,60.391198765151444
60.0,72.03817746155772
57.0,55.66601899986688
57.0,80.215304060204
72.0,79.90323374411815
72.0,76.86623693271298
50.0,53.45715322571289
50.0,73.94084985384836
59.0,60.5472910438765
59.0,86.95412844143522
69.0,71.26045423102289
69.0,52.94119712918092
74.0,80.7074652256673
74.0,86.09012091909801
68.0,76.34810082611648
68.0,66.11997791376768
60.0,59.85811104770079
60.0,73.43172345032997
67.0,69.96461396166234
67.0,75.96309518846044
37.0,29.585315673529237
37.0,26.99373392516884
53.0,53.29826972232695
53.0,85.32808779541699
76.0,81.67112486901596
76.0,27.75175146543876
66.0,64.1530978211988
66.0,43.282771624549014
58.0,58.854270896775176
58.0,79.81337544187318
76.0,85.0062473806779
76.0,78.21207463948951
73.0,78.32669988343326
73.0,31.14441507987857
78.0,83.14607855238398
78.0,47.33816908197224
61.0,64.93759131227722
61.0,52.48219026254793
65.0,73.26708850583861
65.0,77.70573556520998
47.0,50.336463148011546
47.0,67.49053676243017
52.0,49.91770031090539
52.0,72.41202125900236
66.0,70.40598887486198
66.0,56.0689725055862
29.0,24.136998806050542
29.0,13.761269536247482
72.0,77.0583154287171
72.0,70.8150165089483
77.0,85.81310169468185
77.0,55.149980785528214
44.0,37.72608858578832
44.0,72.14786283421097
71.0,76.7118189732646
71.0,38.9108741012422
75.0,81.6404436236378
75.0,75.41642095724097
76.0,84.51114614609503
76.0,47.48460374574074
29.0,26.016415034230363
29.0,64.55481454133036
65.0,67.68197366089947
65.0,75.61171519176361
68.0,73.70394991627865
68.0,75.82675842270112
72.0,76.5538017718074
72.0,53.683035325263745
73.0,78.99702767217167
73.0,70.06423259869649
46.0,41.951429663655176
46.0,66.16268506696008
51.0,49.39754228627379
51.0,83.16632348008545
32.0,34.59861777027959
32.0,57.94438675838671
63.0,68.01875100419193
63.0,58.596179064230455
47.0,49.72521930239549
47.0,73.78295975346771
54.0,51.66200407263966
54.0,43.12875974859327
31.0,27.310322556776157
31.0,65.87767603607267
65.0,67.25952366947024
65.0,73.98905191795279
42.0,40.492862871910916
42.0,69.50385207333494
53.0,54.245929757875956
53.0,71.5869249592871
56.0,58.32763670296049
56.0,37.425173421133536
53.0,56.99388225803767
53.0,70.66243123822994
61.0,66.36573829912669
61.0,74.54658051776346
73.0,77.29710492015187
73.0,67.29462892082455
72.0,74.91411118680867
72.0,75.53675843964174
68.0,71.75276387457558
68.0,56.41152451235325
65.0,71.59096228319777
65.0,82.0808716260866
26.0,15.941311944932409
26.0,58.53864272481735
73.0,80.38250965814507
73.0,44.822294867448704
69.0,72.85953434910749
69.0,71.81740798622684
63.0,67.10251428461652
63.0,77.72055453153854
66.0,67.66126915555071
66.0,39.07509907520165
48.0,42.82798686680701
48.0,34.8499873315381
75.0,81.69703575373899
75.0,51.020922116495456
75.0,79.72340774654702
75.0,62.41074261445084
70.0,74.41798557815554
70.0,70.49537047144696
70.0,75.3004500808882
70.0,40.750316086148814
59.0,63.216170798659846
59.0,53.344224923581805
52.0,51.3207196454087
52.0,73.02194038884323
66.0,74.00616820901803
66.0,61.31887892392592
35.0,21.587311310863868
35.0,70.91657744177047
49.0,52.806791862823445
49.0,64.53793650783331
42.0,38.88621346069135
42.0,43.014925383101456
43.0,45.88825156385212
43.0,42.842792436117236
76.0,83.12364645082829
76.0,74.22026235954559
37.0,30.80397188980038
37.0,58.39743459371738
57.0,56.78791156362564
57.0,79.81127260153204
57.0,61.79585045420754
57.0,76.55403977727104
51.0,51.733258273826095
51.0,32.19589081731681
69.0,73.60421882192014
69.0,69.09686858840621
57.0,57.5548802544904
57.0,73.52341264327032
14.0,8.869568167990167
14.0,59.272188785049764
61.0,65.19822509804413
61.0,80.82532844378466
75.0,81.09761048874367
75.0,84.51795452637208
70.0,77.01244947664713
70.0,66.75877593817216
73.0,80.77731243840645
73.0,60.97120270713606
61.0,62.40271807528842
61.0,44.39111551930597
39.0,33.58182714838409
39.0,54.195115530128135
76.0,83.37967322205128
76.0,45.24617710901833
42.0,43.299304851482816
42.0,17.78089324996597
67.0,75.09681968281825
67.0,51.29801960179583
46.0,46.61200089798166
46.0,77.82300546082485
41.0,44.643859848675504
41.0,76.97694653768491
70.0,73.95714420911139
70.0,71.4919141423913
25.0,17.417258262481198
25.0,68.27469605626447
72.0,78.90824433612596
72.0,71.74898672265459
44.0,45.983831209051914
44.0,71.42681938525743
63.0,64.6736878164096
63.0,45.954274491736044
36.0,34.66935957832163
36.0,66.41146958755172
69.0,74.60558315137337
69.0,69.34031087224878
57.0,57.561985624060526
57.0,24.82391473936815
21.0,18.905225023789967
21.0,26.602673445772894
78.0,84.18745230794082
78.0,43.50263307496169
63.0,69.2311619244719
63.0,63.77521925215257
71.0,77.48068724084789
71.0,44.08226630035517
60.0,60.81813807269219
60.0,67.6445673311822
66.0,74.1798058851798
66.0,77.6893804830483
63.0,70.51670427749872
63.0,44.17113287864555
42.0,38.75982798867176
42.0,41.637872230708695
30.0,24.768459289344094
30.0,65.57603488997194
70.0,77.26693180534238
70.0,73.69132536002337
50.0,54.57623176018399
50.0,81.6197554496191
71.0,74.36922163939113
71.0,62.59866528240667
44.0,43.154581179862475
44.0,58.029620913737006
67.0,72.68212520198665
67.0,63.278347144932354
63.0,66.7374302569566
63.0,77.62753816471792
81.0,87.24205337504964
81.0,75.72960212577783
28.0,27.213946281896312
28.0,74.9258329939289
68.0,72.4042640066537
68.0,51.37181669127688
70.0,74.35607151894749
70.0,68.69769559761153
56.0,60.19979419315973
56.0,38.607201793251306
15.0,9.63490132831862
15.0,82.49333773550416
59.0,62.432129241470534
59.0,67.54047642118672
56.0,56.721514841249814
56.0,79.70018728580408
76.0,79.97193123073282
76.0,11.752073996505203
25.0,23.816155897581325
25.0,64.85731287063055
70.0,75.58683786051739
70.0,50.36939720362966
73.0,78.39374610606558
73.0,52.02337309324099
73.0,78.78263729363266
73.0,76.42445893238181
66.0,74.61558687508483
66.0,65.06462928844962
55.0,59.88617339670867
55.0,51.324232448063185
37.0,38.18407117110553
37.0,58.29599165308542
61.0,62.649188471767445
61.0,62.43220632171386
56.0,58.95972304855957
56.0,78.0236424481111
14.0,-0.014617156925226027
14.0,55.37258556133327
41.0,38.41879371518996
41.0,81.31873239411289
41.0,41.127984586162256
41.0,50.343478977303846
18.0,11.309718242060512
18.0,70.15881705924386
67.0,71.54168993820372
67.0,68.25243208349366
44.0,41.79296316224679
44.0,73.89141719679702
70.0,74.43198733970513
70.0,61.94094335333074
64.0,63.7252359776694
64.0,57.79093047862858
66.0,73.31058494713602
66.0,24.755137338201678
49.0,48.901429686293284
49.0,39.23208604265329
64.0,69.67285728875504
64.0,67.16070788691235
54.0,58.31137323310037
54.0,93.24059559824752
69.0,72.71896941777533
69.0,36.414532358605186
79.0,87.34765352430338
79.0,77.11776615985792
73.0,76.80266534299955
73.0,68.59466351906116
63.0,62.88033787422131
63.0,64.92429745410311
48.0,52.4936291885806
48.0,72.51237420688733
80.0,88.29802977207464
80.0,31.716468192103434
51.0,54.60740987520768
51.0,69.4429232468296
59.0,58.685663658192254
59.0,73.51106969882676
54.0,53.84022391194691
54.0,84.58522676140171
61.0,64.05401143154376
61.0,42.46440624142156
53.0,53.2396853189901
53.0,61.46785345932511
57.0,59.48780301509322
57.0,58.150668058653025
73.0,81.16893568742864
73.0,68.02199977259431
44.0,40.028019091178066
44.0,78.99583298384727
52.0,55.32375411551237
52.0,70.10081237512435
32.0,31.535573407708966
32.0,33.35292278173819
69.0,73.0706352027459
69.0,77.04061054731295
72.0,76.3580563635881
72.0,72.54567856586556
42.0,43.03228483295709
42.0,28.359880885082077
76.0,82.4726768172423
76.0,57.49053318222923
24.0,15.069264847279953
24.0,52.43892013493638
63.0,64.62939197011502
63.0,65.55560698182455
67.0,71.1747527176197
67.0,71.40953283757875
41.0,46.10482471592468
41.0,69.91853760595541
66.0,71.42189691699167
66.0,77.89374142101758
35.0,34.28402433067964
35.0,86.54082832499176
56.0,61.08325959345672
56.0,51.20056774227726
72.0,80.27415787827704
72.0,68.99585292441765
73.0,77.66309164198617
73.0,50.21989850625681
51.0,48.502342874078636
51.0,38.9906210054225
73.0,79.38087583330451
73.0,36.72694463355083
69.0,74.55053289513381
69.0,65.4305654905184
63.0,64.07903601858561
63.0,65.54184223414597
58.0,63.72681346214739
58.0,32.73409825123554
70.0,76.16318490112712
70.0,41.459942848558
80.0,87.1953465993065
80.0,59.86948575874118
72.0,78.57784864811629
72.0,75.92284930615301
82.0,90.10798836189832
82.0,63.60315573605925
67.0,69.730524590333
67.0,68.35827721518399
47.0,47.94791206344223
47.0,32.98452090386081
54.0,54.146002842068754
54.0,64.19235365348004
69.0,74.91405840268988
69.0,47.768975712824954
77.0,82.8199260335129
77.0,74.76295227200069
61.0,63.973064567920574
61.0,75.66169214952009
67.0,69.4434315064745
67.0,39.3227987862561
71.0,77.15688267375941
71.0,36.5584045026597
72.0,77.22479621149813
72.0,46.45095212734901
65.0,73.96035284936232
65.0,55.567701736085894
30.0,24.157013183093397
30.0,74.08487645592663
56.0,54.30774675612656
56.0,76.16259450580833
63.0,67.19338603960273
63.0,85.60017425523193
70.0,75.36746025222925
70.0,73.89239957581327
67.0,74.67109876590871
67.0,41.28533046317972
52.0,54.84030275033501
52.0,58.25092194579935
69.0,73.4167415939408
69.0,51.70375586958261
70.0,75.91276920194338
70.0,59.576004515612965
68.0,72.5480390096514
68.0,9.615852996923195
73.0,76.94500271779106
73.0,71.67796525625039
68.0,72.0184688802492
68.0,23.377713397985247
74.0,81.05428484082466
74.0,59.11968264630957
30.0,26.420305188834902
30.0,66.66054994480544
61.0,63.5815438352422
61.0,83.10766809921734
71.0,75.81412001671839
71.0,69.9071513965402
75.0,84.69429235714023
75.0,40.258068672835634
58.0,64.61832521877864
58.0,49.32208415240814
49.0,51.360590470929424
49.0,81.76733004859443
72.0,77.83703416412294
72.0,27.751831178841144
61.0,65.46806865736772
61.0,65.89644082149977
28.0,22.476518669176585
28.0,57.939393939742104
42.0,38.2233367079196
42.0,79.8383229937931
76.0,82.38137224730076
76.0,39.718186479885674
53.0,53.922031978385746
53.0,75.88565617392635
49.0,50.26310753613967
49.0,88.83595367172086
57.0,60.03946467594625
57.0,68.18186971373689
70.0,74.97047151354911
70.0,42.56169124843183
34.0,29.005243602247106
34.0,43.875736605359805
72.0,74.2618219365101
72.0,79.29467472754732
65.0,70.29005275577487
65.0,79.23533279832395
58.0,63.948020554984
58.0,58.7212331191937
47.0,42.277392124222445
47.0,41.22232399172066
56.0,59.39502648390106
56.0,80.90203373362851
69.0,73.45749903540468
69.0,80.76498823404285
72.0,78.95205131157064
72.0,85.09636341221119
77.0,83.13183133159015
77.0,70.17347534121086
35.0,38.5242137427465
35.0,81.07669986289574
64.0,69.7100690582867
64.0,64.32058592734433
67.0,71.76482213614088
67.0,73.66328128516727
75.0,80.2692761110157
75.0,67.47817319590257
22.0,12.310098071152197
22.0,73.83285601534732
78.0,88.00125747777747
78.0,41.04348088984972
54.0,60.10796017021573
54.0,81.76757645637196
51.0,54.19665273643551
51.0,59.72760052964924
72.0,81.16352208697379
72.0,72.2431762012439
71.0,77.28426542114767
71.0,38.7185082761701
63.0,66.99221020513812
63.0,69.65635216873585
48.0,50.84314395061682
48.0,54.4814885355068
38.0,37.67919681392186
38.0,64.33745911493156
67.0,73.01809869865667
67.0,84.02177940953982
57.0,57.98264998736414
57.0,75.35861903158928
67.0,72.16986538009064
67.0,61.4452200748849
71.0,77.44765128788555
71.0,72.35772182659827
60.0,64.64020776810895
60.0,75.82966626276357
28.0,27.350650485293386
28.0,62.59846409409738
55.0,59.614972736000084
55.0,81.4454112566711
73.0,80.94724643247986
73.0,34.578970530813024
68.0,72.75418627065233
68.0,77.79754257114018
57.0,60.31678823969082
57.0,71.1174062321129
62.0,71.00813289531777
62.0,70.88414692125349
33.0,25.733992927113718
33.0,74.84391578396674
75.0,84.13171924983448
75.0,77.15667043386134
68.0,73.34314281087069
68.0,53.699684958781404
35.0,29.5493502477392
35.0,67.69004064955124
60.0,61.68528026706315
60.0,69.19836971871189
74.0,79.82348033470635
74.0,77.5256757774481
58.0,62.212272935410965
58.0,53.230966958297245
29.0,27.84281563856547
29.0,57.42492329190026
53.0,48.118607514456414
53.0,60.18754418984071
63.0,66.98287710350576
63.0,65.96258245994994
42.0,40.11371152961516
42.0,75.86657393864897
75.0,81.29826744641804
75.0,61.35542270838823
16.0,10.716109234265275
16.0,47.952844332153006
43.0,42.75862341582666
43.0,79.90736880683625
70.0,74.37470752309162
70.0,68.68540453957331
73.0,80.06750391787358
73.0,83.26256583637945
35.0,42.14666547267018
35.0,65.64002292560275
55.0,57.89909895053455
55.0,34.53752592779745
60.0,62.30789687879752
60.0,55.52795865725608
70.0,75.05048384689223
70.0,65.11776970277867
61.0,65.36229683622577
61.0,80.34339107315151
54.0,58.19168751713454
54.0,72.10792357976248
57.0,60.50144810637403
57.0,64.54039647578958
53.0,55.40679667086471
53.0,72.78858155345858
43.0,43.594831241542465
43.0,70.79625666874773
71.0,75.24741835305332
71.0,23.199878924000927
64.0,69.58120692176021
64.0,58.28570378658844
65.0,63.321250801365295
65.0,27.497852753916504
64.0,70.19048297298838
64.0,71.89652604844463
60.0,65.93714308064898
60.0,38.10849396516619
55.0,58.130688811119285
55.0,40.11757558879566
78.0,85.40457303429957
78.0,68.63437791399207
70.0,73.6061128305609
70.0,65.95486499372339
69.0,74.26794860092701
69.0,59.655416596991245
53.0,58.95506676746521
53.0,79.90010162618933
70.0,77.88489460570867
70.0,61.43376116407012
66.0,71.25049311077078
66.0,52.589225389915555
70.0,75.45032201297147
70.0,68.25317677659672
65.0,70.81503176774578
65.0,71.86149114526961
22.0,18.624581991505522
22.0,61.87468840043874
38.0,31.545914796863258
38.0,68.55966862513327
50.0,57.404286585762804
50.0,60.271948127470694
74.0,80.45919826173815
74.0,67.28538905323302
31.0,23.017907130838637
31.0,52.19849151273655
62.0,68.27159372319028
62.0,76.07250264826911
69.0,76.46879228168689
69.0,75.64547403830431
37.0,25.411158387257387
37.0,79.46045518799116
78.0,86.14734674433123
78.0,84.12922083946398
64.0,68.21241431245505
64.0,75.85982331368734
67.0,70.51919428383917
67.0,46.03022603680165
47.0,38.7313889868862
47.0,63.52277188476734
65.0,74.0343925444148
65.0,78.0914334524071
63.0,63.68170479906422
63.0,87.55569088310483
67.0,70.0791803257066
67.0,77.78651820222092
50.0,53.6079101322465
50.0,63.99036528609639
80.0,88.20657625294257
80.0,89.15545045390866
69.0,71.09728844132798
69.0,66.45707747252169
68.0,70.14576566658582
68.0,57.97438868251737
26.0,23.144967699839924
26.0,60.25496630105289
52.0,49.9559476856943
52.0,51.58935866801289
62.0,66.7740704352342
62.0,60.85914542054991
71.0,74.54154569140525
71.0,63.82039053590495
74.0,78.34015252374547
74.0,61.56486965441445
62.0,65.6557139925078
62.0,80.22815826748854
71.0,76.93111185822835
71.0,33.56406727170469
63.0,67.77330671858078
63.0,62.99599425315739
67.0,72.48959804165946
67.0,78.78745370101234
60.0,56.34721934871243
60.0,74.80373255157099
77.0,82.85170248607847
77.0,79.35501159951497
41.0,41.360965173436455
41.0,53.85917516618355
78.0,86.0806064143228
78.0,80.47326224935358
63.0,67.53730845609545
63.0,63.619772089841945
69.0,73.05641181721666
69.0,29.882691279276173
73.0,78.0080461271607
73.0,56.81883037902344
60.0,63.483555109687074
60.0,80.27447907317384
48.0,50.197037572710826
48.0,71.91979596467274
66.0,69.50195869061668
66.0,63.72966613685492
55.0,56.67837278641042
55.0,78.14755001339273
82.0,90.87453977400719
82.0,38.88342223764852
64.0,70.27490008441487
64.0,78.14235812694187
58.0,62.28183143861355
58.0,32.71671438463005
37.0,42.0325544774559
37.0,58.12286086804295
19.0,18.760998175331963
19.0,71.21283644858715
67.0,71.67747921655774
67.0,71.06915675438233
66.0,65.18139297934135
66.0,88.59848493233471
80.0,87.87705064394322
80.0,88.31604737373476
65.0,68.30006955354872
65.0,76.66106520174333
35.0,25.32022677715827
35.0,52.648411135015806
63.0,65.20236822526789
63.0,80.74648851422745
70.0,74.29800498120636
70.0,52.31117182201717
30.0,17.514082170518748
30.0,64.96680553414012
36.0,32.40708322824429
36.0,47.64038568021056
77.0,84.2269129686265
77.0,70.46509966894001
14.0,17.291341851801178
14.0,65.85183713569592
71.0,72.5764980631202
71.0,62.23045943118865
35.0,26.440307322865863
35.0,76.15327295321453
70.0,76.74901905187807
70.0,54.08608964186254
70.0,74.92868249628816
70.0,41.8687467286789
40.0,39.15981144154375
40.0,2.783757930797094
44.0,51.84825926551713
44.0,52.648924760281716
67.0,69.2888033942636
67.0,75.23047449884996
66.0,75.35282092770348
66.0,66.03758034358441
73.0,82.04591201507327
73.0,44.30940709744874
71.0,77.69081866044723
71.0,72.33217500127824
63.0,67.51527147307547
63.0,76.62422778992345
74.0,82.0788598853311
74.0,18.014175444137436
48.0,47.48416606583652
48.0,81.98675893329153
55.0,53.91250527377741
55.0,43.80403515885371
47.0,46.06722929941321
47.0,74.83724136168746
74.0,80.53718134230377
74.0,35.525620171742844
76.0,83.81514807124358
76.0,13.423724877474456
82.0,89.28077054723542
82.0,66.84062892109063
46.0,46.204477948262024
46.0,52.95996041488047
35.0,39.79245052783779
35.0,73.91420027965563
25.0,21.346651766140212
25.0,59.28497239108657
56.0,54.70423587756693
56.0,68.58388989643038
52.0,49.21137761246524
52.0,37.97146533923211
40.0,38.75992084565115
40.0,29.167303842129
55.0,54.384421090586784
55.0,69.35881560292506
60.0,61.31656089287725
60.0,67.15351239625431
60.0,61.769727953781796
60.0,27.365542659552716
25.0,28.129562729349573
25.0,50.63016858316598
71.0,75.701057734122
71.0,73.83838306461831
22.0,22.793783401500605
22.0,38.39995901422361
59.0,62.14400820908634
59.0,87.50092715814708
59.0,62.45484218875481
59.0,69.46834403379165
74.0,81.78428211835461
74.0,64.42262458615465
57.0,56.42973045017487
57.0,58.34128783058151
53.0,56.8144728661066
53.0,80.44865737493757
67.0,70.4643657882446
67.0,50.193663880894576
35.0,34.83742742262734
35.0,68.55654254747714
22.0,19.491325876179815
22.0,40.624386717602306
70.0,75.70638789021024
70.0,32.81360124405688
72.0,79.0870641887584
72.0,73.67314364030142
70.0,72.6161728481319
70.0,65.11567697609132
72.0,79.34772460195097
72.0,22.187710740271086
76.0,84.04408427668733
76.0,74.868676020863
66.0,73.9469279302275
66.0,50.20688793237622
76.0,82.74899468923508
76.0,71.71861465549705
74.0,76.81247353686183
74.0,61.43378137214091
35.0,28.22731085526334
35.0,70.32706225886744
66.0,68.78155077406586
66.0,75.94804774489404
59.0,58.917980785455086
59.0,63.418202133989666
45.0,46.37882821913456
45.0,70.88165305891903
65.0,66.45435004663369
65.0,76.67162376049004
74.0,82.30816026954892
74.0,30.063929482721164
63.0,64.50111960821744
63.0,38.12757574706768
58.0,58.602261160652404
58.0,72.85686252588386
60.0,61.10535556025843
60.0,10.641750066702116
70.0,71.63499279248333
70.0,78.48525882045351
50.0,52.54930577187548
50.0,64.87125236066078
50.0,49.195246202363876
50.0,72.08878651457513
67.0,67.88144620287306
67.0,55.72686275968107
67.0,68.01488781461586
67.0,25.058381965056697
68.0,74.51461476834993
68.0,61.47355822259027
50.0,48.16825520122336
50.0,82.89864707855833
70.0,75.89840431771171
70.0,76.3212047281088
41.0,34.268526738192804
41.0,52.92040013773362
54.0,60.28000752805656
54.0,57.109365929346495
71.0,74.66690895969191
71.0,77.3224657452825
81.0,89.69764911585276
81.0,2.0486575875968924
64.0,65.86269422345993
64.0,83.9135673988851
73.0,77.25046826042109
73.0,78.26114052063576
80.0,86.65494297149922
80.0,44.362350425255386
67.0,70.28826068914441
67.0,53.50312577422687
71.0,75.77864241002976
71.0,39.484539933961
71.0,79.71746050527895
71.0,13.815640533572662
57.0,59.29073727581937
57.0,53.770897404018626
73.0,80.3791020218394
73.0,74.55736091380976
61.0,65.1118887697213
61.0,18.443443247619314
70.0,74.4140203530414
70.0,54.93764171789178
59.0,63.35399977400931
59.0,69.59012673777801
68.0,75.54311179625785
68.0,76.38612080004941
40.0,38.41879371518996
40.0,48.58523497041244
68.0,72.40922524670123
68.0,68.36448452556726
75.0,83.05864100508404
75.0,85.14891499809409
71.0,77.76982894434462
71.0,67.11953665708592
67.0,69.04325805679429
67.0,77.50737027300977
71.0,78.88921154325641
71.0,20.11774882773534
71.0,80.19065465052432
71.0,77.53101231699327
66.0,71.34189442439265
66.0,36.03976917502638
72.0,79.5522023228429
72.0,53.490460008102616
66.0,73.46399240744478
66.0,66.33999685362272
48.0,52.00265165472484
48.0,72.4825548010204
59.0,62.51028725903967
59.0,77.9622198428724
67.0,70.1207110164994
67.0,63.2635432433147
53.0,55.747945911482475
53.0,48.54437354291241
66.0,68.49771057128515
66.0,75.18709483552686
60.0,65.2101538030957
60.0,60.34803606545029
59.0,62.03434613579799
59.0,75.62634351731464
65.0,71.57390653425023
65.0,68.09283515730897
51.0,51.16493933103391
51.0,42.59937598180761
58.0,60.11169046906025
58.0,74.63262637665184
57.0,60.90654677044529
57.0,50.577631113728444
62.0,67.69041401662673
62.0,68.82833261910025
67.0,73.37038573475758
67.0,78.42555572406826
70.0,77.97053046092583
70.0,87.90531831982116
76.0,80.75554998902248
76.0,29.717878112796882
53.0,51.57916070836933
53.0,74.61813323723612
70.0,73.02898783012085
70.0,54.92512401061094
65.0,68.01944416215593
65.0,78.26884487139824
39.0,29.933859352567254
39.0,42.13865392172784
58.0,58.97204915381667
58.0,73.53061710731095
74.0,80.73604222168728
74.0,55.775655671957054
74.0,80.91884853074345
74.0,78.59394599581793
71.0,79.62077733490435
71.0,58.23248546347838
60.0,67.38911744188113
60.0,53.324981252815974
63.0,70.6477678457714
63.0,49.32767663568069
59.0,63.704412601067986
59.0,52.193727781188784
77.0,83.17804532091395
77.0,85.73608393864635
84.0,90.54649126390473
84.0,40.40286483145468
59.0,62.126341651064024
59.0,80.93546478090934
56.0,58.42765324636548
56.0,76.04555368128445
61.0,63.41821196393494
61.0,33.6346870207293
64.0,65.72970982905076
64.0,73.03700171868945
53.0,53.10969440635574
53.0,70.83402018370941
69.0,72.10167636808632
69.0,56.17844825557188
25.0,21.63972526135558
25.0,76.61047324950164
12.0,3.6381660749178764
12.0,51.435186371349175
68.0,73.14258035485187
68.0,45.93132630271464
55.0,54.96345484462017
55.0,72.82069667835538
71.0,77.67909661000999
71.0,66.23063392369511
74.0,77.66746047231675
74.0,68.85477428937833
45.0,46.62608878993029
45.0,14.591563255699839
67.0,70.26365006598411
67.0,67.0278679487393
75.0,81.74496260664421
75.0,30.091505113506287
68.0,70.84127909825474
68.0,48.89143806438517
22.0,18.486718336749163
22.0,69.11599534756994
62.0,64.78091953551206
62.0,79.74126644328788
70.0,74.33841239017153
70.0,32.410726800568796
46.0,46.027213137774766
46.0,79.92584909857601
35.0,31.998883464992957
35.0,27.30382933260188
73.0,80.18742050566942
73.0,51.97872986920538
53.0,55.90722451311149
53.0,60.83877890349987
39.0,36.12464637834876
39.0,63.03247853562249
66.0,66.65161956822948
66.0,59.77727433652734
51.0,51.06869245114734
51.0,67.2938445531833
69.0,73.28254822091037
69.0,63.77430063532148
27.0,26.880756154560515
27.0,82.2878088200365
63.0,71.97641527632993
63.0,71.21857331175426
56.0,57.03251773787338
56.0,68.85582150205016
64.0,67.56600837757895
64.0,77.8963291958558
81.0,88.58032306023989
81.0,33.13558427144278
69.0,72.09666672483314
69.0,26.44725462546569
66.0,72.21681964485879
66.0,29.922550436341453
67.0,72.50507836917615
67.0,83.58532708090496
63.0,65.27291597655676
63.0,76.18825201280089
69.0,77.31579062580073
69.0,74.37671979751713
61.0,61.77364327996651
61.0,70.10979932368758
56.0,57.101766008425386
56.0,76.0259288748095
16.0,7.14463349235416
16.0,78.05724682741118
79.0,83.19348384556724
79.0,76.14922509808872
65.0,68.30685128350405
65.0,85.98989803939645
60.0,60.6700013140138
60.0,63.998061356037454
25.0,14.916823878607545
25.0,54.3073292315205
73.0,79.06862047266173
73.0,76.1076395298333
53.0,58.85692808834426
53.0,72.90164446158775
79.0,84.41383869090589
79.0,32.58775706087914
73.0,80.10763844956108
73.0,83.7035816618166
56.0,52.798293473374656
56.0,45.273724342837454
31.0,22.97680032148321
31.0,78.88809255919165
53.0,55.82670938417448
53.0,68.93912556500891
73.0,81.90191847025471
73.0,71.62948151898723
52.0,56.52744505779174
52.0,20.01403020967558
24.0,9.616479916246305
24.0,72.1028174131174
40.0,45.68060178163779
40.0,79.12457197913392
52.0,53.165694305855936
52.0,80.07176229004
60.0,60.78050155284234
60.0,36.3948870171543
51.0,51.89212519207376
51.0,32.28905425502592
33.0,24.565542857927483
33.0,47.46080361124854
49.0,53.441470476652114
49.0,21.026073632063117
64.0,65.92192255294196
64.0,69.08733297226081
49.0,53.38398249036226
49.0,76.77706355308067
58.0,56.98155955760251
58.0,31.29773141412022
66.0,69.35628811221471
66.0,78.81435434668992
69.0,72.06934185900315
69.0,85.26492737619043
61.0,63.17490716311909
61.0,78.07961276160194
70.0,76.92837636097545
70.0,62.49266581269086
68.0,68.60647605226114
68.0,54.203326421543295
20.0,15.438521815880392
20.0,67.69131936094254
35.0,32.60565342575717
35.0,30.79345301649562
54.0,55.762381104263
54.0,52.013437540593884
64.0,72.99587080224012
64.0,60.46511768184422
50.0,50.2589284610948
50.0,83.72619550893722
71.0,76.68973825234264
71.0,74.30587499693655
35.0,35.08275056536371
35.0,60.35039014082537
80.0,87.26073457798884
80.0,63.48203465858967
56.0,58.817172523473175
56.0,68.03302088284732
64.0,68.05626808685338
64.0,72.34927699336515
58.0,57.16943669218557
58.0,48.308625462886596
40.0,35.5267521528433
40.0,73.43783620726816
72.0,79.10156505183733
72.0,74.5200047556516
48.0,52.3912682755863
48.0,62.97198630515419
66.0,68.56996476022158
66.0,75.88551948712984
49.0,50.34363333033292
49.0,49.35212470874086
35.0,39.490969678013926
35.0,69.65059209834692
55.0,57.96230559683676
55.0,49.32827244779202
61.0,62.807829654246405
61.0,55.4223577605876
69.0,74.10340774784271
69.0,67.17616367132496
78.0,82.59138701614916
78.0,25.963887874442605
67.0,67.82273074883312
67.0,74.62678032155674
47.0,48.34718051407822
47.0,30.732086410358647
52.0,49.670288137935415
52.0,52.9117059536656
82.0,88.53173870339953
82.0,69.01675388373934
53.0,56.64282613216227
53.0,75.5820712768242
69.0,74.62472904380326
69.0,70.29663368066178
31.0,32.43076289253213
31.0,58.13393655079852
66.0,67.67947179449357
66.0,39.516526533405795
78.0,85.31946417192898
78.0,67.26464527272583
64.0,68.55365493020668
64.0,64.01170375622286
72.0,77.26413397281783
72.0,86.64611711135285
60.0,61.412438091728745
60.0,84.0581539982125
49.0,47.602400025458905
49.0,49.75390680848915
72.0,76.61022166819032
72.0,70.60362623467665
40.0,42.27604083847007
40.0,81.81713062164943
69.0,76.62309538248462
69.0,33.687499683013584
72.0,77.7661990665045
72.0,50.82184815033355
75.0,82.25967657278261
75.0,72.95808906738296
28.0,27.120218140009626
28.0,61.62977728067591
70.0,78.19689272530746
70.0,56.4475750226847
64.0,71.69628373843074
64.0,84.37451816386493
66.0,71.1154460580326
66.0,42.27255169455157
57.0,60.8819007921374
57.0,70.2219570158328
56.0,60.013132864491695
56.0,56.86583024975789
38.0,38.293951808235306
38.0,67.67665975419209
72.0,78.36904765129157
72.0,55.68784505177564
70.0,75.92806419507588
70.0,72.26866707985738
75.0,77.80939506107859
75.0,56.827178497128045
65.0,68.02245958857998
65.0,66.08850552816875
36.0,38.67941549870841
36.0,58.50315933227773
58.0,56.02581048230002
58.0,86.50316219066167
64.0,66.859842329667
64.0,51.14666931801054
75.0,78.90175569189472
75.0,81.61424772194823
64.0,66.80600379297823
64.0,51.39511749557812
69.0,70.42173366555932
69.0,73.24884779396552
74.0,82.93729493669855
74.0,65.84489820888854
76.0,86.28667766232968
76.0,78.03172493214572
77.0,83.47256515302297
77.0,22.866212797170135
47.0,47.396035077604836
47.0,75.44583309184594
58.0,60.4142192489403
58.0,33.842924832865265
60.0,59.15691709558001
60.0,58.46049119099814
59.0,61.28299891140142
59.0,43.26189468488644
56.0,57.47313369625465
56.0,76.90570194168424
63.0,65.7256990609078
63.0,79.25456495739945
69.0,75.05574979444617
69.0,61.65368941755327
81.0,91.3015247987289
81.0,65.45730750987133
66.0,74.27229078274269
66.0,67.937361677399
63.0,68.58938373399661
63.0,85.91003091462278
59.0,63.19981198770017
59.0,72.12258371559687
71.0,77.96498651760425
71.0,76.57231331098842
64.0,65.41687904925459
64.0,78.64872259668431
63.0,62.67163113807169
63.0,65.41925647497965
68.0,69.10317188477012
68.0,71.46751302278841
40.0,42.26693378145126
40.0,68.75858643155453
77.0,86.22132045885616
77.0,70.64853195840743
49.0,46.82564356385484
49.0,63.24330478412679
24.0,26.99373392516884
24.0,70.37256693923189
37.0,35.797743811754515
37.0,8.47851559678486
78.0,85.57923077962118
78.0,46.1071047282818
72.0,77.88674527103228
72.0,50.780580696718346
14.0,10.716109234265275
14.0,74.87155885786746
55.0,60.87965661446697
55.0,71.93352718800173
75.0,79.40511027194736
75.0,57.78494352042816
67.0,72.22672427652532
67.0,73.17953789739573
70.0,76.8196226801387
70.0,42.46509170230246
74.0,80.16963354094742
74.0,64.09765065246643
67.0,65.39616786234632
67.0,72.4455774835933
64.0,67.27751197158625
64.0,59.92680934504847
58.0,62.53593151175312
58.0,77.37083910519618
60.0,68.73967271886721
60.0,54.15786540258887
61.0,68.53280740962066
61.0,74.26664033479005
31.0,26.544627224493354
31.0,80.51882813040959
76.0,83.6526443069094
76.0,24.171650903134775
65.0,67.91790671223771
65.0,46.12902871386393
30.0,19.432492251561655
30.0,83.03672070914047
59.0,63.14582219503416
59.0,58.48671962526009
29.0,27.24438562993015
29.0,63.351931780103655
76.0,81.67354155947748
76.0,55.82676547265862
73.0,76.45383358798694
73.0,74.52180999655121
33.0,17.943170852804087
33.0,51.29010246017242
75.0,80.57175164374473
75.0,68.33546614010658
50.0,50.1762675723196
50.0,35.42239070847285
70.0,76.08248832288189
70.0,63.93373239099009
65.0,65.376600599744
65.0,69.47825014720547
47.0,50.52098318621432
47.0,64.67138675966652
73.0,79.38071108979045
73.0,29.290075781687392
44.0,49.192807297584125
44.0,51.008738704254256
68.0,73.67968851863805
68.0,41.49912134767982
70.0,73.58515877853364
70.0,64.2914800951554
62.0,65.90666313057523
62.0,60.01521076813657
52.0,54.47514006476075
52.0,74.90033159358353
76.0,80.32373199305522
76.0,26.946211957642788
42.0,35.59984345983975
42.0,74.08939610032468
68.0,69.35168473922448
68.0,35.81138526955465
76.0,82.88250760746456
76.0,23.61502287484751
86.0,94.0958225464642
86.0,72.98820597203468
65.0,66.89591538796839
65.0,80.94943763767645
74.0,79.86452595820128
74.0,55.58376117593491
47.0,48.08329072437232
47.0,30.87051915705763
25.0,17.50464193410994
25.0,74.31041342877995
70.0,72.26864500499681
70.0,70.25750709056723
50.0,50.34293234935541
50.0,68.91409794096671
74.0,78.23534855479994
74.0,55.46215485258
70.0,71.74113427538458
70.0,81.06764812242278
61.0,64.8885215052594
61.0,83.44779050177897
61.0,63.73229608934196
61.0,80.78575355218914
25.0,14.457617122352758
25.0,55.920503888312396
62.0,62.9740216348261
62.0,50.602957503703465
75.0,82.93708712763004
75.0,73.27348182757157
49.0,47.83709876423546
49.0,28.90914179876205
78.0,85.51679103108052
78.0,85.20971259613691
70.0,75.64168550607292
70.0,77.38659972691437
59.0,60.71320045579813
59.0,46.931932604097256
57.0,60.60271974467338
57.0,79.16910501751443
58.0,63.279986072669885
58.0,33.227074632267374
83.0,88.43534211992863
83.0,80.72679507935715
58.0,59.64249403735744
58.0,79.05820243758217
73.0,80.45757397228738
73.0,67.83346215595577
57.0,60.37752102513906
57.0,81.76600960035296
76.0,84.40642715678007
76.0,80.65014177786475
77.0,80.82183016315184
77.0,25.794912308894368
62.0,64.59728974332302
62.0,45.19002350191391
60.0,61.95862270241548
60.0,42.57583583919876
77.0,84.07561029590482
77.0,35.551191821462794
55.0,59.668098989026646
55.0,62.56856615578391
65.0,66.9596732435923
65.0,75.73194573258627
59.0,68.10776666096609
59.0,84.21069089677297
25.0,14.916823878607545
25.0,42.574999101761705
75.0,81.36243398537675
75.0,72.23929686995564
73.0,74.71117064672728
73.0,75.80803565403448
66.0,74.04343770431024
66.0,77.99121314611335
20.0,6.84298738203637
20.0,11.075477443441741
61.0,64.96753878565937
61.0,81.02680120838795
77.0,82.55217776932261
77.0,74.3854350599554
53.0,58.964836729961576
53.0,74.96249204469933
28.0,29.076554449947594
28.0,16.34801859854383
44.0,41.17422081108447
44.0,56.42909385011717
55.0,57.735106106109356
55.0,41.507354077471916
57.0,57.053808371403704
57.0,72.89069392690931
40.0,39.20108729662451
40.0,85.04159663991601
53.0,55.094167170957746
53.0,73.75885512472342
29.0,25.84739031661377
29.0,25.347864456914806
74.0,78.11142853924673
74.0,81.6613270361878
57.0,62.383183145239855
57.0,54.33634298514761
63.0,68.466243630708
63.0,49.86559354200642
74.0,76.43163974520638
74.0,76.61102897136499
69.0,77.66322652870036
69.0,76.44149363695965
70.0,74.98757744828634
70.0,41.95165096076886
50.0,46.80830104995704
50.0,84.7135386027872
79.0,83.79055052647243
79.0,29.68017275718131
56.0,58.64357407096679
56.0,68.76078024341149
78.0,87.41961769976825
78.0,71.03996632994097
57.0,63.646343059334356
57.0,35.6090993044491
33.0,33.738852656696224
33.0,55.87252221953082
71.0,75.59863888546613
71.0,78.43980288680632
36.0,25.014007207317775
36.0,46.423155350116076
64.0,67.72709130307277
64.0,67.82553063110106
63.0,65.12385836118631
63.0,75.89955185916659
80.0,87.36943682245919
80.0,76.16910949860619
73.0,79.75021445711582
73.0,31.36236018964604
59.0,64.02589054867764
59.0,89.73130466673484
76.0,81.91538635918789
76.0,74.76215674742559
40.0,39.516526533405795
40.0,78.7304126338235
42.0,44.268062869702305
42.0,89.35465133316251
73.0,78.87151744636384
73.0,47.071517696288936
68.0,71.20710077926452
68.0,72.81406459756244
77.0,83.60127256606938
77.0,69.44002098543882
66.0,69.75042726931844
66.0,67.97390093494585
56.0,59.75322437900371
56.0,54.9414617237764
53.0,57.60825119034962
53.0,46.58976748988647
39.0,41.06876097711046
39.0,75.5756672299234
68.0,74.12743787508936
68.0,73.72461317017888
55.0,51.16901666638444
55.0,85.05827782821456
56.0,60.488794102062
56.0,67.13517597290718
70.0,72.44954363886575
70.0,82.49870156391597
66.0,71.80548484188614
66.0,57.313336638277235
66.0,73.39933217261
66.0,58.55758835181467
69.0,76.59160699103677
69.0,89.36961521216341
64.0,68.86590539591094
64.0,41.11676475891397
69.0,71.21510605930263
69.0,42.15122856296438
29.0,31.752517040795283
29.0,18.761969457633086
66.0,71.49589919310932
66.0,59.60103680228275
40.0,35.60694131640474
40.0,59.00581360783457
68.0,73.50912163686553
68.0,84.55750226197529
55.0,55.06282567975228
55.0,74.84921959134658
56.0,55.63890019659152
56.0,61.69283580016236
67.0,74.01254796393914
67.0,69.86955362156726
49.0,44.76513949139428
49.0,77.33714970480298
41.0,46.17451025476191
41.0,24.86555485533728
67.0,73.49075813740319
67.0,76.8741892855902
74.0,80.37101652494073
74.0,73.19934099468031
65.0,68.45720072368744
65.0,25.30697052906362
28.0,18.761969457633086
28.0,44.31634852135704
75.0,81.50993614337648
75.0,80.76764228002145
84.0,93.57972624919825
84.0,70.4109134568767
69.0,75.91733143824871
69.0,81.50572084929985
63.0,66.32818271002373
63.0,39.42459508867205
73.0,75.50064077314039
73.0,80.92397816043297
72.0,75.35545199037045
72.0,68.01844682565411
71.0,76.86807232449343
71.0,55.572911212694976
76.0,82.1617015908443
76.0,20.577955074748843
24.0,27.944777287754732
24.0,45.13873452192291
57.0,61.14419565625843
57.0,75.06107176782518
63.0,67.09556119417499
63.0,83.09184686120818
51.0,55.5330109696514
51.0,74.85128171534927
49.0,52.35963822064872
49.0,30.13920115775852
74.0,78.92836343701998
74.0,49.58056954976587
55.0,57.25695244240086
55.0,45.70241583860496
44.0,42.218989903743875
44.0,59.2979596573133
26.0,26.579723099635885
26.0,74.00462752897494
73.0,78.27801564318366
73.0,78.7030871902034
60.0,62.13142077648996
60.0,88.618746288213
24.0,20.7969484333654
24.0,65.22847733525788
54.0,57.55612626612401
54.0,70.12230123836912
68.0,72.49527878459492
68.0,85.05247284647771
73.0,78.26381044730164
73.0,81.37470417382593
69.0,69.88260369123839
69.0,71.59569955566297
55.0,57.613835612134494
55.0,59.86868553897597
64.0,63.72624714937939
64.0,80.23827588027893
50.0,56.37328906098173
50.0,73.12439865746592
63.0,67.85761556308927
63.0,49.32104861686088
80.0,86.25274462656876
80.0,38.21443609318749
51.0,51.398384470274095
51.0,73.27188467697624
69.0,73.65334034765135
69.0,41.09812703518554
28.0,28.194471649668515
28.0,87.9861201608179
43.0,30.244017424088497
43.0,36.98648426686685
45.0,44.63384771732569
45.0,78.70748109168886
55.0,63.807038876601325
55.0,75.5740947760006
70.0,77.04239068819749
70.0,73.15222943011673
51.0,52.39734213502487
51.0,76.09397008210539
62.0,65.34233737696866
62.0,63.08131198315607
58.0,58.39561477734122
58.0,52.75652433593012
69.0,74.31721544352575
69.0,83.7683979553442
28.0,18.761969457633086
28.0,40.841260543879685
50.0,51.336353991224314
50.0,67.82392479837233
72.0,77.22474266256665
72.0,81.78776206085843
60.0,62.38277149026686
60.0,79.304532801211
64.0,68.92789244201987
64.0,89.61286640591976
46.0,46.898077782193354
46.0,32.00074593014443
75.0,78.7965104068719
75.0,76.56728508653327
51.0,53.597996984139286
51.0,32.36209520332733
72.0,75.62065077456077
72.0,70.5535079284827
80.0,88.36535578625671
80.0,71.57274262811262
62.0,66.7261772587371
62.0,54.251256784672194
63.0,64.81228342958855
63.0,65.31142839439747
61.0,60.99250011853627
61.0,66.38672774677264
75.0,80.7581187705515
75.0,61.889952699674495
72.0,79.45532364281542
72.0,56.54750780751175
64.0,67.72580196103792
64.0,65.72991943386319
79.0,82.94230261946291
79.0,87.34936757557165
79.0,86.93128701245689
79.0,65.91793460659073
52.0,46.94989218663602
52.0,77.71707178445757
30.0,26.127097864853965
30.0,74.66945224511528
73.0,77.7712269765072
73.0,65.75165472345799
43.0,42.15584940101883
43.0,89.65676433146274
62.0,65.13313203874463
62.0,61.1390214650898
54.0,59.414131449441754
54.0,34.22425240117843
50.0,49.43562266364336
50.0,74.94678952972936
71.0,75.50618474748359
71.0,64.80657087754776
65.0,67.3225287492445
65.0,21.78427594568143
64.0,67.83267545960189
64.0,21.663636851236447
50.0,47.122815794059534
50.0,82.59607298621853
65.0,64.88113075650409
65.0,73.4203132226155
64.0,65.93668027903374
64.0,40.80201338184031
53.0,54.53163714275723
53.0,28.664995893219384
66.0,71.97516733233505
66.0,75.4075439379958
58.0,61.688597730136166
58.0,43.44467688318588
49.0,48.997911085973385
49.0,57.900116475040875
60.0,58.433964100866945
60.0,13.271076634764825
42.0,48.56834307625519
42.0,62.569218554036695
59.0,63.797164463829176
59.0,64.74528147974041
76.0,83.18148801887259
76.0,60.33899107421365
65.0,68.84113299646208
65.0,67.87484896259059
74.0,80.21981474245507
74.0,56.21176875240235
69.0,75.510087813805
69.0,68.05655635730704
59.0,61.216003269584235
59.0,77.30188277772083
65.0,69.9938451150893
65.0,65.54027071981739
71.0,78.63794395863295
71.0,21.6414725935997
56.0,57.860564799221606
56.0,73.17533482678988
42.0,37.31707683360156
42.0,68.3311798127798
67.0,75.24212241384515
67.0,33.692527010590595
49.0,48.1141052920247
49.0,73.091139548363
75.0,79.79492506591907
75.0,72.20408909171329
40.0,38.56475651380316
40.0,43.042134665675405
62.0,60.7243385778217
62.0,61.288280412019276
60.0,61.815852023112086
60.0,70.00588881598242
58.0,63.590113500261964
58.0,74.9571467307843
64.0,60.17739235790481
64.0,17.983108994294184
26.0,18.445150375724495
26.0,47.84474321370459
40.0,35.923079599728396
40.0,66.30599903401719
64.0,64.80885851585447
64.0,66.24705416807251
37.0,37.800916298164395
37.0,65.92440587224979
75.0,78.81341295742618
75.0,52.86653316936605
78.0,84.0316702676613
78.0,54.56954551890561
47.0,43.32428536088162
47.0,60.67504820928656
65.0,67.28664368226225
65.0,56.68129420978494
51.0,51.745378624258706
51.0,68.90039447613594
73.0,77.59900136880981
73.0,31.391239523920547
64.0,66.44576654204263
64.0,47.08799370071017
53.0,53.453109171663584
53.0,54.126624088979725
47.0,51.87054292453416
47.0,68.23181479639163
34.0,32.87480632707201
34.0,31.64662638513505
34.0,25.06794326573163
34.0,37.72593249857323
61.0,67.30580209950301
61.0,41.53384365420686
43.0,42.73887311349063
43.0,75.03753143138465
67.0,72.28984345455194
67.0,54.51534712440235
65.0,73.24798757945399
65.0,69.54197027011804
39.0,34.85479541537103
39.0,77.32001707372086
29.0,19.386795231613803
29.0,79.82108761958688
42.0,45.051936944800616
42.0,68.05262572160615
41.0,39.99084565745818
41.0,43.9213584071436
60.0,64.38973242981604
60.0,57.07581001637283
65.0,72.45055125654346
65.0,61.53343917144224
47.0,44.79420637901558
47.0,52.82862446261578
67.0,72.34412122636849
67.0,60.01404281271596
55.0,58.672660957729704
55.0,47.96529401142283
55.0,59.952758060664394
55.0,60.196382844468246
27.0,20.30065465216842
27.0,47.340603222087736
49.0,43.26135751205095
49.0,67.61423894813902
67.0,74.30459247503654
67.0,76.85409770089313
62.0,69.38761570931808
62.0,75.87358839547096
70.0,75.6634595282058
70.0,71.62890775458146
63.0,68.61126541046036
63.0,76.70849611221496
48.0,50.56075610952945
48.0,72.5781087530263
49.0,48.406572582974945
49.0,73.93808772424524
58.0,64.1367681836764
58.0,47.53386284931514
69.0,77.32802773502078
69.0,69.25068480888399
69.0,70.98662457585232
69.0,77.83567918309632
27.0,19.386795231613803
27.0,25.78917715889372
55.0,56.88573401410554
55.0,0.3891700632966604
52.0,52.13771969452881
52.0,53.62873466750477
75.0,80.27633880930438
75.0,75.4971172486662
61.0,63.10426945776271
61.0,76.81158636734682
65.0,68.70053341838906
65.0,77.20026339395474
58.0,54.48146413083907
58.0,65.76126481348933
51.0,53.51527221483332
51.0,51.6732722330853
48.0,50.47851156111915
48.0,79.25606151605916
73.0,80.05732173272747
73.0,63.84747930122455
75.0,80.18410137008652
75.0,70.98341721201268
64.0,68.63103857280282
64.0,58.79533194687912
74.0,81.86509860422672
74.0,68.45361110577988
60.0,57.93369488448445
60.0,47.92856785796363
72.0,75.13515566976918
72.0,65.51442516151178
74.0,79.33749894374324
74.0,49.60189256385286
28.0,23.644378597044977
28.0,60.545574425783116
46.0,41.15984425575908
46.0,78.08436426264296
65.0,70.44905036840402
65.0,47.98066451044161
80.0,86.26138580146232
80.0,71.39728885208427
64.0,67.74129001733087
64.0,50.065656787613364
17.0,2.0486575875968924
17.0,68.9834632221336
69.0,75.19741285634336
69.0,37.14766354006048
41.0,43.18024000448031
41.0,80.24694004907957
69.0,70.98662548395725
69.0,78.82724731266035
81.0,87.85316558167318
81.0,25.588593697154863
61.0,66.90268317808335
61.0,44.28106251199864
43.0,37.41085109769739
43.0,19.99160975055628
43.0,39.58344996307659
43.0,48.141744186930396
70.0,76.65220260467993
70.0,49.70612245360894
64.0,63.73735955492435
64.0,83.53559292734309
59.0,63.953102603182174
59.0,66.1984994926255
43.0,40.94126533542732
43.0,41.97109937447806
61.0,60.89263532661397
61.0,64.74790263412689
24.0,19.59943402399017
24.0,65.82006880666285
67.0,70.09610289474233
67.0,80.2111144193293
61.0,65.20059837469597
61.0,30.15514834008269
60.0,61.360522583329555
60.0,48.314225603852776
49.0,41.9980921567506
49.0,62.761852848510614
53.0,48.325800278279075
53.0,27.519862864268703
54.0,56.81476237543319
54.0,26.217507456672877
77.0,83.04726279531855
77.0,26.388494172400385
44.0,44.146906905825574
44.0,30.6829095460522
26.0,14.251293893483421
26.0,50.10687184453042
65.0,69.28959110251589
65.0,46.589163369377616
68.0,72.85247118075097
68.0,73.87483749334058
77.0,83.40466565297811
77.0,56.11667503951685
56.0,58.3751132240335
56.0,75.04926933157503
29.0,33.07817631429782
29.0,57.39221871183838
65.0,71.51718446393733
65.0,64.18866605444691
70.0,77.80632079927437
70.0,59.7043519534742
43.0,42.57583583919876
43.0,75.14016066947966
46.0,46.71665573713864
46.0,70.26961151429367
57.0,61.86100698730911
57.0,77.62368053111567
70.0,74.92986238307446
70.0,58.79738856799679
25.0,25.68768198918582
25.0,47.24039259587937
54.0,52.28481631104938
54.0,63.93667623301576
67.0,72.03638786834267
67.0,85.911228308533
21.0,16.88688291864179
21.0,58.37313485700275
67.0,69.75967623129566
67.0,60.025768694442945
46.0,49.32007768376354
46.0,88.09369086781663
68.0,75.77242147493348
68.0,77.44592069764536
52.0,56.73251450967888
52.0,66.10048773255818
31.0,29.301638286275704
31.0,75.99756535810224
73.0,79.759189526093
73.0,42.634543299526456
61.0,61.14007171972918
61.0,77.4876253905988
64.0,70.575293119545
64.0,70.3101188813144
58.0,63.348443107272544
58.0,59.6551895875175
58.0,62.126341651064024
58.0,37.7647052603682
48.0,49.456289028898084
48.0,50.59466463719889
20.0,14.261221945997306
20.0,41.41197613111353
61.0,61.54939642288036
61.0,39.546765167244075
52.0,52.525655919489225
52.0,39.09152886572048
75.0,82.98050894231483
75.0,70.40243499397616
55.0,58.384472910142506
55.0,52.63701397345176
8.0,8.883373449346152
8.0,80.3552348051357
78.0,85.00333295707304
78.0,76.38914450879395
71.0,78.35497556605719
71.0,66.64335590338635
73.0,78.02913773775697
73.0,64.31505500584149
55.0,59.819984703722014
55.0,72.59840384071998
68.0,72.52188610642105
68.0,66.43947641963211
66.0,68.99827024022795
66.0,66.82343977419765
75.0,84.12522020441804
75.0,62.76356452393941
68.0,70.28434053535318
68.0,68.80904583171986
67.0,74.10553465773165
67.0,66.18574006739107
62.0,61.355855720208524
62.0,45.14516195122616
67.0,76.49133550537329
67.0,51.540154057118116
64.0,66.72594451594415
64.0,51.59322618359124
57.0,53.239701890637434
57.0,50.3953349027268
63.0,65.66948080680612
63.0,82.1355840417994
47.0,43.89449056270746
47.0,42.397566937975455
68.0,74.72935941092709
68.0,76.93993394236281
74.0,81.73260684755934
74.0,46.76370178124745
57.0,63.03125491917797
57.0,80.52425576959445
69.0,77.45924768536173
69.0,63.587123679026945
76.0,83.72725543959905
76.0,46.23919933404517
71.0,74.50240031303446
71.0,50.51639156546321
53.0,56.86860547203975
53.0,63.102379047975546
57.0,61.48452615458103
57.0,66.80659666834902
65.0,71.52783028706057
65.0,60.59597490762093
74.0,80.05969856728609
74.0,64.81849803685441
37.0,33.65917530941505
37.0,68.52821002970359
54.0,54.30037134821674
54.0,32.71671438463005
39.0,24.577200802568996
39.0,82.59181605432661
84.0,90.91498270577836
84.0,55.688382044994455
64.0,69.44026664513632
64.0,58.80885934821214
70.0,78.84911477761926
70.0,10.156709789094236
65.0,67.23955032945088
65.0,77.63454031197682
71.0,76.77806405322633
71.0,88.9439826072475
45.0,44.63384771732569
45.0,59.201721316057956
29.0,26.783019227984425
29.0,35.0532063843055
65.0,66.25946959720625
65.0,76.28054880469637
64.0,68.20724086971171
64.0,71.97574632688611
47.0,44.216012502934575
47.0,58.037227631030134
73.0,78.06403264872728
73.0,35.159606280240325
38.0,31.892383192795705
38.0,72.1317812251433
69.0,78.08483987285996
69.0,64.6245466168827
61.0,65.87844728336967
61.0,68.5038049446947
34.0,36.01495929918946
34.0,71.51072776502673
65.0,67.00818643537929
65.0,26.331763608792983
71.0,76.98043804141633
71.0,71.67192273594179
79.0,86.71082252515424
79.0,34.995015092127574
70.0,78.28648617062498
70.0,52.585866951253706
75.0,79.99362698913802
75.0,87.19994224451472
43.0,43.04414213157435
43.0,52.60915450676822
76.0,84.86865071801572
76.0,56.723905009208636
53.0,52.42923942078909
53.0,69.18075258462392
56.0,57.99344501711107
56.0,38.5242137427465
68.0,75.25553550323633
68.0,89.99814185786988
70.0,72.6369152248011
70.0,79.90105314780135
30.0,28.262674363045505
30.0,8.997039390438033
58.0,64.52521447651708
58.0,54.82065871044978
71.0,74.30128250018493
71.0,69.08234620330785
52.0,51.05103142925822
52.0,81.53196899968424
54.0,53.76092060598825
54.0,53.75065468962322
67.0,72.53491946748488
67.0,36.23651174265598
64.0,70.6833497802819
64.0,27.52777227474371
83.0,91.18253504696355
83.0,66.69234581580076
69.0,72.9213920482049
69.0,80.57598247553909
58.0,63.190526775371666
58.0,62.79813919194555
54.0,55.38887879055733
54.0,70.238697357565
86.0,92.8434446744784
86.0,77.4489033333266
58.0,55.5446131591591
58.0,47.655138388402065
66.0,71.38452906564214
66.0,50.63791614264176
50.0,46.60651300056969
50.0,40.28319786962794
34.0,28.051489996572172
34.0,63.80024089929577
71.0,80.74647813777574
71.0,74.93326378285218
72.0,76.25184689343592
72.0,20.281079179453116
68.0,72.4702720770361
68.0,77.07035454461226
59.0,59.76473432122839
59.0,53.00049486073323
50.0,42.553516096827366
50.0,80.96242708653665
19.0,26.695348171555338
19.0,61.76833262769162
83.0,92.30172387318561
83.0,79.51358448574024
73.0,82.36112946126565
73.0,64.87752431913441
67.0,66.83753233472743
67.0,71.74780193111127
30.0,23.266914963286524
30.0,85.62670671747117
72.0,79.54888200982015
72.0,34.98260207929002
65.0,65.72361665248116
65.0,77.98798622845823
36.0,25.87911277518731
36.0,56.82582712730158
26.0,20.030772765178426
26.0,67.14664543934794
67.0,71.51381418252475
67.0,68.668200262119
67.0,72.34008542846215
67.0,53.20719960243338
68.0,73.5564528116007
68.0,78.32443713539999
73.0,75.80231716565925
73.0,60.68281792036629
69.0,72.66164779081925
69.0,76.59361388950464
75.0,82.0382915738063
75.0,46.25204114481329
37.0,31.04219332610063
37.0,82.94251325964586
45.0,45.75294233243716
45.0,62.925635238977065
70.0,75.16451319418735
70.0,71.96811410143403
71.0,77.10339418553167
71.0,17.615977417707597
71.0,74.16145327331401
71.0,75.72585184212642
72.0,77.31649168803608
72.0,60.53409358867788
52.0,53.08765241304445
52.0,62.36427757268211
73.0,79.77856047385058
73.0,74.1668296394214
57.0,59.00656924079527
57.0,61.663888036186734
67.0,67.15215285233938
67.0,30.45243385761131
49.0,48.609944527247535
49.0,71.19133008051824
59.0,61.78009793279193
59.0,54.207514127050615
73.0,75.25595075629616
73.0,84.69875083155057
36.0,43.6394077843824
36.0,42.42006072307498
47.0,39.18026567880423
47.0,54.57617095649857
79.0,87.37354901092277
79.0,54.42577952193818
39.0,37.51748219374366
39.0,80.32571642739725
62.0,62.65073049235684
62.0,76.29921960028963
71.0,74.69945774073113
71.0,32.753198104843364
62.0,67.13930211056584
62.0,73.62832358782043
12.0,6.7799659009361335
12.0,53.1254671016888
53.0,56.30359753515933
53.0,66.20487170010773
65.0,71.52730479162176
65.0,54.7769241224409
62.0,63.689924694234435
62.0,68.39428630596518
55.0,58.204518473709754
55.0,35.498274179865575
29.0,32.73244177799114
29.0,77.55163406919348
65.0,68.87535687112143
65.0,73.40145029858473
56.0,56.12225693824769
56.0,51.143570171353986
35.0,40.73836443492536
35.0,14.700679719147445
81.0,88.52402670304093
81.0,76.42293802611647
66.0,72.02793051576259
66.0,44.74362479097948
24.0,15.426919703544797
24.0,80.19132044316058
58.0,59.444964157314814
58.0,73.67684578929027
67.0,74.7995885404452
67.0,63.72824406509881
78.0,87.15834896405778
78.0,63.25907847548075
51.0,51.30667147328444
51.0,19.011197187473726
78.0,85.77114138842501
78.0,72.5380241418718
72.0,76.91608273529607
72.0,47.4028849530352
67.0,70.41558589328662
67.0,28.088554023861434
43.0,46.49306545259594
43.0,57.68038664121167
71.0,74.30328250454033
71.0,53.345559287228696
51.0,58.27026749203384
51.0,78.50939213353098
10.0,6.9736382979533005
10.0,49.39754228627379
67.0,65.35087220499292
67.0,79.03535177920389
74.0,78.29738348332182
74.0,57.86950692380043
42.0,42.58031241316064
42.0,42.33889367610203
63.0,62.9911129065714
63.0,71.1172982981982
77.0,83.01941751021218
77.0,70.96784943599499
54.0,58.12209945281984
54.0,72.60287749165138
34.0,29.005243602247106
34.0,70.01745475546022
68.0,76.66220672340467
68.0,21.17111382199829
55.0,58.46983997817398
55.0,17.94033760525076
19.0,16.26266776565086
19.0,52.031604776598215
62.0,64.37867843028516
62.0,69.68387311935112
55.0,52.8510171940012
55.0,32.9003609802985
66.0,68.81208765551969
66.0,47.782705291144055
73.0,78.33746796070488
73.0,19.745549001252357
70.0,73.08547033012786
70.0,51.92975694762134
48.0,48.29647768685106
48.0,79.52798099844352
58.0,65.76081333601627
58.0,49.17220671866937
58.0,61.64081959898675
58.0,70.09555764971441
38.0,38.105561695299684
38.0,69.63286493666794
73.0,77.32469341143747
73.0,50.007146386611566
50.0,46.16499321918616
50.0,70.27249461536223
65.0,73.75867302803869
65.0,78.78974449621307
73.0,77.57863134263312
73.0,49.23547929474216
73.0,78.07689842900822
73.0,41.41197613111353
61.0,61.29228672454025
61.0,74.43407650650403
70.0,72.3911013492251
70.0,73.86137518333572
73.0,80.19228933501557
73.0,66.96703310413596
51.0,54.356518644157006
51.0,22.342829969197737
24.0,23.395935506270405
24.0,62.29237824260696
66.0,69.84639867816088
66.0,70.50630543429673
61.0,66.48428694913645
61.0,24.963520113924062
58.0,60.62919527847788
58.0,79.5657488368181
41.0,41.621317611489474
41.0,78.34339032474992
71.0,76.92150625886711
71.0,37.28628170668469
71.0,77.41550050933432
71.0,76.08410433466935
55.0,55.524020528758115
55.0,55.28722234436066
73.0,80.72777499120019
73.0,53.13911698751377
78.0,85.63945113574857
78.0,74.72346720200596
69.0,74.3412169138299
69.0,16.345686729083297
68.0,74.52818710945218
68.0,34.73558825199069
62.0,70.68566480859431
62.0,71.80595678411339
39.0,35.6090993044491
39.0,82.17202456643122
24.0,12.034351221526833
24.0,75.81375991863746
53.0,50.51178561533186
53.0,65.9421702759966
71.0,77.49382245002448
71.0,67.48170335908026
78.0,81.46430492934769
78.0,70.18509552941015
75.0,79.99978482821888
75.0,83.14479369948634
43.0,33.86161965188802
43.0,27.519862864268703
71.0,74.4126929706909
71.0,69.91160590794266
60.0,61.73842769133722
60.0,50.74556821498521
71.0,76.99434295022456
71.0,37.995380794227515
19.0,20.804535238305448
19.0,53.274188489279595
30.0,25.700671827743122
30.0,75.0075623974164
38.0,33.85434765610415
38.0,80.36502907313246
68.0,74.46731173655502
68.0,53.71931519840052
63.0,66.87987621091054
63.0,75.94653704388958
35.0,24.276999078193057
35.0,50.17564657929262
68.0,74.7490358620978
68.0,37.1351735857225
72.0,81.29875275420437
72.0,72.2270646802989
75.0,81.13810372994146
75.0,55.03436705807371
61.0,61.72413921647632
61.0,75.15168195456204
73.0,79.37198708698054
73.0,84.0794742025364
64.0,71.03937617745368
64.0,76.33033495381602
54.0,53.325762024121104
54.0,62.154619306523614
50.0,53.69996245513778
50.0,79.38777168938583
54.0,59.73654307907208
54.0,70.76657150381266
46.0,40.069502423402014
46.0,79.84324552748268
67.0,71.78221247015853
67.0,88.04985830682199
69.0,73.69926335214387
69.0,62.064042985268316
66.0,69.58167907107054
66.0,51.51621095382757
65.0,68.90248955896323
65.0,65.20948147343512
46.0,49.630363352716245
46.0,76.8271812916538
72.0,75.43443676141993
72.0,78.35436540844802
53.0,58.8319018549123
53.0,62.40561742763833
31.0,28.880135568165542
31.0,68.59619705461438
73.0,78.30283505724321
73.0,86.33834132620291
71.0,76.34777749615517
71.0,79.07452491262433
64.0,68.89058939509295
64.0,61.57256292322268
50.0,50.81800398350646
50.0,63.74050481858774
72.0,72.58454407963586
72.0,88.76740073953812
60.0,60.80236189683558
60.0,68.45279358338888
49.0,51.92840768696993
49.0,86.16008982998261
62.0,65.84377957516745
62.0,24.4572323442556
65.0,73.87430624691035
65.0,66.80698394685373
55.0,55.06282567975228
55.0,64.51747460546943
31.0,25.62644070357203
31.0,26.244788052304045
28.0,20.40059625031381
28.0,83.11276703432509
61.0,65.26447132758642
61.0,18.484813737379795
56.0,62.44109229638252
56.0,54.72096062760187
38.0,30.382982077825943
38.0,54.95446093262859
74.0,81.49123148090291
74.0,85.44242096031957
24.0,15.069264847279953
24.0,44.38610277768555
63.0,68.2902704387651
63.0,46.61990958200971
68.0,73.86253446326748
68.0,70.617765876443
82.0,89.44185208953371
82.0,22.762543323754926
57.0,57.23616860502
57.0,75.16726267426782
47.0,49.43546695217037
47.0,55.53806864373979
34.0,36.30748835206941
34.0,92.55029713319897
74.0,78.82256907691777
74.0,48.85799699762532
52.0,52.41215508224417
52.0,73.90783956135476
45.0,45.5305293885516
45.0,48.524718299709036
79.0,89.32500423682012
79.0,60.00079752915008
33.0,37.92350810580422
33.0,79.21535195030043
78.0,83.83546597013151
78.0,66.32083711899384
44.0,45.985300565334626
44.0,66.74672496322995
61.0,65.53351130765634
61.0,56.55981229643987
50.0,52.21847145673314
50.0,68.49243457139443
37.0,30.15514834008269
37.0,51.57322829226075
61.0,63.36250393518242
61.0,19.25688693100824
71.0,75.06841716907246
71.0,62.26614630782393
81.0,90.51072927098255
81.0,24.210936822019676
66.0,70.62763940380535
66.0,54.80681068601558
65.0,71.30244338111487
65.0,54.25419302975831
55.0,60.86679850482108
55.0,79.49973618158793
72.0,75.6032634259492
72.0,55.35710281942687
73.0,78.50311257103601
73.0,51.81977375235192
62.0,65.07266261982687
62.0,67.26421666777065
73.0,75.4540652853795
73.0,32.884447160666184
16.0,2.2780452908085635
16.0,75.75067458140893
60.0,65.00485980720686
60.0,47.40725731203145
65.0,69.16033080455156
65.0,67.3457682192527
42.0,45.645741299247334
42.0,97.81832918466188
59.0,62.869304142279134
59.0,52.364786549487576
51.0,49.87438358622387
51.0,69.4269091324619
66.0,73.03012333586656
66.0,71.91717812166115
74.0,82.3905215098132
74.0,37.46214320152211
67.0,72.24649461491077
67.0,78.44947061664163
38.0,40.777755789450225
38.0,48.579350998054394
76.0,77.96233325424623
76.0,9.753207939415518
17.0,7.958882138326146
17.0,56.41624242678205
63.0,63.08936070396919
63.0,67.14757723045881
69.0,75.29459140502757
69.0,56.8126539496526
56.0,56.80823789751258
56.0,73.2340485316908
72.0,78.6000043065078
72.0,63.68312523915017
76.0,78.96530969243878
76.0,54.50137847223732
73.0,77.07109603369668
73.0,78.21701340922175
65.0,73.18018482536718
65.0,60.09025330600389
66.0,69.4015489301895
66.0,71.13905887030597
38.0,40.10470690408596
38.0,71.1208116481373
45.0,43.14234856341642
45.0,66.47703036416755
73.0,76.77428447189749
73.0,33.89181969422333
64.0,68.19480834448882
64.0,59.11658693522395
71.0,74.88163757706639
71.0,76.12999523863948
26.0,26.27853871959519
26.0,49.378312793619216
58.0,62.37140850723222
58.0,69.09192974064842
64.0,66.56878263829987
64.0,73.5444023567922
45.0,48.70912511244535
45.0,95.33341725395525
38.0,30.40878082606855
38.0,58.004577343379765
51.0,50.941411393617614
51.0,69.36262825073351
56.0,61.27349973030158
56.0,64.04486097158741
68.0,70.61832546217977
68.0,49.26088228428017
70.0,75.55184607171401
70.0,20.57012313499729
62.0,69.91285809673661
62.0,80.42602580313445
37.0,40.5469303861301
37.0,20.44696747719155
70.0,74.7236582775123
70.0,34.198811111890336
74.0,80.9400090753411
74.0,72.08906721738714
55.0,57.929904184677014
55.0,58.33202590625365
38.0,36.894927145310305
38.0,81.07459670647245
60.0,58.837171513297505
60.0,75.5020778424605
72.0,79.55194412031017
72.0,68.41359676889095
14.0,19.06377447968771
14.0,74.63141826037412
69.0,71.14148396853147
69.0,60.42705299971692
77.0,83.9035426393919
77.0,50.840607433976515
72.0,76.34025149876828
72.0,16.844636791619905
40.0,40.25097052893341
40.0,81.21749924871301
72.0,79.056279218942
72.0,45.668384367228214
49.0,48.72783248551167
49.0,55.39698254869154
56.0,58.02840849670963
56.0,43.88073856467116
49.0,49.114225646981254
49.0,80.09052892013273
72.0,79.16025883208283
72.0,28.65053532000161
80.0,87.87781168926335
80.0,76.81107983897249
73.0,76.83290021907442
73.0,68.47161027617477
33.0,28.719710737161847
33.0,34.09112733770678
74.0,78.7953794940965
74.0,64.67585779121623
65.0,69.37288719733306
65.0,43.203622278297246
57.0,62.500706570765544
57.0,65.44837397131522
68.0,75.50958062769166
68.0,39.66208069508184
73.0,76.95421252410438
73.0,77.849178045994
63.0,67.25366641671428
63.0,28.656928465594774
68.0,78.44158379905093
68.0,70.65115048917949
33.0,27.141392462423028
33.0,77.55430762557961
54.0,59.1705838432286
54.0,5.395669454291692
53.0,54.53859839575034
53.0,61.259025489471924
65.0,67.25097663859856
65.0,57.922051886508086
29.0,25.22319960616437
29.0,54.336796829801074
74.0,81.57805337850277
74.0,69.78327488142207
53.0,55.94079526073119
53.0,69.88485532751895
67.0,70.8555962595139
67.0,51.07446423467121
72.0,75.30816687370373
72.0,56.094253673147705
38.0,39.27919740015409
38.0,48.1868961143108
55.0,55.66962866286849
55.0,68.58598799680203
11.0,1.802137932411938
11.0,74.00225953778295
32.0,24.136476781715885
32.0,96.1395186504837
76.0,83.30729049451702
76.0,67.03988804571725
51.0,47.883654202525065
51.0,26.1652776958706
57.0,58.62487009530696
57.0,70.54412615244695
74.0,77.82861568602777
74.0,72.45401962261263
66.0,71.23577576556363
66.0,77.0208923359059
41.0,32.99866672093282
41.0,42.02160982242708
64.0,69.24751497011022
64.0,67.07093871502627
46.0,44.649314620878215
46.0,52.626976330605544
75.0,80.6963190821312
75.0,34.4274539198089
68.0,70.84024581541706
68.0,54.29656960290873
68.0,69.95878393865854
68.0,70.06528694222499
58.0,59.44017252497997
58.0,73.26210606092695
68.0,75.38792448526164
68.0,74.7523247889834
53.0,57.299468038128566
53.0,83.43121260468428
64.0,66.71746693342664
64.0,48.32232088694195
52.0,58.038239512683504
52.0,42.86384768350803
74.0,81.34690932525257
74.0,11.354256899723623
75.0,83.27196849633918
75.0,75.51524633031033
70.0,78.26679782824982
70.0,36.32592343820892
69.0,74.25859001323755
69.0,68.40073554326676
54.0,57.75229752245781
54.0,30.76166731458568
71.0,75.2220058539786
71.0,67.1991568023634
74.0,80.49626814141385
74.0,74.18718302238614
52.0,56.2735756053832
52.0,86.3942070386392
66.0,75.36261866641007
66.0,82.23783388702287
69.0,72.72709900701841
69.0,24.8837604002116
63.0,64.14941821585421
63.0,37.657797104799215
22.0,16.650773301709478
22.0,69.85324751844666
59.0,58.38865539245131
59.0,67.95879742291521
67.0,68.26045164646047
67.0,90.10370039972594
62.0,67.84007481495257
62.0,76.77767312636928
68.0,70.05550945174491
68.0,79.70120272010337
48.0,40.913761192387085
48.0,62.83110140691258
73.0,82.30302079154785
73.0,75.3092378359051
48.0,44.00006124297289
48.0,49.82373165971302
31.0,25.924094898306237
31.0,49.32827244779202
67.0,72.2127713776568
67.0,31.496556656309167
40.0,39.04194210845054
40.0,89.23254733182716
68.0,73.93871710375925
68.0,64.23150333582623
84.0,90.1260676918281
84.0,43.421858561437205
54.0,56.42248201118173
54.0,31.082521198032055
68.0,73.84029643052298
68.0,24.683817752219227
47.0,43.293208091605266
47.0,69.73325768231916
59.0,61.50451800398713
59.0,80.76447576743931
71.0,78.54087427344336
71.0,76.32980713327737
64.0,64.27275985971289
64.0,37.06797759834171
55.0,61.12950088305604
55.0,87.16576710708568
70.0,73.07939867346761
70.0,33.877387787209614
76.0,82.02587949680992
76.0,71.14552500864005
71.0,80.40072998404418
71.0,88.73582902781698
27.0,14.280761211009747
27.0,66.27638925431921
58.0,61.354583721638505
58.0,52.73062791758923
73.0,78.26253516783191
73.0,62.72865411818037
72.0,80.15083449222175
72.0,68.82672734149583
57.0,61.203454653613846
57.0,89.81942978088864
55.0,57.05670597896682
55.0,50.439093565381086
39.0,37.61283650225397
39.0,70.91289594565745
64.0,63.92628377696195
64.0,84.57400232068778
59.0,63.4610678040911
59.0,67.26903004948969
73.0,79.02476742287968
73.0,68.64578449121359
55.0,58.65148555797572
55.0,77.91571189398513
70.0,79.25545516508072
70.0,33.070844566909614
65.0,74.33469381008047
65.0,34.2714017104484
77.0,83.93218644609902
77.0,67.81173221194001
51.0,54.324835981018396
51.0,73.15121164331754
14.0,1.5939321742898187
14.0,80.67785246105234
45.0,38.81844913170016
45.0,68.28636413119898
76.0,82.41614404004844
76.0,51.52359412720688
74.0,77.86266603505823
74.0,63.77534767492483
58.0,60.60208734516954
58.0,75.2101364981263
67.0,68.93333472989389
67.0,45.656365985177445
51.0,47.545289435089614
51.0,66.58056960146678
67.0,68.6357314317321
67.0,64.65146666961942
82.0,89.99013906183069
82.0,45.02288998101176
44.0,42.123278719263
44.0,86.63835709655564
39.0,36.426069533834266
39.0,8.523044069601042
39.0,41.087987311599875
39.0,77.0009451447699
73.0,77.70307633927649
73.0,81.1308100938083
75.0,83.48738354462273
75.0,47.85831102968666
76.0,81.58916824404531
76.0,82.5482797668842
67.0,71.01996916134311
67.0,80.33791861374698
68.0,75.08135272723246
68.0,57.26135924173184
58.0,62.85900919153738
58.0,79.16474929446628
58.0,60.579574467168754
58.0,79.02310725846718
67.0,72.65180610839946
67.0,86.49629058575283
52.0,50.7618272993775
52.0,69.7246798929595
71.0,76.48114657266223
71.0,39.5688778304189
59.0,65.6825288950775
59.0,89.43854442209795
54.0,61.31191784656659
54.0,64.56511194926554
75.0,83.22831120879016
75.0,77.13791608508876
68.0,72.57160737219368
68.0,79.59522594064515
66.0,68.23527490170613
66.0,74.31552210182775
56.0,54.41054080978125
56.0,59.19268017492669
73.0,78.42795020517326
73.0,49.81935786022865
79.0,84.95150250505225
79.0,68.35104646042834
41.0,38.80369415665882
41.0,68.73069902319867
40.0,42.51970766598049
40.0,68.30376065688853
66.0,67.61049453994366
66.0,80.60737192249422
68.0,73.69716022585766
68.0,63.343934328992304
47.0,44.22775195817485
47.0,53.68461147274661
76.0,82.01908256637205
76.0,79.280202291428
68.0,70.81923297750575
68.0,57.70653461977338
20.0,11.540026150851475
20.0,72.52596103781053
67.0,72.96094259098498
67.0,56.70076319600918
70.0,76.66156677739053
70.0,59.48613520197023
29.0,33.81538706614975
29.0,75.73465158513739
72.0,78.03718868724945
72.0,70.47957095288899
52.0,56.57967588537366
52.0,56.39905567981299
60.0,62.667221440075195
60.0,55.96589490632874
79.0,84.8091398718928
79.0,71.60895203395984
65.0,70.57222767414777
65.0,51.30667147328444
65.0,68.19511786625526
65.0,25.54821461745712
70.0,76.06319472539445
70.0,73.15928686151682
74.0,77.71141813414351
74.0,74.9715707462421
61.0,66.75517156278573
61.0,73.18183982308727
57.0,57.98264998736414
57.0,58.03960152333923
51.0,52.506345686249006
51.0,66.56058452599518
51.0,42.26537934042841
51.0,83.20770049445304
64.0,66.38173494512995
64.0,73.80657348094098
72.0,77.3892934482891
72.0,55.04598260985148
73.0,78.73466567067135
73.0,72.00229911137973
58.0,63.517362358052594
58.0,77.94879956111009
54.0,50.55646852553474
54.0,52.920911638331745
51.0,59.63148498941365
51.0,38.625347947171235
54.0,52.56694283929187
54.0,76.87829853973597
53.0,52.665531712145594
53.0,60.089331595291924
69.0,75.94523076092753
69.0,77.06394079040035
64.0,66.80899230368999
64.0,82.13895372905074
46.0,44.15988376632458
46.0,66.26838371323424
75.0,80.34642870148372
75.0,49.82064547589346
19.0,14.208766775822028
19.0,20.56798563922314
55.0,56.21838784923426
55.0,12.754217894814587
73.0,79.91654570300801
73.0,81.65337699672375
67.0,73.21256647008255
67.0,27.667034806115907
55.0,54.813665092863346
55.0,35.50949079145744
74.0,81.86659484744501
74.0,3.6381660749178764
49.0,53.78264213578831
49.0,45.43530512893784
63.0,64.41853411225947
63.0,74.83331075931494
50.0,57.28935316659846
50.0,58.898810420204995
67.0,72.21228013650511
67.0,78.10401845973763
63.0,65.78439336793639
63.0,77.20714454977042
46.0,41.66083641229693
46.0,63.96096939208718
28.0,20.810487892051412
28.0,60.8001732635222
72.0,80.50090189407899
72.0,82.04684377556185
65.0,66.96377255903809
65.0,64.64841345460019
31.0,28.275816848348654
31.0,58.139289390526585
79.0,85.8239751443898
79.0,61.26459443006678
70.0,74.34834190761654
70.0,71.55602532313208
40.0,36.122112634850225
40.0,63.351454100204535
51.0,53.552823662073024
51.0,80.28628072441273
63.0,67.60215186642529
63.0,63.491510648771396
63.0,67.57192089309615
63.0,63.025524689454755
54.0,55.865075776199376
54.0,69.2276319986729
46.0,43.772329748359596
46.0,66.39359497758363
71.0,79.21150048408794
71.0,70.81387354051304
49.0,50.732110231645606
49.0,70.73653027054854
68.0,74.07307114978977
68.0,19.77404557010982
74.0,81.53118843374716
74.0,29.807872504154375
75.0,80.80954452307031
75.0,83.70665126778533
45.0,37.00412181619163
45.0,44.628796972759005
49.0,53.6488994555595
49.0,66.17901023814039
76.0,84.55460400329463
76.0,88.318970320966
48.0,43.35463979461264
48.0,61.43693077697907
69.0,75.10782048052016
69.0,71.53175216437165
25.0,18.40480697898954
25.0,80.82482533177568
59.0,65.43465200560928
59.0,59.50754460034102
72.0,79.30855310044319
72.0,51.698359934140115
76.0,81.1258067144804
76.0,67.95261381963002
68.0,72.43953118423207
68.0,56.42848119868705
72.0,77.07173585233119
72.0,86.09390096254629
47.0,48.01100928628142
47.0,42.50666299145814
38.0,36.425056746942005
38.0,68.74348534469004
58.0,62.22730547335033
58.0,71.09599609007438
56.0,60.60175888179879
56.0,87.04530973625089
61.0,62.18239191068051
61.0,71.00574464257545
50.0,48.95555917156247
50.0,62.30707130442494
61.0,66.1638649445589
61.0,66.78855798725698
73.0,83.1974482686349
73.0,70.16121468638028
64.0,66.41010709763799
64.0,55.771570453787604
65.0,68.44816554976524
65.0,73.59444920603232
81.0,85.3793356965711
81.0,51.583187331668626
76.0,82.72519568775522
76.0,84.95176288272091
70.0,77.29243843039444
70.0,58.73320318198557
76.0,83.22172744808341
76.0,74.36456558124462
50.0,51.606245995790005
50.0,47.464278256983334
64.0,72.4660562516043
64.0,46.01120011609805
49.0,41.08332788513064
49.0,73.97035979516971
35.0,35.66288331959811
35.0,80.11152448154144
64.0,71.49360956380906
64.0,32.34626645885288
47.0,42.45849408980911
47.0,79.44167503960887
67.0,75.13927815024584
67.0,44.06959100878987
72.0,79.37954621479093
72.0,88.00803929774656
55.0,56.091586035566536
55.0,28.910167288944535
52.0,53.5192856633808
52.0,44.774475186599545
33.0,35.922505711871736
33.0,64.86923806144404
66.0,70.1032963938195
66.0,34.6561362251137
15.0,15.797006212508677
15.0,81.08408665423264
75.0,82.92159914481238
75.0,26.692651394978327
30.0,25.252705573631374
30.0,73.34788659832725
60.0,62.45733869049087
60.0,68.73565266599286
67.0,70.18902229152548
67.0,56.662350543911316
76.0,82.40657405933945
76.0,56.763811103542764
62.0,64.15398346320973
62.0,51.66917287765841
59.0,61.90643856723915
59.0,44.37490062460796
63.0,67.00580695729985
63.0,53.33482172004051
57.0,64.23390086906755
57.0,56.95678486166395
66.0,67.94196167916436
66.0,45.491911470769764
36.0,35.61115656989256
36.0,26.62047571102545
72.0,78.37650739455188
72.0,49.152382192303094
73.0,79.6244907158777
73.0,81.22379692302593
43.0,49.253439136634654
43.0,13.254129972679095
25.0,20.911392706132233
25.0,50.62931545459253
55.0,61.73896119702039
55.0,83.799985557573
45.0,50.32506117406683
45.0,68.6293636856737
67.0,69.87772766744877
67.0,48.98136252038478
55.0,57.223472414447656
55.0,27.851116008991312
31.0,28.40801050721052
31.0,84.81262094061873
22.0,13.635623168472762
22.0,49.28532389498781
70.0,75.27620872844403
70.0,29.670839754998553
55.0,61.349014377156095
55.0,75.35369404274985
19.0,21.431877160980036
19.0,65.98043596027958
70.0,76.24903530369147
70.0,33.186187682976254
49.0,51.880673442663294
49.0,74.71153249464686
61.0,63.86996060697521
61.0,64.3229242843907
46.0,45.443240769927115
46.0,67.6770901870766
50.0,50.15618821266793
50.0,66.83753233472743
65.0,72.61060860254543
65.0,85.99096652904291
68.0,74.44120411823968
68.0,82.94135045823327
68.0,78.69392952381179
68.0,66.21200957758731
70.0,74.33532897262404
70.0,32.37251919220779
56.0,59.80908090655015
56.0,74.44666326318725
75.0,81.2846248934328
75.0,77.40785782029548
53.0,56.799932096169016
53.0,80.7490835969208
58.0,61.62910390758077
58.0,49.26177443418055
74.0,78.52686141187326
74.0,43.535790741136054
73.0,75.98714692351007
73.0,49.5772372895035
49.0,50.35385024227378
49.0,74.68953050695865
63.0,70.24240403085025
63.0,73.04564484215183
43.0,44.784111053844015
43.0,53.94573697216214
71.0,76.94515976773573
71.0,53.46266912725349
38.0,37.67919681392186
38.0,64.94473561277493
62.0,66.28344351098917
62.0,18.16012869695578
58.0,60.821994589595306
58.0,62.191253371023265
21.0,8.764302458656005
21.0,66.24085167911494
36.0,25.5305619942921
36.0,76.85678074507086
72.0,76.56601223263476
72.0,70.85085729288659
76.0,83.11354299105517
76.0,76.89989032717
59.0,61.36844367703861
59.0,12.291653426232642
65.0,65.04696368837818
65.0,70.40970425863662
30.0,27.837794665001354
30.0,72.89932737656551
66.0,72.68057134047092
66.0,76.96508116147794
56.0,60.70241624013158
56.0,65.26717703200114
66.0,73.84024665850643
66.0,52.98230904726762
67.0,71.93167970647067
67.0,61.55151068377779
78.0,86.41037851924898
78.0,37.08896066504735
57.0,63.05885405437317
57.0,29.690350694542133
67.0,69.97456052827363
67.0,84.03968466816292
81.0,86.83132585913626
81.0,74.2708777446403
66.0,75.02233557901377
66.0,73.97495085513253
67.0,69.57746509281202
67.0,68.45547990980612
63.0,67.86135103527192
63.0,10.283467850093416
32.0,34.39390603632222
32.0,69.76335725361542
67.0,72.69031630317801
67.0,80.98805277247828
49.0,54.18238996732089
49.0,7.289595691699446
70.0,74.48189125868612
70.0,59.50862442685735
64.0,68.88655926063035
64.0,75.39397023569916
50.0,45.16687884532581
50.0,67.03364308709831
29.0,38.02193722074327
29.0,68.41473488876613
75.0,83.68784339977492
75.0,78.28997638586151
36.0,33.31718124178212
36.0,80.0911580255675
55.0,59.50398803075774
55.0,53.90257369534004
63.0,65.41053926377992
63.0,53.44862562921429
65.0,72.38624149845771
65.0,63.99129246840988
63.0,64.44941332878028
63.0,78.39223858157021
66.0,71.57931844310701
66.0,68.4568436761378
67.0,72.89352812927973
67.0,72.02006759489194
69.0,74.26263304534649
69.0,79.34345901858683
60.0,65.56263707636856
60.0,52.62446771734386
35.0,35.59145923306244
35.0,33.19384856829669
71.0,72.7415608895925
71.0,58.81593343191639
65.0,65.11610233786553
65.0,10.520705927877316
51.0,57.38339680209515
51.0,47.31689015364947
44.0,43.744156187192345
44.0,66.39898489386184
72.0,75.98421973573898
72.0,58.69030724297659
75.0,83.40619174707638
75.0,57.54426052376266
74.0,78.94227249638294
74.0,88.8479115791099
75.0,79.66579038322988
75.0,82.35072258615548
34.0,24.282453504035743
34.0,46.24407648691067
65.0,66.2144446993376
65.0,78.99077550693346
69.0,74.74407375634769
69.0,75.36144622161981
55.0,57.74376878014044
55.0,66.2216001061667
76.0,80.44271282356567
76.0,83.46884374966629
63.0,66.061996976665
63.0,66.68089953495792
64.0,70.1408886267289
64.0,34.21422081508592
55.0,54.94827867550339
55.0,59.6551895875175
68.0,72.2352994005924
68.0,43.043264629582154
31.0,25.241056476805795
31.0,74.9205603868786
51.0,49.00878526618317
51.0,64.86254954077356
64.0,71.10462426403546
64.0,20.31754931774566
55.0,54.48882415473258
55.0,77.54297731907752
56.0,60.355004659302665
56.0,63.175898165940396
62.0,68.55073515949493
62.0,72.95607160261818
47.0,52.79443323794766
47.0,70.30406090383957
53.0,54.317627935666394
53.0,52.57628495003689
62.0,67.17486432648985
62.0,32.1338511572074
53.0,49.31168868992137
53.0,37.15984981088121
58.0,55.24901422277935
58.0,52.62390995319407
66.0,67.73751725958925
66.0,54.016751864577145
34.0,38.951437214196574
34.0,75.30647213566692
64.0,69.4793646652472
64.0,20.942217032310737
72.0,79.89079733471016
72.0,85.18146029650836
66.0,69.77396690281557
66.0,18.485164282069093
24.0,5.816480775089019
24.0,63.66008234358736
57.0,59.45428038314918
57.0,68.28093137438128
39.0,46.79448131180334
39.0,55.88648234810097
39.0,31.14441507987857
39.0,73.67985983642421
53.0,57.54246592675992
53.0,73.71291502545068
55.0,51.65596627429858
55.0,56.4476370474726
45.0,46.73863731690818
45.0,31.66284011379912
34.0,39.267526023825326
34.0,35.20862164556371
50.0,46.86281567543483
50.0,72.52050348403355
16.0,7.70177839969233
16.0,52.29107351411341
16.0,13.341552120834308
16.0,66.41120203790268
64.0,71.8764774357939
64.0,59.458407228217936
55.0,59.42258180986528
55.0,78.0177716977015
62.0,61.41729198519562
62.0,22.595422268323205
75.0,79.07740319599685
75.0,61.26024497391313
55.0,58.861320124504346
55.0,64.79007678297569
79.0,85.63999612736063
79.0,73.15041869939648
52.0,53.91463596104438
52.0,80.5286064096777
82.0,86.72009657430402
82.0,76.13725608732574
74.0,79.96310527787807
74.0,68.92765796274875
51.0,50.629584963002856
51.0,69.37294652876136
62.0,65.7905630895686
62.0,23.917770515356324
53.0,55.89356031661936
53.0,52.44274276867969
49.0,57.45662675688425
49.0,37.32245550946129
68.0,69.64807457356653
68.0,75.08434643639316
73.0,79.90191482059555
73.0,54.303022032750164
44.0,38.43412563851962
44.0,60.5472910438765
52.0,51.69455004680168
52.0,64.1909044668289
48.0,49.376191931852134
48.0,21.13398681519294
61.0,62.93507651626783
61.0,49.74798517194074
71.0,74.11756352548878
71.0,56.66539176603544
77.0,83.64932263827234
77.0,82.49653426241417
27.0,24.275223575787322
27.0,34.76005502343253
48.0,52.30925744417948
48.0,57.28679017429903
52.0,49.9559476856943
52.0,72.09312096573535
72.0,77.7534312294315
72.0,49.16915029077171
63.0,70.37920111863929
63.0,78.33466320152428
34.0,24.4628884255564
34.0,79.04821003054195
47.0,51.884064271482316
47.0,74.3956778071693
49.0,55.32087927827996
49.0,65.20109076478826
70.0,74.87144652488894
70.0,49.08149701033159
61.0,63.07310565117422
61.0,58.139315300150884
31.0,36.43488743419675
31.0,61.81810337340556
29.0,27.85248835255436
29.0,68.52739039284813
67.0,69.99027537467259
67.0,65.05594804759079
63.0,68.12178488366271
63.0,76.67245021617993
64.0,60.26278273300221
64.0,64.55018831240653
61.0,63.65348653004082
61.0,26.789375525415096
62.0,67.42945056581692
62.0,58.449981737470296
62.0,67.74296749885428
62.0,68.19818947272859
51.0,54.53968578649449
51.0,55.411785967339256
54.0,55.12390929929052
54.0,73.35618571053874
49.0,54.53970569333745
49.0,65.24772084547158
77.0,83.44376403659419
77.0,55.54486744823197
70.0,76.5018491703729
70.0,38.12757574706768
66.0,71.51962992370397
66.0,77.84679054187887
29.0,20.88847326003662
29.0,54.76747877332781
77.0,84.93480889761543
77.0,30.498380764935632
24.0,16.93121658936292
24.0,64.42868146141524
60.0,61.11954924855252
60.0,60.1854974298368
79.0,87.7044426467308
79.0,80.30540080639275
70.0,72.71670536398335
70.0,63.063674450703445
51.0,53.64217471735134
51.0,51.295222750195194
76.0,82.1432053053872
76.0,77.30167721526391
68.0,73.4748740064203
68.0,55.55381603166052
18.0,20.942217032310737
18.0,52.94400147272103
49.0,47.33816908197224
49.0,72.76634918725011
37.0,30.31210451201622
37.0,13.7562909817878
61.0,63.500785651251704
61.0,54.97740827145674
71.0,76.47961380500789
71.0,57.154886935344166
54.0,56.919580307145054
54.0,70.40060452047197
58.0,60.768442537395174
58.0,43.46570149035165
47.0,44.4388661775111
47.0,12.293709079819848
72.0,76.36565524534785
72.0,68.2977867392392
41.0,34.05939349551505
41.0,81.19580814317459
73.0,77.50797672980053
73.0,78.61140187300782
76.0,84.62767190041166
76.0,59.84763146388707
77.0,85.60203945894978
77.0,61.315887091076206
65.0,70.2632576741454
65.0,39.71302676022128
78.0,84.64586917817019
78.0,52.93298423428877
60.0,60.627928132312206
60.0,68.88005202017786
56.0,58.15672554322941
56.0,77.56545015497659
68.0,71.81276202974414
68.0,59.19084732865656
69.0,74.68355758183748
69.0,47.63701291243103
81.0,88.67006752692691
81.0,59.41339428006637
46.0,42.941829724842194
46.0,40.550108728103794
71.0,75.14004189049803
71.0,77.524496210633
63.0,69.03323093231711
63.0,80.35013772930705
40.0,42.311150407471075
40.0,50.56082152163526
70.0,75.49028573195551
70.0,26.616991005455475
73.0,79.51358448574024
73.0,54.38607648857891
43.0,34.736250628167795
43.0,79.98879118060256
71.0,77.49244914041623
71.0,66.26864086575853
70.0,73.02007357254439
70.0,62.41102856589532
66.0,71.86206523088498
66.0,75.68986010209062
52.0,49.41697906002139
52.0,70.31237126097449
73.0,81.77664313981774
73.0,37.103544860109764
71.0,76.32389294938832
71.0,60.56165745765031
34.0,31.791243955930952
34.0,82.14474123273504
69.0,76.3677531979759
69.0,70.71004177947884
49.0,40.308330648190974
49.0,79.14106779113575
72.0,76.45062089390944
72.0,80.45224657936467
31.0,26.231762838667862
31.0,74.98188854988786
76.0,82.39248724017943
76.0,73.67336955017913
50.0,52.60559017259186
50.0,47.338135161369905
65.0,68.21242272399502
65.0,83.56881149077861
62.0,66.24045931257405
62.0,34.289571742354894
55.0,58.70998916305291
55.0,82.86567497238372
55.0,54.670183521568276
55.0,61.57998625688282
38.0,31.74970009531046
38.0,30.247057145733947
66.0,71.94599917257193
66.0,79.49636122562845
66.0,67.13891334725844
66.0,85.58453476208524
34.0,33.34677241749387
34.0,23.587577076037462
66.0,72.46964008766128
66.0,40.195775018015865
27.0,18.870886734801616
27.0,66.83271003563095
78.0,84.12169934156412
78.0,40.7332682481333
81.0,88.80874535509128
81.0,21.20658961874318
78.0,86.37747904453983
78.0,32.35698257641883
58.0,64.12111380521941
58.0,47.511453671456934
60.0,69.0238200056333
60.0,81.84321146231935
45.0,47.74342216192906
45.0,50.94039516270004
32.0,34.907918177232546
32.0,72.28334511181123
77.0,85.06142595983613
77.0,60.01311312002025
53.0,53.13859321021283
53.0,69.12052578079596
43.0,42.47257067339268
43.0,73.09081387465972
71.0,76.13509401787269
71.0,6.654207094584308
65.0,70.47639470972098
65.0,43.9886458332324
67.0,72.89020038201312
67.0,58.72066962325573
72.0,77.92123439668785
72.0,71.85502576611867
58.0,60.19911436145509
58.0,59.717230544377344
17.0,8.523044069601042
17.0,76.29031476292766
65.0,71.5052300266853
65.0,80.74406137297069
43.0,47.03253110511605
43.0,65.96508852630228
71.0,76.06868876589476
71.0,68.34583716990193
72.0,75.474763004831
72.0,72.55037607271021
70.0,78.10622826420132
70.0,71.63652412326877
63.0,65.42082053268956
63.0,29.25401126795788
62.0,67.19481550413354
62.0,72.77072997189919
27.0,21.185447430555882
27.0,69.01037352369138
72.0,76.84812854631406
72.0,74.07556965916166
63.0,67.53060551514488
63.0,71.32368604336745
73.0,80.54783836860543
73.0,56.58031377625787
46.0,50.63016858316598
46.0,44.272066978059684
73.0,78.67739985495575
73.0,79.42805688650861
17.0,14.86138615666465
17.0,23.988425750372755
73.0,80.47567795009223
73.0,48.740200677435155
74.0,77.58575752238113
74.0,94.13628249218169
61.0,64.49642559623669
61.0,56.003169217555126
66.0,68.39153103253886
66.0,76.8365150662458
51.0,49.27868504749148
51.0,30.46742754513616
66.0,69.7411692654781
66.0,66.12804865069666
66.0,70.83808505416192
66.0,41.9274864059675
53.0,53.922031978385746
53.0,78.29539898277841
50.0,50.38369453932245
50.0,67.02528756731004
72.0,79.52724153612894
72.0,75.49452337813523
65.0,67.43172549275317
65.0,71.76987828454526
51.0,53.39652854709266
51.0,74.52534411427149
58.0,60.63745522251713
58.0,77.15453364542878
65.0,69.6738604443164
65.0,84.59094991712578
50.0,51.91885496643005
50.0,75.40059081899051
80.0,86.53176925601736
80.0,66.78786989517164
63.0,69.22145128078671
63.0,84.46219941273131
72.0,79.60326730144095
72.0,77.06751141277857
71.0,79.15587167303312
71.0,69.1710850681115
35.0,24.309917894649516
35.0,44.55889006477918
25.0,21.44676936466692
25.0,74.47450250444564
66.0,72.44018034671171
66.0,76.65742549945463
68.0,70.82511907783788
68.0,46.9093639013509
78.0,85.20794588318375
78.0,70.24766642309447
49.0,54.65991294496581
49.0,55.65805671449857
63.0,63.47663703727682
63.0,75.34687713224423
60.0,65.53067347042025
60.0,68.13104589759541
81.0,88.41227746006348
81.0,74.13726266098917
66.0,67.93134339324092
66.0,83.15283967671974
43.0,45.89247111318144
43.0,85.82021438403154
40.0,32.47460464884648
40.0,24.063916163099805
48.0,47.070784904710024
48.0,76.08800437881473
65.0,69.34205685888628
65.0,62.35053263522559
63.0,68.02858669513529
63.0,74.76377265603355
40.0,27.912141559317888
40.0,42.38811952583427
55.0,56.80937550191328
55.0,20.303663727924345
62.0,66.5436719979678
62.0,57.91889973764319
43.0,46.49306545259594
43.0,62.2008004087042
73.0,81.44132769798716
73.0,76.84526179332585
49.0,51.64867743273339
49.0,76.52679588831415
70.0,76.18594587539968
70.0,67.19550967950158
32.0,40.11884537643169
32.0,18.08609892503887
65.0,69.58033961097692
65.0,74.5706811447543
62.0,62.50098549183764
62.0,35.787579618610664
61.0,67.04359490759146
61.0,54.43034569444683
71.0,76.7063622313778
71.0,69.77889475565365
63.0,70.58353460153216
63.0,83.66480677124008
50.0,51.9854505697856
50.0,76.62768740310605
77.0,80.81760049887322
77.0,59.81264657522473
56.0,59.644698116016286
56.0,84.38337651768006
33.0,31.310223392253988
33.0,43.64137323840515
39.0,42.58131589956986
39.0,89.53168537968696
54.0,53.66604977195311
54.0,53.49444422029893
65.0,68.63858390280478
65.0,34.051478928063204
50.0,56.16636427904683
50.0,42.3724598312499
71.0,74.20293556551553
71.0,45.032004153249034
49.0,50.01394759660349
49.0,37.097984689497025
71.0,76.82236415091677
71.0,47.513697263404254
69.0,78.34564212232254
69.0,71.03761726266617
64.0,64.67005692112411
64.0,67.39236098850279
58.0,57.36953570329172
58.0,58.241621032543264
28.0,20.810487892051412
28.0,65.5272417303762
80.0,86.84758941978868
80.0,62.832305402438806
43.0,42.865051485079675
43.0,87.20238679952058
63.0,67.41875683105422
63.0,82.92337194074503
69.0,75.545038591962
69.0,65.70893915719813
59.0,62.94299837901883
59.0,51.48706620112472
34.0,33.95587590958854
34.0,74.83224097796989
72.0,74.6653321616784
72.0,23.700592053851665
68.0,75.66961060191659
68.0,62.09360432825201
63.0,72.06354297595402
63.0,52.93058321231206
67.0,70.29841186132421
67.0,82.1839200398199
46.0,46.71665573713864
46.0,56.70086547029507
64.0,72.01860785175853
64.0,81.32780544513435
57.0,58.54883752898189
57.0,82.95223022081103
64.0,67.75817820086763
64.0,82.6440830542117
65.0,70.42809086445578
65.0,53.66106365645982
71.0,76.53533819844534
71.0,72.89001579871058
63.0,68.58517073878886
63.0,76.87320113309056
75.0,82.80148243758009
75.0,88.17957331256548
53.0,57.51660030701959
53.0,67.3635448827464
74.0,80.01918973193943
74.0,67.07466113463926
54.0,52.947409893652605
54.0,69.05069126715983
70.0,74.94500391151229
70.0,70.26756277732756
46.0,45.78492102331893
46.0,82.8177039122354
52.0,50.05841678135516
52.0,71.04976466515632
50.0,44.271683555504865
50.0,68.29244340217747
46.0,41.87767046250923
46.0,63.96457323974528
60.0,59.82197505411813
60.0,56.148931285083904
59.0,65.91287171526636
59.0,41.73259135209429
69.0,75.13226111304948
69.0,8.837468583549764
69.0,72.68067852390578
69.0,37.630667457444474
62.0,66.07536114750098
62.0,24.8837604002116
68.0,72.64470688648822
68.0,94.11406776514013
69.0,73.10735019005062
69.0,69.7350216468804
75.0,80.91267748735964
75.0,80.37181962757421
71.0,75.43593814635904
71.0,64.27375259968903
42.0,44.69721212422962
42.0,68.5929914092477
60.0,63.605020417491346
60.0,65.14704703461598
33.0,26.331763608792983
33.0,81.37334669794052
46.0,41.01339599137566
46.0,71.73000170121219
68.0,73.24001903382748
68.0,47.338135161369905
61.0,63.188705916919105
61.0,87.55553577225896
60.0,59.566637800730575
60.0,62.86414446612855
61.0,64.16845566440918
61.0,82.069327835975
75.0,81.82632029087034
75.0,77.50397777123982
70.0,74.50021254128876
70.0,42.15599009618353
48.0,45.5121764879504
48.0,49.49702813399227
45.0,42.656262083689114
45.0,50.43742642242751
68.0,77.4364419310673
68.0,82.11401030544096
51.0,52.46391601945277
51.0,67.74505215791515
73.0,81.87507766740481
73.0,13.271076634764825
72.0,76.8197401818789
72.0,77.38876392424555
71.0,77.17359413796788
71.0,75.87546147158287
50.0,54.355367058777915
50.0,49.496124419090734
50.0,53.72393286741044
50.0,53.70452361982956
37.0,43.7424316468576
37.0,82.12787356633339
71.0,79.53928012860558
71.0,58.893139011569644
60.0,62.447172715413444
60.0,72.57992185392419
47.0,49.91269236088118
47.0,42.49686297989831
66.0,69.13491001627966
66.0,80.77622580551599
79.0,86.970172913167
79.0,39.003945776730575
28.0,27.350650485293386
28.0,80.15245795451995
59.0,63.294403017238835
59.0,31.84064078842772
66.0,68.76267717637256
66.0,21.804970689309698
64.0,69.10751086913348
64.0,83.73811517983012
25.0,22.08254626147476
25.0,80.73467414621757
68.0,73.4521392691338
68.0,61.29975466817001
57.0,53.296168717880164
57.0,58.08299851904252
75.0,81.38181966149727
75.0,70.59511284007169
79.0,87.69204579876236
79.0,75.02263158410875
63.0,65.30574716344285
63.0,14.239489349072812
66.0,70.63387405692129
66.0,76.90143668517356
71.0,76.14512509100359
71.0,78.81212993943888
75.0,84.85718352759034
75.0,78.19428892261868
81.0,90.58855117220202
81.0,60.54622641165281
65.0,71.9406204833569
65.0,70.54760259071907
73.0,80.07390857529111
73.0,89.158439842159
37.0,39.419462393894946
37.0,81.16179552608378
66.0,68.3505755063153
66.0,13.71360330202998
62.0,64.23070432055545
62.0,77.32553097287109
16.0,10.96480055967345
16.0,47.589205471946286
62.0,68.71178584727869
62.0,62.10216955037595
67.0,71.24648897950618
67.0,66.48146022748546
44.0,42.744167203656616
44.0,39.301898023824094
36.0,24.468104572872164
36.0,78.92176484129646
71.0,76.67265486786175
71.0,34.52838506667109
63.0,62.5907810170803
63.0,65.0986074537065
39.0,36.3587821253667
39.0,75.35317349987201
54.0,54.326819648755475
54.0,51.22879466367323
72.0,77.04912865602074
72.0,72.63490414605582
77.0,86.0386948998526
77.0,64.01092843161268
75.0,81.02793963683251
75.0,58.038643394423275
68.0,72.39040992973338
68.0,56.19337680890192
70.0,72.03157069928244
70.0,58.128864587637
43.0,45.63682310712392
43.0,62.62592801526398
66.0,71.89107402366085
66.0,55.5446131591591
68.0,69.63127738921384
68.0,67.44300701505921
53.0,55.472033562107924
53.0,63.4663040054437
29.0,34.062549024306634
29.0,49.04964023937737
70.0,76.6695649985212
70.0,66.66570705244163
71.0,75.76398690852136
71.0,58.805421655049145
49.0,50.81121940907616
49.0,56.165485637626205
68.0,72.9252602363058
68.0,74.72529436314613
67.0,71.70675989693865
67.0,28.327387975193062
44.0,46.98500746966306
44.0,53.069707304771214
55.0,51.36045085207047
55.0,26.70429293372348
72.0,79.52365867054459
72.0,27.243731299255046
40.0,36.926743722898436
40.0,76.45006819907712
59.0,59.98039203394177
59.0,66.74045623544964
44.0,35.3542105850122
44.0,69.36064003789483
59.0,56.45638528987968
59.0,85.48895741301175
61.0,63.108458611806384
61.0,74.37350073316742
63.0,66.12148861655322
63.0,27.074539170283856
73.0,79.90707492443079
73.0,62.46279193629391
74.0,79.6346683554849
74.0,64.98209343658499
74.0,80.34412827943447
74.0,72.1509799733966
43.0,35.64478222020466
43.0,69.5667795348578
78.0,86.06747767848918
78.0,83.17672826377776
63.0,67.11201079095207
63.0,38.723971893992314
73.0,76.4729708764275
73.0,88.3941069647363
69.0,76.00713271037802
69.0,12.754217894814587
74.0,82.03590404760183
74.0,37.521524815077555
64.0,68.73206636225501
64.0,40.901483033763725
74.0,81.26703121906053
74.0,77.18802717962961
73.0,79.67215401784966
73.0,34.8677956557363
85.0,91.7095635340566
85.0,80.93336651115914
66.0,71.1138779781786
66.0,63.09881671165027
61.0,67.8084287352118
61.0,41.523636544878514
65.0,66.05636304478531
65.0,49.225019100328495
51.0,56.903757908519765
51.0,71.43421205379224
65.0,66.61822330368466
65.0,60.18528848136265
52.0,52.147274242436595
52.0,78.54474008860029
75.0,79.19750939372858
75.0,26.1741794401662
51.0,49.79091191050651
51.0,72.67873036754935
47.0,43.246539257642496
47.0,45.65408183740351
75.0,80.84225899481339
75.0,77.15852726771618
49.0,44.47100769424168
49.0,88.42548711330096
67.0,74.05213384818649
67.0,69.83193977766905
69.0,73.78546466213095
69.0,73.16470308355366
66.0,72.01134013132798
66.0,32.83922386010971
53.0,55.57173235642307
53.0,68.71867255897365
57.0,58.74989141841439
57.0,74.42948502288249
68.0,72.58844402395096
68.0,29.25401126795788
66.0,67.9581873527157
66.0,11.934387650103531
57.0,63.624199683628945
57.0,12.93385154186069
73.0,79.56902408528236
73.0,66.64738956469944
75.0,80.9060537183575
75.0,75.56506961127008
67.0,70.21324688039141
67.0,12.034351221526833
56.0,56.148751198044806
56.0,80.50972642095246
50.0,44.91701788077012
50.0,61.786327889164
69.0,75.35564043662146
69.0,73.95382446483103
63.0,67.73094519085498
63.0,81.42789290741734
59.0,65.7562288118391
59.0,59.448748393959875
73.0,77.02695687851678
73.0,35.27517350590267
26.0,28.30228905224635
26.0,28.330032445615814
61.0,64.02840219801703
61.0,66.70809530607164
72.0,77.03628463681503
72.0,13.143466544839669
77.0,79.35596996062787
77.0,75.58864541246294
79.0,84.61721593095331
79.0,67.1817300115078
71.0,76.62247165060614
71.0,80.91651675408059
61.0,62.455271717175265
61.0,62.95685728336571
69.0,73.99326694904744
69.0,28.22755578306146
68.0,73.1585475199891
68.0,43.55018591608325
63.0,65.69830072753268
63.0,75.76833655709072
35.0,26.10918695430223
35.0,83.82590244628568
21.0,21.90894648105069
21.0,48.80983388799933
70.0,75.39307316673319
70.0,54.153666105708226
72.0,77.05350271011531
72.0,66.16711285599791
67.0,71.5550418264881
67.0,63.77128657611286
59.0,59.401418616188494
59.0,78.75148822291408
65.0,69.45202997020147
65.0,41.52847999523789
49.0,50.75675224954642
49.0,68.46741760293008
65.0,71.42284375225205
65.0,19.77404557010982
48.0,54.05488857268875
48.0,85.11053117556764
49.0,52.995446134795486
49.0,79.42266073462179
64.0,71.3407945486486
64.0,63.689646873175604
39.0,35.9819669280966
39.0,58.39220516572698
49.0,50.14711743094085
49.0,84.84427334233374
68.0,72.87698967775867
68.0,17.514082170518748
73.0,81.88590438694177
73.0,27.487127303616035
71.0,75.28755853207224
71.0,93.04157258765065
76.0,81.25161109271954
76.0,64.46564963237785
70.0,77.19957924885534
70.0,75.74054123240745
23.0,20.69535051825926
23.0,76.74538167924902
8.0,9.79499152395806
8.0,37.62177973394586
65.0,70.71686891558932
65.0,43.30425154446715
65.0,66.23311286915697
65.0,71.75717351422003
71.0,78.96471979907705
71.0,34.04253254381064
66.0,66.55745202764871
66.0,43.60111911504754
67.0,72.65091591676179
67.0,70.46611622299827
70.0,72.86825717285268
70.0,70.13491545306556
53.0,55.483210781300386
53.0,83.59169207103025
73.0,76.9477455299604
73.0,38.99685115657098
47.0,47.0871969077852
47.0,45.291861164932186
68.0,73.67762880870879
68.0,74.02488328212382
66.0,66.22812125759299
66.0,65.98223673097812
28.0,28.13493947941197
28.0,83.88803154640789
16.0,8.443785722896848
16.0,62.6182078097097
55.0,56.768918992039914
55.0,73.88697881874435
77.0,83.70626308466393
77.0,69.21594685655185
39.0,45.11567355447761
39.0,78.29348281690096
75.0,78.20549839031929
75.0,79.07761686911715
57.0,56.67713568130773
57.0,71.507811861155
77.0,85.05090712146273
77.0,59.25864626181561
57.0,61.976794353272226
57.0,48.05712768039905
58.0,61.266413744285785
58.0,65.56994309045729
69.0,72.43433438545895
69.0,60.24142811283957
55.0,55.25775197167201
55.0,48.24136936267308
62.0,66.01539933617448
62.0,7.414496048476508
61.0,63.588993995283545
61.0,78.74394326019791
61.0,67.92274361938172
61.0,71.06439608923046
73.0,76.9211741082579
73.0,33.20574834975724
69.0,75.49527783538588
69.0,49.60544365602499
61.0,63.81561165220103
61.0,60.513889429813446
85.0,90.09926755376654
85.0,63.34527059113725
37.0,32.42631256210848
37.0,67.29250548716601
38.0,34.23372027762497
38.0,65.42665560507919
70.0,75.6436793857792
70.0,30.851416313735513
58.0,62.23186272708642
58.0,73.29552692189026
67.0,73.12855912761285
67.0,54.163361662890395
73.0,73.17310946935743
73.0,73.97123843925073
81.0,88.0785364604098
81.0,52.57742422110249
73.0,74.11085482340252
73.0,74.44946388892043
75.0,83.33633293252979
75.0,38.914422723310395
70.0,73.85740035726127
70.0,71.28771213910841
24.0,29.886311774725698
24.0,50.1989004412377
57.0,61.11158439089337
57.0,60.288266268796576
62.0,66.7729172380856
62.0,76.3660288721212
66.0,68.75195889791684
66.0,79.89718795090113
66.0,71.93932493468111
66.0,67.18984529277998
39.0,46.20048628138176
39.0,45.65395114762157
67.0,70.70805462400119
67.0,38.63979299113896
66.0,70.24005388924036
66.0,59.96836073914511
72.0,76.0177247532747
72.0,77.1931658975281
55.0,56.91045352595535
55.0,39.21537470425369
69.0,71.91982100700784
69.0,28.68242437123871
49.0,49.572121367874274
49.0,60.46535353598978
73.0,80.15597198004667
73.0,43.66029520438235
59.0,63.84236925699685
59.0,52.246645752453276
69.0,75.56520661816882
69.0,67.22158592130597
74.0,79.2388086242139
74.0,72.83215810577559
56.0,58.75831030786571
56.0,69.30743661380001
62.0,66.97000287334862
62.0,69.9375992006353
76.0,82.60404635311653
76.0,77.86831688403771
64.0,68.32588382734866
64.0,68.56605019318152
73.0,76.8034431831012
73.0,85.87357963198968
76.0,82.01384249017059
76.0,58.29464553675547
74.0,80.27783929700621
74.0,78.43685701530148
56.0,59.13944545445156
56.0,37.78560813690484
45.0,44.317387370332426
45.0,71.7954741730722
64.0,66.83784006917267
64.0,36.94573741962864
55.0,59.884550726888676
55.0,85.35436240195781
44.0,41.686385186880216
44.0,78.6094063956433
60.0,63.62909862853621
60.0,54.6100452777078
50.0,52.57742422110249
50.0,19.358006075984576
76.0,84.47423613202557
76.0,72.36621965519822
69.0,71.95434893146285
69.0,52.774356560258354
41.0,43.41143381286844
41.0,58.387916935768544
65.0,69.53779292359951
65.0,62.845459844342486
51.0,54.56434196070148
51.0,60.29286645420689
80.0,86.53182227270543
80.0,80.57955171578601
84.0,92.82864499031513
84.0,60.862154712183155
63.0,68.2092416540857
63.0,51.61064504935064
69.0,70.3729432223937
69.0,53.577782721268704
36.0,28.00857298586601
36.0,33.28795003804652
77.0,83.93590472239134
77.0,81.96139722865246
74.0,80.52894392684937
74.0,75.87914770296084
61.0,65.9390652243639
61.0,82.47049930654282
57.0,56.760697216153005
57.0,69.80966426718658
59.0,57.52457266969515
59.0,82.66600349747347
70.0,77.49565198064107
70.0,68.30406323543372
33.0,27.459162962748053
33.0,84.08322210280261
72.0,74.4289320771095
72.0,72.46322932284346
63.0,72.07684636801906
63.0,44.32715142102194
79.0,87.40213897308092
79.0,84.12418091932477
57.0,58.937730977238914
57.0,69.49421408400679
68.0,70.17167342491098
68.0,46.68293218659369
71.0,74.98602443822978
71.0,73.3567113854358
38.0,40.10470690408596
38.0,58.19801265509108
40.0,47.53329458027184
40.0,55.10450966146004
79.0,86.80519052043701
79.0,70.61899460187584
45.0,45.48533317706506
45.0,51.0062206753899
75.0,79.96599788586974
75.0,77.85838614906743
49.0,45.5872049809314
49.0,81.98499817348659
54.0,55.269460809454415
54.0,58.204984851291215
72.0,80.95313255377357
72.0,80.02919626131848
73.0,77.46597870625618
73.0,85.53866828403272
58.0,64.47797366560513
58.0,75.09622361069125
77.0,84.10843450195904
77.0,69.46944234689505
50.0,47.68269431437807
50.0,76.13348122044277
45.0,41.431620569798895
45.0,66.38674048913936
42.0,42.460892244528225
42.0,42.73022074402263
65.0,71.99319678166898
65.0,84.28901732526901
71.0,76.04388183026879
71.0,62.53398432252078
72.0,76.76740961166792
72.0,46.39458937249242
68.0,67.2360626812794
68.0,84.39993041034779
64.0,69.53185335742967
64.0,72.93050249306202
56.0,59.571929333596245
56.0,60.82039214240365
61.0,61.8981760861368
61.0,42.6624622808481
60.0,64.46352480562928
60.0,44.317387370332426
53.0,55.497798636806124
53.0,71.17375991400871
35.0,30.382559876004052
35.0,20.630694604189898
11.0,7.664173429501602
11.0,70.33094197854297
67.0,70.45506331044828
67.0,75.06368237163059
70.0,74.25519602738939
70.0,62.705987558682295
49.0,49.58056954976587
49.0,89.69675212908714
66.0,73.15406195172443
66.0,25.933914874285563
52.0,54.85764057037977
52.0,65.705940115636
77.0,82.1377395058899
77.0,75.51137525729007
84.0,90.92828406832984
84.0,80.05420928594435
52.0,55.15850279355442
52.0,77.6209630821462
44.0,41.85127558466098
44.0,84.59733953747309
65.0,67.05027622766079
65.0,50.065656787613364
67.0,72.34560641865346
67.0,41.087987311599875
57.0,60.03946467594625
57.0,74.1325600197477
71.0,79.77141931950746
71.0,81.1453588464571
55.0,54.60320311220107
55.0,72.75162732453714
63.0,68.56300012261147
63.0,79.47535872051566
64.0,69.9658237073383
64.0,45.63805682562213
44.0,43.37605624777939
44.0,68.13726735238942
76.0,82.98078908796663
76.0,69.85978493455883
76.0,82.78933162720153
76.0,77.14591690283169
73.0,78.07955254918812
73.0,37.288022961927425
42.0,35.588554733666115
42.0,60.09402373301987
62.0,71.1453687226628
62.0,58.880101179796554
31.0,20.849415220013327
31.0,49.70394084300358
54.0,57.766021196427175
54.0,72.44459285806039
59.0,58.60257964095848
59.0,48.012023326768656
80.0,88.91009407991538
80.0,70.64883453240981
70.0,75.20867160593087
70.0,31.591092265374357
70.0,71.9459382159684
70.0,56.071047841033305
51.0,52.39808108017263
51.0,74.11996557000157
78.0,86.07626262644101
78.0,30.400041050883658
70.0,77.99008828881011
70.0,70.24593483272855
76.0,84.70120896781174
76.0,64.78612458562674
52.0,52.34369869527961
52.0,40.09498113702551
59.0,62.59940394830568
59.0,46.00196291164525
74.0,79.68702427010129
74.0,83.89642399584494
56.0,61.27064295858219
56.0,45.01901694204054
59.0,57.644506089109996
59.0,80.56582293038196
65.0,70.96833702392445
65.0,87.44773753061497
75.0,79.78666087376934
75.0,73.42596298286475
64.0,66.78233720295174
64.0,64.94066008630767
60.0,62.65487512588123
60.0,57.59188424156582
65.0,67.1132042655558
65.0,88.64834031629834
66.0,69.18643445596547
66.0,74.38361767675485
49.0,54.22602491927188
49.0,69.84301816759404
37.0,31.970631637775284
37.0,52.589225389915555
16.0,11.318987996325404
16.0,60.493139794598335
61.0,61.060811024298005
61.0,67.26642564935497
47.0,48.63828915602659
47.0,57.81078504556041
82.0,90.6515153886532
82.0,49.9697194178807
73.0,76.84670806601048
73.0,25.658781583741643
40.0,32.33254302750163
40.0,71.36287105968893
52.0,54.81428540454698
52.0,62.662256313928765
74.0,80.49946203447314
74.0,66.3060604865803
64.0,68.51840980815541
64.0,73.01831439590757
56.0,58.77880337933124
56.0,66.19134835364332
75.0,82.53972961825326
75.0,67.54215330086936
64.0,71.30757837665271
64.0,70.74318200311762
76.0,82.94995539016617
76.0,61.37170797285739
72.0,78.36335610355161
72.0,23.559607962568748
65.0,67.49569152848215
65.0,67.24919810070332
69.0,71.64632545930067
69.0,67.01473423583616
71.0,77.43210643833555
71.0,60.25330448517781
70.0,77.14912955542701
70.0,34.908594757295305
78.0,84.2059774046715
78.0,52.538186054636924
60.0,64.56212047225517
60.0,60.36261410673586
69.0,77.38278708262015
69.0,83.53384714530307
51.0,55.37999027994175
51.0,84.50062102209193
56.0,63.11687059562502
56.0,54.489933992837905
59.0,58.55233403403918
59.0,75.78203977250001
72.0,76.26649104127637
72.0,73.92223275808715
45.0,49.37274999458896
45.0,73.64180449415267
76.0,85.07126704856631
76.0,82.79785301732397
64.0,68.24253998349423
64.0,56.59040981789468
63.0,65.78510311115934
63.0,83.40966980606942
61.0,67.56001533533674
61.0,76.6627243894892
65.0,68.59400619582516
65.0,10.281981670988898
67.0,74.05458758418496
67.0,78.9078912582537
33.0,27.559909588261178
33.0,36.6484484392501
71.0,75.46537111636707
71.0,27.040163726545245
65.0,68.834100061929
65.0,86.03631986226236
24.0,17.09129649871511
24.0,76.04008002614535
67.0,67.58267983287044
67.0,59.178916237356816
74.0,80.22254462093673
74.0,40.781750658297995
14.0,17.291341851801178
14.0,62.47133292931443
41.0,39.87657797421821
41.0,65.94964516939001
45.0,44.903171784873564
45.0,61.21094306582614
72.0,77.83115979351095
72.0,76.76657308900502
41.0,45.88187482277169
41.0,74.85821049866536
69.0,77.00085348622815
69.0,48.391644004932516
67.0,72.47732069541377
67.0,73.7537001424069
70.0,78.26660787486907
70.0,74.86774537052219
28.0,21.158140053093973
28.0,74.54296961372876
35.0,33.38561848022226
35.0,32.99864078414174
61.0,66.98561548856554
61.0,67.08720897769979
72.0,76.04853369438086
72.0,21.17111382199829
60.0,59.23330501793271
60.0,31.708773716569794
27.0,22.44865345067973
27.0,29.953634247636728
81.0,91.23246790415197
81.0,13.728129550130348
72.0,74.34711642214211
72.0,82.40142345772676
26.0,21.868920366983616
26.0,67.91726060662427
67.0,67.18098998275099
67.0,82.0942740585283
68.0,73.04537275271463
68.0,69.40749096023052
49.0,49.4894247129501
49.0,65.15582793483412
72.0,75.42804897914692
72.0,30.701713263443423
46.0,52.12357283931419
46.0,60.29306387614963
77.0,82.46247482649892
77.0,73.88217137988681
63.0,65.29131711221328
63.0,68.78813921731097
28.0,30.71881137519989
28.0,42.066923450519596
64.0,68.35104646042834
64.0,76.00615091959668
69.0,76.07341856121599
69.0,60.01869603240982
45.0,46.68053522004743
45.0,58.11995067445679
62.0,69.11816621430972
62.0,53.347502664293245
53.0,54.694639236969124
53.0,23.61322044971024
56.0,57.30438839872113
56.0,71.23029332204078
74.0,81.16128850363259
74.0,71.85542464573763
35.0,27.7292445671996
35.0,79.63628893052976
74.0,79.2488375733962
74.0,46.7558933962992
31.0,24.7227741354435
31.0,71.27545422571109
69.0,74.16983536227696
69.0,82.34510893380065
50.0,46.45763694173712
50.0,86.03686918546117
65.0,71.24399523580826
65.0,70.62473618898622
24.0,19.539728296602902
24.0,72.81556541892041
73.0,77.92131895635612
73.0,67.21934116413763
65.0,67.95068552192345
65.0,56.14333376146851
76.0,83.42470740928985
76.0,75.26470786101783
50.0,47.525070317005884
50.0,65.66948080680612
61.0,65.70649354591728
61.0,27.649510439052563
62.0,64.71599112656753
62.0,76.42901960195996
68.0,67.51866642312666
68.0,56.97950458913442
81.0,87.00124968124726
81.0,69.75217101958788
65.0,67.76612443491933
65.0,76.20705123983976
63.0,68.92901328907698
63.0,84.8580432282468
75.0,83.22837101121848
75.0,17.633440679539262
69.0,76.58819505967529
69.0,76.74653473152506
61.0,64.58214419359871
61.0,32.448853762203726
58.0,66.3014231892368
58.0,48.162971073482765
49.0,50.36447550627179
49.0,74.68558674726273
75.0,80.86512954467611
75.0,57.17771972557256
54.0,54.8022333036331
54.0,70.15118298909192
75.0,81.61860663533832
75.0,60.01126642518341
69.0,74.11838424404618
69.0,0.6631707736812018
72.0,80.82116303569188
72.0,79.13232436155357
69.0,72.81096571582458
69.0,78.34805270214275
67.0,69.15787487099055
67.0,67.22684704882198
61.0,62.275149735229604
61.0,42.59638450003911
67.0,68.93333472989389
67.0,75.32277577792775
63.0,65.51923926387798
63.0,46.440968745838404
66.0,71.58975508659063
66.0,81.66351896136814
65.0,68.06435859692783
65.0,48.33525245392275
73.0,81.28912133509459
73.0,75.20006884213774
68.0,72.00442013710455
68.0,37.318570296183225
75.0,81.58860221411521
75.0,62.543691793267385
75.0,78.74875303425824
75.0,76.21785506258266
72.0,74.9022513638655
72.0,73.0946655151522
41.0,45.724930897767535
41.0,33.318108559508744
44.0,48.64195731693644
44.0,79.4684090636004
64.0,68.81928193886529
64.0,58.039591287914675
43.0,41.25402410215344
43.0,57.16938567797962
69.0,74.94495002704377
69.0,71.76356703581808
20.0,16.895912195227766
20.0,92.46362433181343
52.0,56.058320363069356
52.0,65.75200729985772
29.0,23.000006904818747
29.0,55.52205411376195
37.0,38.397864729348385
37.0,64.04567114679963
37.0,27.166606041824252
37.0,78.19889744568235
55.0,55.03075248894021
55.0,69.73891302675162
31.0,32.67238962392247
31.0,57.734306121904126
65.0,64.84149827723024
65.0,83.16611833457631
15.0,14.3404511841307
15.0,60.67140065856273
68.0,74.29492103851442
68.0,48.252526642704595
63.0,66.37666158439254
63.0,83.51109711473174
73.0,80.08658428475775
73.0,48.02791765929362
71.0,75.4781549996211
71.0,63.87325982539954
62.0,67.44367500207841
62.0,24.298839529920087
69.0,74.17348283174516
69.0,76.28514223256695
38.0,32.15015310056168
38.0,58.317114067864225
77.0,82.57755317867287
77.0,52.86826469729834
70.0,75.80306168065573
70.0,60.098682783871936
54.0,55.350757739670314
54.0,32.76813270789489
51.0,56.29241709936832
51.0,35.689228251412715
67.0,71.64348609791745
67.0,50.50363797989678
19.0,10.175181310172263
19.0,80.37388218260912
55.0,58.596318771607855
55.0,51.81065369386221
79.0,83.76202295680565
79.0,79.92266509795053
62.0,64.64338188452786
62.0,70.39423276755622
48.0,47.463922669843555
48.0,77.45016844250978
44.0,35.36459458182185
44.0,47.44407227680858
53.0,51.951086717660644
53.0,68.43427451205599
62.0,63.97975919368628
62.0,59.66503870023399
48.0,48.18581889670378
48.0,66.87648738152967
58.0,63.80481627224998
58.0,56.133761863297195
34.0,37.06200795064353
34.0,82.56237967674417
65.0,67.32973032175988
65.0,36.801833047046216
61.0,67.54935824861383
61.0,68.35438101921523
76.0,84.46481518869825
76.0,79.68707135319892
66.0,66.98012631921205
66.0,34.08286966282475
75.0,78.11172221942451
75.0,72.31001550678343
39.0,35.99768373322678
39.0,76.57253777800713
55.0,60.620732462403396
55.0,25.77295308974317
65.0,71.02853235636496
65.0,66.4553313277346
69.0,71.67787124962268
69.0,58.715441315412534
75.0,81.71638348703061
75.0,76.0362917499981
74.0,77.2304128675147
74.0,56.065766449546516
67.0,72.72558284421467
67.0,56.03484023280521
60.0,66.54892637571538
60.0,73.75562767324107
31.0,28.880135568165542
31.0,65.25636500536461
38.0,35.22105032029884
38.0,27.409442123064764
72.0,75.27957123363768
72.0,67.90655860949391
48.0,48.57396431043338
48.0,60.6430775711558
55.0,53.11545600749662
55.0,71.58165709655202
60.0,60.18543503786384
60.0,72.6943917726677
71.0,78.80726566820698
71.0,70.97697702004552
65.0,68.50185502101579
65.0,70.10874121678489
63.0,69.02228623447189
63.0,41.721050225049225
77.0,83.80843223671314
77.0,57.871871105327614
11.0,7.664173429501602
11.0,64.49940775701606
71.0,74.29514289818854
71.0,20.022440216352493
52.0,54.61167910011244
52.0,73.72894344762153
45.0,39.1127656928557
45.0,80.28577815173122
76.0,83.07223233561791
76.0,66.45143933384895
55.0,53.521369576896916
55.0,49.647250069901645
72.0,74.86093504952817
72.0,69.46554478087069
57.0,59.305394705591596
57.0,77.91483981514097
70.0,73.55216192917032
70.0,34.61875282896801
32.0,34.61875282896801
32.0,35.6090993044491
64.0,66.90092903389916
64.0,77.79457803796095
42.0,45.192920883694285
42.0,60.668984665435005
59.0,63.0109015987249
59.0,78.99486768025889
56.0,55.729192242537465
56.0,75.40391229468679
72.0,75.95691016006151
72.0,66.82918525079725
54.0,53.22127423848116
54.0,53.06448382176836
69.0,74.2886497372387
69.0,50.793021537550715
68.0,70.40908781931375
68.0,67.38369322721547
63.0,69.6339980289901
63.0,59.45704610751466
66.0,70.70978021213483
66.0,71.30131061089281
43.0,47.81228143053471
43.0,63.488864888895705
52.0,50.09916634613768
52.0,73.88367746247923
62.0,62.45443544758041
62.0,45.801222450193166
65.0,69.63196186612646
65.0,87.08661328882977
36.0,30.622808289685167
36.0,84.59664267602597
47.0,52.34372024666817
47.0,80.91207934009401
74.0,78.62563456823511
74.0,75.0627386911695
50.0,51.23603039012801
50.0,60.9675307345812
67.0,71.38767522886866
67.0,69.32001696395741
44.0,46.78064222014228
44.0,88.96339491785551
63.0,65.66948080680612
63.0,24.51497255754026
64.0,66.89159996886247
64.0,20.2592624729985
58.0,60.90381488081209
58.0,72.93936342053519
49.0,52.4543667010754
49.0,68.43367183859982
70.0,78.13358302880897
70.0,63.524464730913905
52.0,59.2840338588112
52.0,71.30776530741258
76.0,80.19412712589656
76.0,68.70707339009823
72.0,73.52236050176401
72.0,20.999513922719984
54.0,53.98316000844528
54.0,31.04219332610063
74.0,80.94073378766223
74.0,58.93018645095225
79.0,85.43723714284255
79.0,47.463922669843555
68.0,71.08020416636953
68.0,86.30261999825348
59.0,60.75420375905395
59.0,64.53491503403706
73.0,77.45577519028086
73.0,70.8559455356745
56.0,56.541766298692494
56.0,55.46277418882846
59.0,58.727041358093004
59.0,87.45137765784239
66.0,69.80609569667894
66.0,71.66960698105515
67.0,74.10597099028251
67.0,82.7297062718676
69.0,71.72034148886064
69.0,83.30437509167331
52.0,55.48311035215448
52.0,65.6418320522888
59.0,59.87915425765209
59.0,74.87609437756544
57.0,58.8708813259463
57.0,80.04475577790873
82.0,90.03525041237401
82.0,41.77397385692473
60.0,66.38962120223266
60.0,82.24329897902896
75.0,80.7832216372941
75.0,83.32742155160861
53.0,49.3612592065291
53.0,52.22072965727028
50.0,47.50256242853993
50.0,37.06464862671362
65.0,68.26774027292362
65.0,68.0879505934139
29.0,26.78759773369137
29.0,65.64628166317698
13.0,3.6568848887935133
13.0,10.204419541109303
43.0,46.222291472760276
43.0,76.64966823669528
68.0,73.09386926183777
68.0,43.35463979461264
74.0,76.39437595774939
74.0,68.9822178376221
75.0,80.17435986868935
75.0,78.46216975681563
64.0,66.95917280584467
64.0,56.75434827648036
62.0,67.02645241116522
62.0,81.00739019693077
54.0,57.121881367841524
54.0,34.72841614463567
60.0,63.70971421208003
60.0,43.96896743802603
68.0,76.89236638211702
68.0,38.9338493037875
72.0,78.57982824623599
72.0,72.1507444532923
46.0,32.33308648182174
46.0,52.667533724672296
64.0,68.95208385159083
64.0,63.28701292173656
61.0,62.834379536959034
61.0,57.32107898944594
51.0,51.59854952769814
51.0,55.87252221953082
39.0,36.959184568767114
39.0,69.27598702482243
58.0,58.57232750217247
58.0,41.658239428011484
54.0,58.12305228688251
54.0,68.84771040068398
77.0,85.66371896274654
77.0,44.22967451422801
49.0,39.89781727305541
49.0,69.99213837181117
77.0,81.32529531261343
77.0,75.07824476466959
54.0,55.94885265628034
54.0,55.5302549356158
72.0,78.89687536843644
72.0,14.261221945997306
58.0,63.819556148592994
58.0,32.92941172100939
68.0,71.51492878139032
68.0,65.0401655453764
66.0,68.40024415885006
66.0,76.91835550393768
40.0,38.387931366291525
40.0,51.71486536935481
79.0,86.30653528027813
79.0,74.9548840936722
72.0,76.5435049762774
72.0,4.180418832842577
70.0,74.11776749760435
70.0,29.084278037453828
66.0,67.07341264358797
66.0,63.369001977304606
71.0,76.25467038927678
71.0,45.20105304690679
68.0,74.14992169892645
68.0,55.086054028559204
67.0,71.24330721730416
67.0,81.41284751645185
13.0,14.22967630598447
13.0,72.41535966459304
65.0,70.41151507101182
65.0,58.515632905573966
64.0,69.95586474169562
64.0,62.78544308686696
71.0,78.2945191277006
71.0,57.51380378981929
63.0,66.31875281003585
63.0,75.89261888114186
65.0,73.34638305857862
65.0,71.75340892879126
70.0,76.56723821363886
70.0,76.67492661172935
63.0,62.88794142179688
63.0,56.33820172123603
67.0,69.57643993044178
67.0,71.43933925847756
57.0,58.5855091402326
57.0,54.7861472181699
61.0,64.98970637511093
61.0,75.69123967445609
51.0,52.962298026479914
51.0,70.10869401899066
83.0,89.43190296798338
83.0,87.72699186793182
66.0,68.79431727071625
66.0,74.25601915809949
72.0,77.37132743016741
72.0,60.0900805037989
74.0,83.42639004702073
74.0,23.587577076037462
64.0,68.32555214607572
64.0,15.554935762240916
69.0,76.32273253497601
69.0,74.56212481526876
54.0,58.12050071320823
54.0,57.46085716275434
71.0,75.78614292772795
71.0,74.38900306138277
23.0,21.276730933013482
23.0,72.22155341112875
42.0,35.551191821462794
42.0,63.59484930060046
77.0,82.7036640827107
77.0,51.59322618359124
51.0,52.27095272356564
51.0,91.11425055287737
51.0,55.00581067099432
51.0,79.44031623658981
57.0,56.52843401862236
57.0,77.22697356336994
73.0,75.90969436875838
73.0,81.38728965692991
77.0,84.30157733324234
77.0,64.47558005034807
71.0,76.38219971546727
71.0,77.20452594436568
68.0,74.35896350333411
68.0,55.92334616437006
66.0,69.45698284258128
66.0,47.883654202525065
39.0,31.092095812639002
39.0,42.250171875227636
30.0,35.120375809265454
30.0,78.79838972437966
80.0,88.10271340170925
80.0,62.22752366695238
80.0,86.92423211499465
80.0,77.39817000301895
44.0,40.16035467201766
44.0,45.89247111318144
71.0,74.79808094626185
71.0,51.53417789947031
38.0,28.11590585150043
38.0,37.5834759810561
74.0,79.31497014203336
74.0,72.25504829305265
39.0,42.05721423187509
39.0,69.29564992419427
67.0,70.6712566840107
67.0,57.83237918287392
74.0,79.57817648435417
74.0,81.05780923664054
60.0,64.9403417936964
60.0,46.795875706530296
38.0,36.19539161799713
38.0,20.76018348739791
65.0,69.57523780611456
65.0,30.779568032969678
49.0,48.17965855983829
49.0,45.93132630271464
25.0,22.08254626147476
25.0,79.18107202044195
55.0,61.497750191747116
55.0,65.59422270194892
38.0,32.10738671877391
38.0,72.5823452604883
64.0,66.0581117298492
64.0,14.208766775822028
44.0,35.282361767677855
44.0,83.3835549315267
58.0,57.625533632661075
58.0,44.00802211937071
40.0,39.123206598734896
40.0,46.26167771527764
70.0,75.47980278898399
70.0,62.19305999197428
73.0,80.829412365081
73.0,73.09804870120638
76.0,82.54933989587414
76.0,-5.614625847360969
82.0,89.34317892579173
82.0,62.3598424103767
77.0,84.95115113926391
77.0,55.762381104263
73.0,80.31313863642077
73.0,63.61839660525152
78.0,84.35320199215238
78.0,61.793996983050135
71.0,80.16569381424603
71.0,79.97025598786752
63.0,65.92089921575587
63.0,19.40399566723204
83.0,88.78777919413164
83.0,77.34957657211817
58.0,59.86873113453413
58.0,74.85749632432908
62.0,67.88478841110606
62.0,76.29665534432542
63.0,65.12320126003709
63.0,63.736214632418694
52.0,55.16721247346476
52.0,59.35019911866834
72.0,76.5431416512323
72.0,53.34510990854483
62.0,66.487521464552
62.0,45.602467812752366
48.0,45.570687451814536
48.0,66.15689613129211
72.0,78.69005973384202
72.0,37.72368983115882
63.0,67.27039845648977
63.0,31.41400087271171
51.0,51.75214461585216
51.0,39.37530438283801
65.0,68.56311567616979
65.0,85.42510717476654
48.0,48.16832678901295
48.0,45.22676583403336
72.0,79.37499011805971
72.0,65.3003596281597
55.0,57.80757943247846
55.0,74.92385070331602
34.0,27.01995500164287
34.0,68.60435601024363
20.0,20.942525733629736
20.0,49.885334871889654
76.0,83.88008868228974
76.0,56.06768398889699
44.0,49.29234200478527
44.0,77.09622611794379
53.0,58.18507596780296
53.0,17.23988647512209
67.0,74.89482031455935
67.0,59.22984751902118
68.0,74.16912705890445
68.0,52.56077939558395
52.0,60.103470457513765
52.0,21.381224549297542
26.0,22.45868399369448
26.0,73.81004319067938
70.0,75.08224766253244
70.0,72.26821341750883
68.0,71.92045705230873
68.0,72.4230075972381
56.0,55.98586204155748
56.0,76.53923255612943
46.0,44.74429781631795
46.0,30.92351172661057
62.0,68.64537226682802
62.0,63.81084892493743
21.0,19.851532548213072
21.0,77.01333212417245
47.0,41.22945301661082
47.0,52.670038996774224
42.0,46.07730148064462
42.0,57.83284401838449
34.0,29.63377621743348
34.0,66.52574009001472
66.0,71.92066777293525
66.0,68.77494946009216
59.0,64.47473079959798
59.0,78.56329801505416
31.0,33.81741001549466
31.0,67.44208624174428
58.0,58.048105750833315
58.0,60.104047021075985
66.0,72.77305190847511
66.0,20.643175917739825
53.0,55.908486477738165
53.0,67.19893759896416
56.0,58.69030724297659
56.0,18.485907442354858
76.0,84.73873963760843
76.0,58.52657816122405
71.0,78.63199993799208
71.0,40.695265412792764
75.0,82.38832717215615
75.0,88.54113538226284
38.0,37.26298202528534
38.0,67.54679931672524
63.0,65.94964516939001
63.0,71.08214401989602
68.0,72.16855052711571
68.0,68.06467666741275
78.0,81.68237917847188
78.0,87.77342250357503
59.0,60.61386970220576
59.0,55.06079663146102
72.0,75.35257454428483
72.0,60.789878533642195
22.0,18.52740370093221
22.0,65.74885609249719
61.0,63.95144566272228
61.0,59.77976034109997
70.0,73.31838279038948
70.0,43.94283933511423
72.0,75.87446272331874
72.0,79.57562046254463
85.0,92.86884358024383
85.0,55.470505503131335
39.0,29.835918079605847
39.0,37.388220704785624
79.0,84.6788713805845
79.0,81.91457403346254
81.0,87.68844899979194
81.0,42.90052930886753
78.0,86.52860271846356
78.0,50.765007267466956
63.0,66.22212415455868
63.0,84.10960184806419
63.0,67.76333729033274
63.0,71.78708189442483
61.0,64.98619107022006
61.0,47.58083048958508
34.0,31.016830130331982
34.0,74.40487837924354
60.0,60.548591034367064
60.0,72.42475725784499
81.0,85.61330239524972
81.0,83.04498161053692
68.0,73.72345982843046
68.0,79.2936939802023
39.0,32.55052013794926
39.0,71.40844118157173
41.0,34.3923530692968
41.0,55.29906924066108
59.0,60.102252229672615
59.0,78.4704762415534
55.0,53.61355566753133
55.0,57.12331386926877
68.0,73.91902196145418
68.0,79.40850941603412
44.0,47.89956591769305
44.0,69.71636469316547
78.0,84.13608552957601
78.0,67.62718971871936
62.0,65.83684175143276
62.0,14.808869992161533
63.0,65.1892698740117
63.0,94.07785558888617
63.0,67.96417106960104
63.0,67.7731941511974
48.0,45.42728409898393
48.0,72.98101934246586
64.0,70.6788184241251
64.0,75.57239755819148
66.0,70.00633707939096
66.0,22.720566175266015
29.0,33.080764358610224
29.0,67.23144702723334
70.0,76.14128650185336
70.0,35.20862164556371
63.0,69.69332034957353
63.0,76.90766783889211
41.0,44.34613078360201
41.0,58.13304129872466
56.0,54.95417211340026
56.0,37.91533161277181
52.0,56.145318042386805
52.0,39.65339932185128
70.0,75.33680456028645
70.0,70.59887735504617
37.0,31.55084420484775
37.0,55.48519797935688
72.0,78.90465106311382
72.0,70.67311369811665
71.0,80.45000352368288
71.0,40.90144548054815
62.0,67.33184765018552
62.0,53.842440657777104
65.0,70.76932170901642
65.0,39.43377696636048
79.0,86.76946396328287
79.0,91.62007602253487
57.0,59.4248129129719
57.0,82.22762908405753
76.0,82.72331015894122
76.0,38.268969189726135
48.0,45.28416924858726
48.0,67.38544689713905
47.0,45.231854379408844
47.0,69.85318954852926
50.0,50.56809169525752
50.0,47.40165108539719
70.0,77.11385098426888
70.0,77.31480283022597
74.0,78.86272483361341
74.0,76.14685516626889
32.0,25.443978103986183
32.0,70.17678565570145
71.0,74.72730594090552
71.0,47.39885490651659
54.0,50.80565933954978
54.0,53.60884681962989
72.0,78.3904170560686
72.0,58.72861812480153
47.0,47.29573627452771
47.0,58.07163627504923
63.0,65.40980081355161
63.0,69.3067479382558
85.0,92.92664638209237
85.0,74.90119717781903
72.0,79.25470740085024
72.0,63.43980036461545
64.0,63.00731048587096
64.0,68.26040525861202
78.0,87.41244118955251
78.0,55.79399054641323
63.0,72.81780871594043
63.0,58.25505149962606
38.0,36.03976917502638
38.0,21.131552602580143
80.0,85.39506212140464
80.0,59.253566205571815
51.0,56.42909385011717
51.0,58.54883752898189
70.0,76.66628689302973
70.0,82.91363392658292
42.0,35.03852677012287
42.0,50.998380311696565
53.0,52.59274922268207
53.0,75.15433411682938
73.0,78.5547933419237
73.0,71.71941206126195
58.0,58.65971761320384
58.0,62.337883881418236
57.0,62.247706048979694
57.0,61.337154017611226
52.0,52.16709617946651
52.0,86.54240142527294
54.0,57.6844652521537
54.0,75.6079889971794
66.0,67.96436807627123
66.0,65.19889054683733
72.0,80.28946808325145
72.0,66.36608319297102
57.0,57.45419960366701
57.0,71.06471646727846
72.0,78.24936637401822
72.0,36.77716244813337
71.0,75.92315590545735
71.0,88.81743781153261
44.0,40.87735253672582
44.0,77.45789344842956
69.0,73.64865187689077
69.0,43.771228558562484
51.0,49.12983579022665
51.0,29.22200787691429
44.0,43.81372214742993
44.0,6.7799659009361335
57.0,54.73192047283078
57.0,70.02840142103514
40.0,38.39692104853543
40.0,57.63100017108479
53.0,56.178546839311764
53.0,34.096961395579854
66.0,71.55028336918838
66.0,77.7002314105086
58.0,61.81113714009467
58.0,55.48531169350423
59.0,61.41852912517464
59.0,73.10639836491708
57.0,54.9771802113234
57.0,58.03700300651906
55.0,56.54532003776063
55.0,75.31736556884584
58.0,58.273222960223166
58.0,28.774289299053123
63.0,64.18422124934875
63.0,71.98800398999543
71.0,76.73888469194111
71.0,52.99776101241912
47.0,53.29367487847867
47.0,42.39268665967961
73.0,80.21510113290077
73.0,66.68832304910234
69.0,69.53166826987433
69.0,69.39771294562269
44.0,48.75031667415425
44.0,69.05069126715983
53.0,54.344177171874094
53.0,45.96891982437819
73.0,78.34535756645977
73.0,84.9349522123041
73.0,80.77826402063243
73.0,69.00348764224151
53.0,57.0421726097826
53.0,72.23141744856906
38.0,44.50491254207566
38.0,68.21437756209014
41.0,35.854449342221415
41.0,79.72738371471598
73.0,77.99739065583964
73.0,81.61309756640799
68.0,75.7616321939704
68.0,53.21917058765115
47.0,44.18184271577218
47.0,67.9990857439845
50.0,50.658908559081
50.0,47.193568030453264
37.0,39.49018665978514
37.0,27.819613754977922
49.0,49.571315836380734
49.0,59.10761960448667
55.0,57.87961800649862
55.0,86.43959601511193
84.0,91.41053273463518
84.0,61.489458620839
73.0,80.38701468384505
73.0,54.47280597313767
65.0,73.1225893591128
65.0,72.64606122922754
38.0,34.17787379397379
38.0,15.357933295127395
80.0,85.70851676934404
80.0,68.63943136666836
33.0,37.58789686052319
33.0,15.355991164319107
73.0,79.13321546476362
73.0,48.582374035710984
42.0,43.23608968378545
42.0,70.31726068910967
70.0,75.81375991863746
70.0,76.30298486769232
73.0,75.33788950495057
73.0,65.53653973969256
61.0,68.13812566638023
61.0,84.64386049672709
78.0,84.95688992848949
78.0,29.15303025458337
63.0,68.97646296784023
63.0,37.08555133760643
43.0,43.855627333404584
43.0,71.4724253026198
40.0,36.94573741962864
40.0,83.30372198149138
44.0,41.722095041154205
44.0,63.53459447100818
47.0,47.76801859800821
47.0,87.29822190221682
66.0,74.47334304374897
66.0,62.719985974960025
63.0,69.59583682803793
63.0,57.291823332946706
71.0,79.92698574780928
71.0,52.69382412706625
72.0,77.64036843065452
72.0,33.6226596335992
52.0,50.24636610251491
52.0,73.34103062975299
70.0,72.54618372769363
70.0,55.52422930605411
69.0,71.72595838406079
69.0,34.477007738801774
62.0,67.5485244719602
62.0,45.97253840482091
62.0,64.10487557731761
62.0,56.26697522302959
55.0,57.57696410517741
55.0,74.22476548611041
61.0,67.31884626283932
61.0,62.14573851508965
49.0,48.372495412452736
49.0,70.49617959747252
68.0,72.83384620691197
68.0,54.11216009583404
60.0,61.114555464562386
60.0,54.762711336942345
61.0,62.00568563078207
61.0,39.22566675500656
63.0,68.76275751821464
63.0,69.26694308185228
68.0,70.96530984732749
68.0,11.64911680613585
40.0,43.36768137312407
40.0,70.7699515528875
73.0,76.1719983786873
73.0,27.275412396677154
21.0,17.01817205367263
21.0,33.20593101467841
54.0,59.44036836106659
54.0,70.83163341862775
54.0,50.94284320560075
54.0,12.291653426232642
39.0,39.75040922977581
39.0,34.5297998922897
44.0,41.67486845651547
44.0,80.28287325966642
51.0,51.22563726330742
51.0,35.718553534750185
64.0,67.44672573140923
64.0,27.28900110893096
65.0,71.80390305413073
65.0,83.14196867399716
66.0,70.74397618744621
66.0,42.59977397894801
54.0,52.81990275363319
54.0,23.431586633853783
65.0,67.07741476635118
65.0,62.5856424575411
52.0,54.153666105708226
52.0,27.43245699984641
52.0,48.35586468549815
52.0,64.17540179723454
19.0,11.752073996505203
19.0,72.64842945764218
73.0,76.7725103837102
73.0,42.97613631597244
55.0,58.2950584877089
55.0,61.11254787040099
79.0,83.94356575534698
79.0,27.7292445671996
64.0,66.65365761744886
64.0,38.05791526080725
61.0,61.25426212134664
61.0,55.92334616437006
31.0,32.67238962392247
31.0,56.424372638853185
75.0,82.79599880275885
75.0,70.86843834773197
42.0,34.933894451945946
42.0,76.52660183016667
24.0,22.707616566298043
24.0,69.32461485311114
59.0,61.66269628091169
59.0,70.48863031481864
70.0,77.19735791435193
70.0,63.06317014787351
55.0,57.16284585490831
55.0,52.99772438469358
64.0,66.02107753577371
64.0,70.43911181801406
82.0,88.4653342607499
82.0,70.4877128238864
71.0,76.58083367011591
71.0,38.569813896258324
33.0,34.2076108204854
33.0,74.35339967251167
72.0,78.14490539596306
72.0,77.41921232361472
72.0,79.34840785752658
72.0,56.226259908467284
66.0,68.67689144270355
66.0,52.07024066923998
81.0,90.10486468420663
81.0,21.110347646874402
72.0,78.20341151110802
72.0,64.34839462029441
70.0,76.04332812936343
70.0,76.29745689935385
63.0,71.58356419724112
63.0,86.40048948089816
81.0,88.66722918837957
81.0,77.31352118045731
55.0,63.41947568066291
55.0,81.11838634162461
74.0,80.99306517944291
74.0,69.33054626508499
25.0,17.59743053479957
25.0,35.60694131640474
75.0,80.55959678068956
75.0,71.23118511242546
63.0,68.28485437938701
63.0,56.15555867136237
65.0,70.1865721031516
65.0,81.80955177724582
68.0,73.40878973595409
68.0,70.48555965116532
57.0,57.48577792781248
57.0,74.5039079798018
50.0,46.23919933404517
50.0,76.92616145023811
72.0,77.67162586490235
72.0,75.49842691672933
65.0,66.81398981746844
65.0,76.94188979610738
67.0,71.77363437383008
67.0,50.90443004645397
32.0,31.972266579939912
32.0,80.82523917741736
36.0,32.664139920479954
36.0,33.491650133690825
74.0,78.14348905168919
74.0,74.42191490459277
63.0,68.28485437938701
63.0,78.98259424617618
85.0,91.23762275977339
85.0,85.61782057191306
72.0,80.10491318168675
72.0,72.46759132790555
28.0,26.26337180897957
28.0,74.06208829402226
70.0,74.47303561736669
70.0,75.05181795439705
54.0,52.525034099756965
54.0,30.499728114177117
21.0,16.927046842743948
21.0,21.385582251531503
78.0,84.18011692955844
78.0,54.185939453060826
38.0,38.68325692494574
38.0,22.21323768889272
56.0,60.95395330294485
56.0,86.2288386134598
72.0,78.57693435549487
72.0,77.88850069813827
72.0,74.80580655618178
72.0,81.26087309955739
65.0,69.90672660599591
65.0,38.86349800236002
51.0,55.61010340406597
51.0,68.01359448650084
53.0,59.42301394359015
53.0,69.98668879165473
64.0,68.73852659169512
64.0,10.281981670988898
76.0,81.66702263627485
76.0,81.20163419258864
35.0,37.16193018926316
35.0,16.505777723628853
76.0,84.46073259992409
76.0,44.3503141057156
75.0,80.81006855679516
75.0,47.37194694987892
31.0,31.169954565005128
31.0,67.2454406117746
70.0,75.7854707349702
70.0,81.50122160222816
65.0,70.68207174526208
65.0,41.658239428011484
55.0,55.66962866286849
55.0,58.2455659484346
71.0,79.52805224892319
71.0,61.02208638611563
61.0,63.771952634578156
61.0,15.357933295127395
56.0,53.92835026497676
56.0,55.3517386089535
74.0,77.3383373547627
74.0,66.1858154568447
69.0,70.08996305933454
69.0,67.18624812417625
62.0,67.01889594306988
62.0,57.58931793641955
36.0,27.166606041824252
36.0,63.197971666957244
64.0,71.91800638093264
64.0,67.25529372967355
71.0,76.19730492615793
71.0,66.09287170840594
51.0,55.741036217005956
51.0,54.9006400804289
63.0,69.41563749392049
63.0,61.954865048540796
66.0,70.79343815022861
66.0,21.13398681519294
55.0,47.787661258092726
55.0,62.28792509903178
63.0,67.73447836831951
63.0,43.04414213157435
69.0,69.05303823034586
69.0,60.10574584954111
74.0,79.48606078686328
74.0,49.99786164162924
30.0,17.514082170518748
30.0,41.08948494210409
62.0,66.40064141858528
62.0,50.69712478580186
50.0,46.628179967477934
50.0,50.991006809552005
57.0,59.60090161987836
57.0,60.93300487927422
68.0,73.1452289269526
68.0,57.3934975279347
49.0,45.381148355557684
49.0,50.68343474274343
65.0,69.72379516505231
65.0,23.086756299172066
37.0,33.06875630927965
37.0,81.61237799225177
81.0,86.03521296790899
81.0,69.344111711305
22.0,18.650667211563814
22.0,44.8130819987544
51.0,53.45495259342931
51.0,62.886144169992576
71.0,75.17185259752972
71.0,81.64859580449121
74.0,79.22817883684274
74.0,73.05871075989523
38.0,40.80283907662755
38.0,85.88599674717705
57.0,61.11598431695802
57.0,76.9727911978755
68.0,71.50959532565838
68.0,65.72968958572153
77.0,81.94789678060249
77.0,74.69559120138769
60.0,65.82751319590943
60.0,73.98721119889393
52.0,54.444543030963814
52.0,85.90154039675394
78.0,84.68917178019802
78.0,58.67749379580408
57.0,55.71963801772512
57.0,62.75023814116503
56.0,61.9022280930501
56.0,66.01478605741437
58.0,56.22372911583557
58.0,69.65108073414729
69.0,71.77145517709806
69.0,69.94533547450726
68.0,71.06974921909494
68.0,72.51483491622588
66.0,66.52967579900275
66.0,34.82845664055401
67.0,71.46340927495777
67.0,53.4052096185809
52.0,54.98655694110596
52.0,38.455912277753896
2.0,-4.153230813479695
2.0,81.64977739042786
60.0,65.49266855121806
60.0,65.70049095231525
77.0,85.6702037340512
77.0,73.82797686820953
72.0,77.51879418864513
72.0,63.70945938215624
61.0,64.62644121924166
61.0,40.46934897849712
62.0,59.255724790468776
62.0,75.95083418947115
66.0,71.68150637687194
66.0,74.23225916468868
65.0,70.38359217119194
65.0,42.2853688192925
67.0,70.51691861662442
67.0,83.29817335872923
45.0,50.05717981727315
45.0,36.7439464713201
67.0,72.06853673222292
67.0,41.39698451891246
70.0,78.4504194070106
70.0,20.863493804162772
71.0,75.97211495480968
71.0,80.61405260864763
72.0,75.73273669785846
72.0,70.43461778912382
34.0,33.227074632267374
34.0,65.8391110139828
67.0,70.3310437864177
67.0,69.71194493636227
64.0,68.65447546025155
64.0,74.7387092851921
25.0,28.396719520727004
25.0,36.59105536201764
62.0,66.8790162613526
62.0,49.94570812321035
71.0,74.37804195028616
71.0,42.164406619494684
70.0,78.78201287934547
70.0,76.89548650323752
67.0,73.51875770745062
67.0,34.09513983456219
67.0,71.82499217873544
67.0,65.28249580762434
23.0,25.093092450811355
23.0,33.87406013201053
68.0,70.16902372232641
68.0,55.84181085846092
56.0,62.820712619221695
56.0,77.45490201265
57.0,59.60346519356739
57.0,63.68261216964851
30.0,28.905722658784498
30.0,81.06466361944007
59.0,62.32262093810908
59.0,34.744062516058875
75.0,80.39197850154864
75.0,30.582720905198187
64.0,71.67398353815491
64.0,75.19485773797288
77.0,85.227271250932
77.0,51.712602951664906
61.0,61.96532289939864
61.0,52.68241342723661
69.0,76.60983776059823
69.0,64.57757875621814
65.0,65.76382231165638
65.0,92.06316655764186
69.0,73.54680744026831
69.0,60.73292919238531
72.0,77.73324412195814
72.0,79.53182266294891
75.0,76.75656393585422
75.0,70.137094646462
66.0,68.7304006597272
66.0,57.15316057347417
45.0,44.9397561822085
45.0,76.8326997624805
72.0,78.64110061869769
72.0,82.48415533357166
56.0,55.13798612288787
56.0,38.23999007308822
70.0,73.15025665156327
70.0,43.84143321794204
58.0,62.13769914043871
58.0,76.5106339950222
67.0,69.58289870182301
67.0,76.59007040382807
54.0,58.58856834261218
54.0,76.240561828088
51.0,51.846436489655844
51.0,49.67799284731507
68.0,75.16513921575694
68.0,84.40367980957973
68.0,71.59026045168105
68.0,74.88252948150006
58.0,62.24281757165568
58.0,80.3974537048091
69.0,73.2360423777294
69.0,26.300134140595105
43.0,39.5962086630409
43.0,60.328816546611506
75.0,83.18637862194947
75.0,75.59526266261014
73.0,79.56291289749771
73.0,90.52892824444626
77.0,84.48294192945224
77.0,68.59329409187347
70.0,73.89615270547108
70.0,51.369416828755845
53.0,53.27505205162629
53.0,79.46363272718787
49.0,46.53524852174996
49.0,53.02552418299297
50.0,49.4696919175683
50.0,78.77408193176689
44.0,43.25563562725597
44.0,20.303034184630405
51.0,55.57141289752866
51.0,29.413674251641623
48.0,48.18834195524158
48.0,74.52408493609545
58.0,60.267799430081766
58.0,85.3418120869988
81.0,86.60085889510202
81.0,8.596344584250176
55.0,56.17844825557188
55.0,76.85532761583067
40.0,35.25095876822155
40.0,57.608038261567174
59.0,58.65692450377003
59.0,63.376838766784886
76.0,84.57625785043592
76.0,77.28097957773502
66.0,67.92039492147745
66.0,76.65854935556342
62.0,65.37705747530367
62.0,69.83982244728463
61.0,56.2483100013913
61.0,78.21213912007511
52.0,54.822692488019015
52.0,77.08753590138912
69.0,70.51437638748365
69.0,27.930835521082656
84.0,92.10211133464924
84.0,76.76030761180795
20.0,13.283099319382757
20.0,24.385072714704336
70.0,77.20278131588816
70.0,66.28244876150393
71.0,78.35969955285827
71.0,77.8265827006141
75.0,81.77455892801436
75.0,63.5815438352422
70.0,73.92267325850287
70.0,20.76018348739791
77.0,83.6918981451567
77.0,76.81099071236355
68.0,73.27911512358935
68.0,38.500141755465165
39.0,35.5833305617665
39.0,43.64382293188413
77.0,87.41701993895686
77.0,77.74164088512168
76.0,82.49054823694706
76.0,47.28748768134585
56.0,61.23718625833453
56.0,68.23561886537664
68.0,73.8971151445698
68.0,64.97052670170706
63.0,70.23939604380291
63.0,54.68652283386592
66.0,68.79163005912153
66.0,78.51384529245536
55.0,58.333496318587436
55.0,72.46180436282981
72.0,77.54297731907752
72.0,74.23932922202425
63.0,68.74331119383083
63.0,79.44643316982592
22.0,23.20267438586302
22.0,74.00508849185707
76.0,82.65183871475017
76.0,54.63591299799248
44.0,44.05386729904933
44.0,25.25354494123792
69.0,72.32201852028658
69.0,35.507700728484565
70.0,74.82456688781139
70.0,83.12946509962899
63.0,65.09321834386412
63.0,46.08795794115281
71.0,75.47474588985392
71.0,35.690652872435805
70.0,74.26761979411799
70.0,78.71831560832982
50.0,49.8318802193545
50.0,79.98443275423159
73.0,76.86827345784212
73.0,76.76189068309202
69.0,75.60246056738384
69.0,56.515579628553894
38.0,37.95331352781312
38.0,68.39238513318787
61.0,64.4790198986621
61.0,66.21706099956197
50.0,52.952943020318855
50.0,-0.32744939996172207
65.0,69.57572529380985
65.0,70.82448016073857
70.0,73.10519263041391
70.0,28.586104104067772
73.0,78.60365504509559
73.0,52.78713598107299
62.0,63.290610722109705
62.0,52.96115832246511
67.0,71.48552049992605
67.0,66.62409664670503
73.0,78.49002634727299
73.0,65.17904608713724
68.0,74.42016077271575
68.0,73.22168549212819
77.0,83.07644353104314
77.0,67.35830863776272
52.0,56.82692652256111
52.0,61.734651819208466
58.0,58.45060203201979
58.0,47.72979021969081
24.0,15.426919703544797
24.0,65.75263059539003
59.0,58.33463790420069
59.0,56.97104800215129
56.0,59.6968510694939
56.0,49.6636883104411
27.0,17.91691817198881
27.0,74.15864485655072
39.0,41.753939517739184
39.0,71.8241407036557
39.0,39.37530438283801
39.0,69.67412125144847
76.0,83.52264442005713
76.0,60.106445575198904
75.0,80.61174553122277
75.0,61.783409402682196
72.0,78.5287260460338
72.0,68.78851550040508
65.0,70.42532509011369
65.0,57.155693637434354
69.0,70.95646099778418
69.0,84.26525211161152
49.0,46.20990049559964
49.0,72.99535508886743
70.0,75.97431280816215
70.0,69.01105860843916
56.0,59.481774201813266
56.0,62.16906145810083
47.0,54.597766126130864
47.0,31.708773716569794
68.0,73.96863660209283
68.0,24.4628884255564
56.0,55.9445877933249
56.0,44.318415031473364
66.0,72.43558088315046
66.0,69.73539202570771
73.0,79.08902692429103
73.0,52.17492776795598
42.0,35.87043358938922
42.0,82.0859914000905
62.0,62.4704296348811
62.0,55.93219087043087
64.0,66.82587536785462
64.0,68.46370217937442
71.0,77.01549002935701
71.0,69.37405135532828
65.0,70.8873819111563
65.0,48.47457638526021
12.0,3.6381660749178764
12.0,81.43394353719441
60.0,62.84488428030329
60.0,76.85095007956977
68.0,75.87397704270518
68.0,66.85183525678542
77.0,83.86448328266965
77.0,36.5167726710996
61.0,69.27271293572647
61.0,63.36565947283265
51.0,54.47737577680351
51.0,58.79920328553874
74.0,79.44555379419432
74.0,59.40280420019474
73.0,79.35229939724746
73.0,23.52122329826517
56.0,52.70693346731014
56.0,72.91896472101831
78.0,82.58581852974174
78.0,68.08551092910733
55.0,56.904723895443055
55.0,80.13436791452273
73.0,81.362760387148
73.0,72.479402338385
77.0,81.40561081250945
77.0,57.293363122607445
67.0,68.07989714505379
67.0,65.60559607709001
50.0,48.56029031983155
50.0,74.26442930547609
69.0,73.77290323909722
69.0,53.43820765261506
79.0,88.67678931907182
79.0,88.09639797053057
58.0,63.97348530420072
58.0,10.781795023828295
69.0,75.6576893379102
69.0,67.5701551448862
56.0,57.3252403179722
56.0,71.04137193491886
39.0,32.325850556964554
39.0,66.5944300233287
69.0,77.854456477361
69.0,60.68275822922118
73.0,82.65830693848852
73.0,43.88439468144247
22.0,18.446804901762505
22.0,70.81079272137941
73.0,77.46425402981106
73.0,14.766431390934827
71.0,77.98061111724712
71.0,79.00106247004527
60.0,61.49189314609907
60.0,62.97782869027509
61.0,62.79350107756477
61.0,72.18936584604063
45.0,50.42186846774632
45.0,59.029590784323716
73.0,81.93838252384728
73.0,35.922505711871736
37.0,31.28378635698374
37.0,56.15868797498348
70.0,78.49902873630964
70.0,57.96896165606779
44.0,41.56974323326284
44.0,45.086266563020274
29.0,25.710581283206068
29.0,59.271666830731135
46.0,37.74008575959215
46.0,46.748696513392474
55.0,55.06079663146102
55.0,57.79617884476306
71.0,77.12935945853741
71.0,62.710089188417214
60.0,57.44221181617911
60.0,58.629671162380816
33.0,30.919354709614936
33.0,71.98642048001216
50.0,47.094671793002476
50.0,34.090179652583686
51.0,48.70564585232489
51.0,44.36617619006216
66.0,72.07328283409839
66.0,78.6561911726177
76.0,81.77328185174599
76.0,60.09824789172666
35.0,32.58775706087914
35.0,70.02943920364442
87.0,94.70474978212928
87.0,73.44258832908906
66.0,69.36760079148519
66.0,78.8477584168428
35.0,38.7060773898105
35.0,74.79215476981591
64.0,69.44102701038065
64.0,72.14989921900974
77.0,85.90680577348866
77.0,45.931820595677095
54.0,53.645107709870786
54.0,61.218884937439896
83.0,89.43311547290915
83.0,63.58057471351174
20.0,23.377713397985247
20.0,19.13963558035033
74.0,79.74039775829482
74.0,84.41526707456688
30.0,27.348495116849108
30.0,76.09522849387184
82.0,87.93122191850125
82.0,88.00870211686095
80.0,88.83263965133807
80.0,16.97811781137375
75.0,81.06090558499028
75.0,56.75678559846864
83.0,90.84619912590972
83.0,34.1576300389591
78.0,86.66757043744178
78.0,54.94569113709082
73.0,80.82460143416773
73.0,80.75882176513534
25.0,23.393113129890764
25.0,60.298133290255294
68.0,74.59772293362369
68.0,59.06672872080344
59.0,62.763964567474886
59.0,79.46283723910727
65.0,70.58125369181937
65.0,60.007125752237926
63.0,63.39562607467735
63.0,54.90868307313082
67.0,68.47275791118716
67.0,4.8390119131177585
72.0,78.77630426459984
72.0,74.3105877518048
82.0,89.45871365792686
82.0,57.941908380199834
46.0,48.050231440784444
46.0,69.66511540673116
41.0,36.10934773510644
41.0,70.9921475896478
66.0,68.71104566618664
66.0,89.54686121096182
60.0,61.415965104190946
60.0,53.728649256194274
53.0,54.830358565091615
53.0,70.79435100136493
54.0,57.60280879849813
54.0,66.99189190431429
49.0,43.659284140812986
49.0,79.10977745287994
35.0,29.591887533637305
35.0,91.14786369274117
13.0,6.283099385150933
13.0,52.63522538045214
73.0,79.2308508092496
73.0,65.77492295570016
68.0,71.6325542621837
68.0,60.865977167661015
65.0,66.60666071091373
65.0,85.56184201146402
45.0,43.570408945528925
45.0,57.761432855934856
56.0,59.96391058697844
56.0,53.73237742239081
74.0,82.238969022417
74.0,82.04881282695897
40.0,42.057187830700514
40.0,19.851532548213072
33.0,23.27864275292518
33.0,46.22495894101513
50.0,47.67956032666649
50.0,61.771151299134885
66.0,69.56073052887865
66.0,56.70076319600918
23.0,25.558980580447837
23.0,52.5765295134309
64.0,67.51076165007623
64.0,59.96493553836501
29.0,25.862645243558177
29.0,65.87065987397034
37.0,39.732555668220925
37.0,88.57649025046516
85.0,92.56412762379841
85.0,39.90486468182837
39.0,39.651409716387946
39.0,45.954274491736044
70.0,73.49590439021813
70.0,82.2239604020998
51.0,47.798781731518034
51.0,69.02620198057843
18.0,16.487323202884
18.0,78.60046395073402
74.0,80.86377974732125
74.0,69.07104764649165
68.0,75.80881133360134
68.0,38.447737532798214
69.0,73.259655627158
69.0,39.115321549979285
64.0,70.27722405830173
64.0,40.308330648190974
41.0,36.963554783791494
41.0,51.86235686136382
69.0,77.69922694605458
69.0,84.85322359642504
43.0,44.834236476304056
43.0,66.88283030934929
80.0,86.93981905226377
80.0,40.71639267640239
66.0,71.8171504678948
66.0,83.66388402635238
71.0,79.45127549075181
71.0,80.01249734355616
52.0,50.779319365207186
52.0,46.42403384133394
76.0,80.61216304050384
76.0,58.83148478663247
68.0,69.71008912383849
68.0,43.37403093798821
61.0,61.17160978206164
61.0,38.87296408883509
57.0,58.46732820082957
57.0,6.7799659009361335
36.0,23.569875603941682
36.0,72.45407186368635
53.0,50.75115886482604
53.0,73.75520039858384
65.0,70.60494181449997
65.0,72.42907248721463
24.0,21.892336797304495
24.0,69.4066150838301
37.0,28.11462725364686
37.0,79.10107735134625
41.0,44.12403865723263
41.0,36.52866427506848
52.0,47.33416838156853
52.0,27.106540053139668
68.0,72.27526522199821
68.0,53.90980139011117
65.0,70.14063858343002
65.0,49.426463046522315
55.0,55.051222043671714
55.0,73.26441908665942
55.0,55.38887879055733
55.0,54.854358021873736
56.0,58.55012905587381
56.0,54.647735098206624
60.0,61.51981502116797
60.0,65.02267824576796
74.0,78.67111820218906
74.0,74.5485507992235
75.0,77.56420859764415
75.0,65.57979066581981
60.0,64.30114026553053
60.0,81.11866303430816
67.0,72.9588199282822
67.0,71.51613295563243
75.0,82.04579209223283
75.0,52.947436011926584
73.0,79.7692556211814
73.0,71.22449917835428
77.0,79.92733238907715
77.0,48.48792049460877
40.0,36.873115020884995
40.0,66.127298528295
72.0,78.48789697767273
72.0,54.46259316657756
68.0,69.8002115648269
68.0,37.20644744147131
71.0,78.21320828463485
71.0,90.2287737353754
78.0,83.00742702983985
78.0,41.69909696454704
21.0,18.677082125201878
21.0,77.47986467923369
65.0,72.91966904492244
65.0,83.18073272165788
70.0,75.97590376928707
70.0,82.25159198747787
53.0,50.603610447069116
53.0,46.993700236136306
56.0,56.19965416417841
56.0,37.328916515062815
69.0,74.03056333573164
69.0,58.71497395072129
50.0,48.339637022563466
50.0,79.65788538030733
76.0,82.82642390532823
76.0,67.55904309266754
51.0,52.641319779494665
51.0,50.206434674141406
36.0,31.57188691588135
36.0,86.36233603379486
68.0,76.3122568081788
68.0,72.09635313440134
64.0,65.92944003245236
64.0,63.97261034320161
68.0,71.38073496002067
68.0,56.763397691390594
53.0,54.12190359875268
53.0,77.9341097993343
17.0,7.958882138326146
17.0,76.44543658088372
48.0,51.66068261522133
48.0,74.61770348984095
67.0,69.68238036752643
67.0,76.03280401074244
35.0,30.038948029216158
35.0,71.04392023531449
54.0,57.60280879849813
54.0,57.03857008240362
46.0,45.95122560856345
46.0,75.63636779059203
45.0,50.73291423274833
45.0,86.88059613802085
77.0,83.41091305214724
77.0,84.81925145121983
49.0,48.72783248551167
49.0,71.61496356176889
65.0,69.59147258600177
65.0,65.593484618775
59.0,59.099783860785976
59.0,76.05541207627152
73.0,75.8202676075004
73.0,86.71575241074675
66.0,71.21469429177273
66.0,57.900116475040875
76.0,83.4516478527895
76.0,82.95003394903199
67.0,71.97658065237545
67.0,68.0195267100072
65.0,71.14347043369293
65.0,53.35726072518543
48.0,49.38979466598312
48.0,45.87107892275441
33.0,30.07884211742754
33.0,23.185293759325134
72.0,76.14919930061757
72.0,60.92949593247147
47.0,54.02554036013407
47.0,73.1173991786871
53.0,53.14541549674698
53.0,60.03016674896094
39.0,40.37623909293109
39.0,66.1070112160076
65.0,70.3455930554365
65.0,69.18651410075523
75.0,80.15493061650733
75.0,80.89084045429212
57.0,57.665852571233074
57.0,64.82744992912012
53.0,54.04911700752439
53.0,14.466637896203565
77.0,82.2831708876912
77.0,70.65650582296809
54.0,60.81598522927271
54.0,65.49498014656967
63.0,68.62878027287712
63.0,61.477294746779876
55.0,56.45391385350547
55.0,67.56325200756186
32.0,29.34158097777089
32.0,26.41047721613353
40.0,34.63356434144845
40.0,78.16113674123505
43.0,50.56915522997923
43.0,70.50576693544951
74.0,78.65114532033061
74.0,71.77586816241893
54.0,56.14524248111837
54.0,61.971328389747214
67.0,73.60398012954346
67.0,93.42767947283653
73.0,75.67476701669699
73.0,28.160033662627768
42.0,42.138192214085166
42.0,83.1800852239142
69.0,74.26036096372565
69.0,20.20936832927424
43.0,42.218989903743875
43.0,73.10303117669633
39.0,36.273224783765045
39.0,71.10288481059484
51.0,53.34740890502326
51.0,55.29010350810728
27.0,17.59743053479957
27.0,82.50019259707443
59.0,58.848814486587
59.0,71.62445213024017
25.0,9.288981472153807
25.0,70.08938402495784
70.0,74.65453666648887
70.0,72.6130059132962
64.0,65.29486844742416
64.0,43.05801100318109
52.0,53.092904957807946
52.0,74.11076160007474
56.0,59.03924603431352
56.0,60.18131105595245
75.0,82.3945116758864
75.0,63.70354961943377
66.0,74.54776776918573
66.0,52.28135282392162
29.0,23.2618955740179
29.0,74.25030758810203
55.0,54.99979238029465
55.0,81.71300410421316
58.0,61.066730472013944
58.0,58.37313485700275
69.0,74.47264656672081
69.0,80.71768860132562
65.0,66.52064937575165
65.0,72.3441110345351
76.0,81.95877561947066
76.0,55.79382629907491
58.0,58.56983555013505
58.0,68.86221701239583
67.0,72.41779977628192
67.0,59.14721768553784
77.0,82.78674185093621
77.0,63.081901733263805
74.0,78.21548051571347
74.0,44.35975636672703
63.0,63.86326732285846
63.0,52.38785676780452
71.0,75.71101153578894
71.0,16.598502151730088
53.0,57.870502834202114
53.0,50.51533909270887
64.0,68.07454407541422
64.0,70.50267545770828
22.0,10.552288634779131
22.0,74.91175560178658
76.0,83.51109711473174
76.0,31.28378635698374
62.0,64.63894034500817
62.0,69.83588315386066
72.0,78.8761989599513
72.0,75.38720118466813
70.0,73.62088344365418
70.0,10.596380707623155
61.0,59.33271323034029
61.0,45.5121764879504
68.0,72.98055640729956
68.0,71.82902235136464
54.0,58.370329292915414
54.0,76.83905357793486
51.0,50.98661249140372
51.0,79.23382865679798
72.0,77.24642715245511
72.0,42.67494840810116
75.0,81.48552498176088
75.0,45.93951454696304
73.0,77.72220460006758
73.0,71.21078732304602
78.0,84.89025037292242
78.0,76.33295234913857
76.0,80.7360736639967
76.0,13.737230402461876
36.0,27.61922040865619
36.0,73.19961039129367
67.0,72.49873016613714
67.0,65.8007072511125
52.0,54.28543282297096
52.0,62.469367311981784
51.0,46.165666790254704
51.0,64.69713018620342
23.0,22.082263806831747
23.0,55.7647660563448
29.0,24.07176493621506
29.0,29.30403162326786
64.0,72.05566833628808
64.0,64.90652420071001
49.0,52.77625174220657
49.0,51.91414780659335
21.0,23.925653901134694
21.0,81.88580204019877
75.0,82.1839200398199
75.0,45.809483006313144
59.0,60.73916896391961
59.0,49.67935607403956
65.0,71.26335014494362
65.0,67.14472693525585
40.0,43.4719067770493
40.0,70.44634643064074
48.0,43.84155499474997
48.0,59.441721814671325
45.0,40.92040503088134
45.0,80.66522343413021
56.0,57.03251773787338
56.0,38.887833066614576
59.0,64.7757932086634
59.0,77.11308413516343
65.0,70.08938402495784
65.0,56.432339774290085
58.0,64.03491229104617
58.0,78.09884334830537
45.0,40.03525839605436
45.0,67.01473423583616
50.0,48.020780364360576
50.0,75.85989293970783
48.0,44.69171401385819
48.0,79.85778367119013
62.0,64.90878565737427
62.0,61.66795422554992
52.0,52.618268504242565
52.0,75.82551995821882
21.0,8.523044069601042
21.0,65.16404638575483
44.0,42.13741822952386
44.0,23.450224274667278
24.0,10.909081430299466
24.0,86.14891407748325
74.0,79.88056453961713
74.0,57.9008691335124
37.0,44.8734647678379
37.0,69.7964111786381
44.0,44.588425590490715
44.0,41.30672707800164
76.0,82.24119964371368
76.0,75.24103659811584
55.0,57.7871858878442
55.0,21.63972526135558
67.0,69.64348010992575
67.0,79.53814373837116
75.0,80.91793928902314
75.0,75.11930627117914
70.0,73.49730897411462
70.0,65.99478173973642
74.0,80.15143248121245
74.0,57.052470215423625
34.0,28.64523566738643
34.0,56.64282613216227
57.0,64.26532431062901
57.0,67.98596744110768
71.0,78.86173197985408
71.0,80.667655562444
57.0,60.09855377622023
57.0,35.17775330011159
80.0,87.74595915919178
80.0,41.34213137089449
63.0,64.5166551403276
63.0,63.4217812856794
70.0,73.84744501109043
70.0,62.08724851846415
73.0,79.29439449345614
73.0,77.60696720296755
69.0,74.6637659149838
69.0,78.64559461802526
71.0,75.97300832829717
71.0,67.72359295705377
34.0,26.742442102257314
34.0,74.6118729987652
71.0,79.17320942738996
71.0,44.344010803679396
43.0,45.01937346129921
43.0,57.96032311842811
65.0,71.09937123644642
65.0,39.80208955472773
81.0,87.54315292701449
81.0,32.29487721009707
36.0,39.269355595410445
36.0,72.36893615875738
24.0,17.581150937559357
24.0,50.677188686471766
80.0,83.64122412680962
80.0,76.47208069217635
70.0,75.0523565026466
70.0,72.94762869121581
78.0,84.96582172271138
78.0,50.836024959908286
76.0,81.18015243038684
76.0,52.68422075013922
22.0,25.411182048653416
22.0,78.76515682288812
47.0,54.04266663577664
47.0,80.34970469140035
72.0,74.95923426690865
72.0,86.05612675690725
77.0,86.08641558087095
77.0,74.75364761333879
69.0,70.91173106754837
69.0,45.90654650999193
52.0,50.94151312388499
52.0,78.45666828761682
49.0,47.71241566999498
49.0,66.26723336746704
58.0,62.44769592927565
58.0,75.25567902427457
83.0,89.60920157339802
83.0,47.250807003370596
39.0,38.88478092275108
39.0,78.01580833655436
80.0,85.57713859314521
80.0,64.38124453380618
19.0,20.065951049815
19.0,81.58186137390715
48.0,48.30407210358288
48.0,50.759307434844914
70.0,72.95789484773206
70.0,72.23079839817814
71.0,74.21115964670048
71.0,6.4714785619115105
73.0,77.14170727517705
73.0,66.25576360675666
54.0,53.109157638627494
54.0,48.98240750983348
41.0,39.897500236831206
41.0,75.33074805147038
23.0,17.567177007910516
23.0,73.80341065308306
45.0,45.20451858668514
45.0,78.57851961339838
66.0,70.3909248656729
66.0,39.39363309174121
29.0,19.02347233362076
29.0,40.97799845206532
50.0,49.828309233143386
50.0,76.72437194382138
66.0,68.77148218471712
66.0,92.07422781387345
45.0,41.96193938293811
45.0,86.6045241571777
61.0,65.36203583548792
61.0,66.72690335621735
63.0,68.33546614010658
63.0,46.443641077365214
71.0,73.48889021531255
71.0,57.0036345647606
62.0,66.07409855540539
62.0,61.640471663420385
78.0,85.03150157450517
78.0,48.24499348902896
51.0,52.02915208099273
51.0,62.06198302425173
67.0,74.18085510718146
67.0,66.69184521202874
34.0,29.728435286479055
34.0,65.19500906535245
60.0,57.90154922050556
60.0,66.24610717302858
54.0,57.392908546179
54.0,40.272451280902544
65.0,70.66269365165334
65.0,57.73677516858879
73.0,73.62088107496623
73.0,31.788077407899266
81.0,88.1249541153743
81.0,54.74076670455668
59.0,62.87360455321516
59.0,71.78565004436905
65.0,69.8631880562848
65.0,51.89810998228364
34.0,31.035097788124176
34.0,70.95208430406797
21.0,12.142683007287587
21.0,74.56422240092633
57.0,59.93005322704124
57.0,47.883770881817895
64.0,67.31203210690222
64.0,75.58401277133288
79.0,88.15656337413691
79.0,9.753207939415518
46.0,41.28459200981331
46.0,54.51022270399773
71.0,75.8800772425401
71.0,79.59017486685514
65.0,67.82741806107413
65.0,65.35138210427874
71.0,73.0745715784933
71.0,30.427749569507284
39.0,37.28628170668469
39.0,77.95036669988633
73.0,79.42208690104201
73.0,70.09258883391897
54.0,59.9999822451536
54.0,73.56078207058437
69.0,75.53923597337496
69.0,78.13010673364874
66.0,68.44174838974413
66.0,51.100495616331955
63.0,67.78142031375347
63.0,80.2665006834111
70.0,75.46266596164952
70.0,84.47638195603025
46.0,44.167525067793974
46.0,67.62089772987696
66.0,71.70626096718013
66.0,63.15475542965993
37.0,38.911103069066826
37.0,76.68973825234264
46.0,46.71665573713864
46.0,75.64970067688046
63.0,68.7713008933045
63.0,72.47960353466738
85.0,92.77855884930977
85.0,67.61172805101609
81.0,87.47419441495458
81.0,49.085064384826865
58.0,58.44575251460634
58.0,79.04225152991245
64.0,66.41927532889844
64.0,68.7150054875774
53.0,55.908486477738165
53.0,73.86965413281655
61.0,64.27692899753737
61.0,59.24339909412669
79.0,87.20538961132576
79.0,68.07887775282103
24.0,14.876850347132972
24.0,36.633957560177805
35.0,34.76757170883798
35.0,50.89110400878059
31.0,24.954193951969728
31.0,15.970606987651308
41.0,40.49664600551711
41.0,37.328916515062815
69.0,75.77519185384034
69.0,22.572669857430526
69.0,73.03394348008942
69.0,65.18003175940112
76.0,83.17465278834703
76.0,77.52718794270919
56.0,60.10355905525171
56.0,70.15100083710672
79.0,87.2766268294074
79.0,74.47636584466329
71.0,77.49554088440351
71.0,68.52255475459378
67.0,69.51956594612028
67.0,77.88670458186147
50.0,51.83866881738112
50.0,82.43258324967309
80.0,87.29021520344128
80.0,80.0969280536446
24.0,9.75281863987567
24.0,56.20924459933792
51.0,44.09010674477952
51.0,68.68627816999225
55.0,60.407411002869026
55.0,37.81715571758923
43.0,42.52644529598592
43.0,53.33664084588867
53.0,47.8508798815015
53.0,22.621772335115224
66.0,70.64163386700187
66.0,57.03554254493338
46.0,49.71954842462583
46.0,10.46275376491775
71.0,77.78401077612364
71.0,46.4098566936558
68.0,74.03661505821873
68.0,56.33130960302202
48.0,51.95709570944598
48.0,47.463922669843555
64.0,69.95503114451174
64.0,59.3919557720497
70.0,71.7961933353069
70.0,59.207853548674336
40.0,30.96759215358088
40.0,9.905740374614425
45.0,34.90471252818401
45.0,72.66007956748336
63.0,67.52293765366392
63.0,40.24240491108338
46.0,51.21819671301057
46.0,60.508063465286114
38.0,33.098495137114185
38.0,29.067815431482643
80.0,86.28479841507618
80.0,68.86171514195519
74.0,79.9822959117418
74.0,31.061904533456243
59.0,67.44012090545101
59.0,71.15611855681857
85.0,93.71815200059984
85.0,73.66123350719226
71.0,72.01841533269646
71.0,65.58496112286883
60.0,63.17202287397191
60.0,85.21004039924611
65.0,71.12029043262788
65.0,40.63305190285382
64.0,68.1782839660421
64.0,63.014314712369014
65.0,64.25522443568934
65.0,68.0470277702654
73.0,78.13537437417114
73.0,67.88144620287306
76.0,82.45564889602349
76.0,39.222175503965275
47.0,44.856163183096896
47.0,88.72668681563749
57.0,63.97749136507457
57.0,76.31123464199521
70.0,71.62026769905503
70.0,77.24766693520655
58.0,60.187742184033254
58.0,84.07630523264623
66.0,74.37305357148364
66.0,70.6416384525159
15.0,5.170239472998617
15.0,68.43981822068685
61.0,61.73426381815932
61.0,64.74770175746482
77.0,84.01908984441809
77.0,60.171220506956274
49.0,55.5739774946519
49.0,68.9387264830965
52.0,55.37398897670448
52.0,46.55349848593568
66.0,69.89592144219989
66.0,64.8331406144793
51.0,49.062495233307686
51.0,56.047363405691215
45.0,49.2553675290946
45.0,60.74526514305825
69.0,75.95866217946207
69.0,69.48165408317874
66.0,70.50179204332807
66.0,50.987148259707794
54.0,56.10565263367471
54.0,63.411421679049965
54.0,56.85961320971887
54.0,65.7998287239709
28.0,8.69221556471905
28.0,66.05039653699532
70.0,74.25251042492954
70.0,74.70439172543371
36.0,28.144942386341086
36.0,68.11614343951993
57.0,56.9200896395962
57.0,63.41794125363106
64.0,64.96709386401005
64.0,81.80503488774201
71.0,78.0454117684182
71.0,67.57065815576573
65.0,71.77807310092294
65.0,61.09903767353586
77.0,83.54578530300586
77.0,38.59416641165939
42.0,39.79907154739686
42.0,76.60364053348451
21.0,14.581272774581805
21.0,74.14524117510297
62.0,67.45329943120362
62.0,79.13324793584292
52.0,56.510501389983574
52.0,89.07221530792714
39.0,35.63006380444057
39.0,83.7248055873178
69.0,75.62632110687605
69.0,63.07760597855582
66.0,69.35532075545632
66.0,59.91128793778847
62.0,63.25382841496776
62.0,25.874275277419258
70.0,72.54499505786708
70.0,83.49724281213304
52.0,55.15629481480164
52.0,41.505335328756644
70.0,77.08390274739133
70.0,68.8422481859048
48.0,52.073022248186305
48.0,58.608347523720454
74.0,77.80562174794483
74.0,62.05039703049721
68.0,71.18338490859986
68.0,84.20788888773257
44.0,36.68757594500471
44.0,42.27574810452313
72.0,76.53556744578208
72.0,41.22945301661082
72.0,77.18129378309294
72.0,61.48727082825013
47.0,52.79177711241704
47.0,36.59732086036615
48.0,53.46133755337644
48.0,74.69038414651573
72.0,77.43884500460416
72.0,81.80909431470843
76.0,81.80770567554731
76.0,72.91633757623026
73.0,78.45731320713787
73.0,71.68106527771181
62.0,64.31460811987085
62.0,60.19342814972481
56.0,55.653713692284896
56.0,67.80005711046596
42.0,36.94886719808835
42.0,44.54856826038167
64.0,63.90378246003468
64.0,44.36410083623389
20.0,16.013370780066168
20.0,82.09391744905139
63.0,66.55862183194506
63.0,78.54159161736027
36.0,39.208042983109635
36.0,42.07294272563354
57.0,58.14774686548873
57.0,54.50795653885973
61.0,65.35691037558263
61.0,75.1478885742618
66.0,69.92015037256408
66.0,72.96602284367941
71.0,74.7035556659107
71.0,60.57697914957805
66.0,68.93223528637458
66.0,66.10533760970759
62.0,64.74188781646416
62.0,68.2977867392392
71.0,77.85237554560746
71.0,51.68133747537729
66.0,68.44543496868141
66.0,60.72049398773862
53.0,61.14303907799399
53.0,39.43777613943348
71.0,74.14967283471242
71.0,67.92709150836436
65.0,68.49288564271689
65.0,55.29010350810728
65.0,68.53784673908132
65.0,87.41630491914896
65.0,71.2179037469794
65.0,78.24936637401822
67.0,73.15986905753118
67.0,60.505540920876
29.0,25.058381965056697
29.0,56.89819459013728
75.0,80.66865466242291
75.0,68.07251882762131
35.0,31.706415597130103
35.0,68.73420468050313
65.0,67.37395912931731
65.0,37.1351735857225
64.0,65.58314542091074
64.0,56.042903036121345
75.0,84.93047172959461
75.0,43.74014942618982
39.0,38.96126003840777
39.0,58.048386238644355
45.0,42.40799133744633
45.0,68.33285466114927
37.0,38.92511522357245
37.0,33.816593417165336
62.0,69.6681635700549
62.0,71.87799153877978
24.0,5.816480775089019
24.0,72.53882357902472
32.0,26.1741794401662
32.0,79.13446547382767
44.0,54.929370043189124
44.0,70.65896553728919
75.0,79.2047133845212
75.0,78.04966470106808
70.0,72.94172767618022
70.0,76.32863843973115
46.0,48.71038181131752
46.0,78.76275361972625
42.0,38.94973266186736
42.0,71.95026694894011
69.0,71.9018278242321
69.0,74.17260913524643
28.0,25.54821461745712
28.0,40.2460635671971
72.0,79.47658076898182
72.0,19.706799426824205
37.0,34.698394082191214
37.0,74.60942629311756
81.0,87.723491331714
81.0,54.108670528154335
73.0,79.41435756736178
73.0,33.62607631418223
39.0,39.34375607092511
39.0,58.70314629516031
44.0,43.12875974859327
44.0,20.01403020967558
49.0,49.007616819310215
49.0,65.44663585608822
46.0,50.22954225286293
46.0,83.6452105402364
16.0,20.70777514886646
16.0,36.02236899130935
31.0,28.622161575436678
31.0,57.495120317873784
52.0,51.0829800184182
52.0,31.355210976314254
61.0,65.36229683622577
61.0,72.94724282208603
77.0,81.90532626018137
77.0,64.46339880925393
49.0,46.98257465067945
49.0,66.6622560095849
60.0,57.95376840510164
60.0,66.87276215028015
61.0,65.83704835839495
61.0,46.58199902184509
64.0,67.77329821401366
64.0,44.01485035501514
63.0,68.69635655850925
63.0,65.31580418292566
43.0,37.52331730678242
43.0,71.10543151947138
50.0,45.10249789206648
50.0,38.725606113864046
68.0,68.5243030138081
68.0,81.72839113715725
57.0,59.71878202808762
57.0,59.75408091953892
70.0,74.57407222937906
70.0,46.63868858096737
70.0,75.89868810909377
70.0,79.90720596306431
65.0,69.66828693031226
65.0,70.10248704920838
73.0,78.46141054919275
73.0,86.0721456034309
39.0,37.488833047487674
39.0,39.508076615748905
58.0,56.54653032122542
58.0,77.3895781045822
70.0,75.70155087322297
70.0,54.51930523285648
50.0,51.037503201044615
50.0,80.09721482296447
78.0,81.36813257022152
78.0,71.41549016078068
70.0,76.87361736783595
70.0,77.85647214848666
72.0,78.04240676259417
72.0,66.54776528081874
63.0,66.30841510727868
63.0,78.00171126679851
55.0,53.32739494482519
55.0,32.01740560120544
64.0,68.75860834211113
64.0,61.91289040569944
78.0,82.83464394720181
78.0,44.0330312354468
63.0,65.7428118518061
63.0,78.73684234354585
71.0,74.55862052352285
71.0,50.10227307393046
70.0,76.66747426476445
70.0,28.62423737767955
54.0,58.92119216074872
54.0,15.978154095621562
52.0,56.26697522302959
52.0,63.64415896159187
14.0,14.328295183932937
14.0,65.47243453753157
64.0,70.20811072839086
64.0,62.19117659184798
35.0,33.754427103493356
35.0,67.35702189079609
67.0,73.73574397944839
67.0,66.65890996272287
70.0,74.43381786102861
70.0,41.72268264525195
45.0,41.832097764132584
45.0,90.15856960915562
74.0,82.11681983128778
74.0,37.17138954218012
61.0,64.13447400475116
61.0,49.33125011222148
54.0,52.41431046597734
54.0,56.52423152343829
70.0,73.79234629159038
70.0,34.59217310158999
73.0,78.44348368162065
73.0,70.16919233934192
47.0,50.08424564969988
47.0,38.08985905292292
65.0,70.8235525811491
65.0,75.25452192488956
75.0,81.59290896766964
75.0,54.10316400543746
68.0,72.4042640066537
68.0,70.68129105471871
69.0,75.20955115235586
69.0,49.29698590894765
71.0,73.6912906114872
71.0,71.28322351163399
67.0,70.89187466260825
67.0,74.13406171591862
52.0,57.65906184361495
52.0,52.02832325695044
54.0,59.999137460432735
54.0,35.779237456639066
62.0,67.95073777127891
62.0,76.85963835892608
55.0,55.833649005990594
55.0,67.02204608444316
71.0,74.87718785279543
71.0,65.37390719193559
66.0,70.07673976976594
66.0,67.22953988037682
68.0,73.76467237578402
68.0,68.18186971373689
67.0,70.36663807269622
67.0,79.10885882318058
24.0,12.034351221526833
24.0,48.91317647937126
51.0,53.66250344964806
51.0,54.051879768232254
71.0,73.49590439021813
71.0,89.30530850772146
72.0,78.82993150929599
72.0,75.98642693533594
28.0,28.414048279727524
28.0,82.61472943320837
80.0,88.25233681719425
80.0,82.726620625301
71.0,76.27426407361855
71.0,41.707879741224986
67.0,73.54098656190882
67.0,83.89265879604699
76.0,82.19418707876696
76.0,86.42377166553018
65.0,72.79023524525428
65.0,79.62083285448449
72.0,80.62135264272598
72.0,83.16088091377918
72.0,77.93768950219226
72.0,54.09543647576106
62.0,63.74012992061398
62.0,50.77601732757478
29.0,15.340832266324696
29.0,73.28355200500539
43.0,41.41565912172467
43.0,61.687246598316506
58.0,59.634433381844815
58.0,67.54756890632945
63.0,69.25335361225467
63.0,64.40365477045782
63.0,71.57615669903356
63.0,55.32151118920774
68.0,70.03652140842263
68.0,46.09025046774684
37.0,33.85497353305783
37.0,65.85195359507372
71.0,75.1848420666305
71.0,56.03789603133555
64.0,66.9922591154484
64.0,79.59590962736246
48.0,54.05488857268875
48.0,66.36703884861856
53.0,51.93217470031857
53.0,77.97289213389718
61.0,67.97896537568374
61.0,58.384498616332394
77.0,83.57022473184924
77.0,37.56672539844084
48.0,50.9242478058066
48.0,46.63161462650254
68.0,73.85484553298636
68.0,38.223846751904944
40.0,34.27001339073718
40.0,2.936583158802648
66.0,71.1928049334519
66.0,64.78990872739479
29.0,29.916092673846663
29.0,70.7835794110004
62.0,65.57814242716483
62.0,44.3805748898954
77.0,86.1902040382214
77.0,18.523345809784246
64.0,66.63525607963294
64.0,26.431256491168313
56.0,50.11761651695252
56.0,81.36224111261316
58.0,60.97748160984111
58.0,82.49532654792819
68.0,76.91802722333688
68.0,68.25313332564622
59.0,64.83539471544475
59.0,42.03148787928387
66.0,68.21883590683643
66.0,65.98464653867262
54.0,60.286727720463716
54.0,84.2013926278205
67.0,68.43619794845443
67.0,33.06875630927965
39.0,37.488833047487674
39.0,69.16931437882965
30.0,16.37898037222766
30.0,72.14263522559958
75.0,80.84195906645999
75.0,22.6581822601932
77.0,83.81357440509112
77.0,77.99839568553813
29.0,25.22319960616437
29.0,72.53101232057588
59.0,59.088933450890295
59.0,69.99580006360787
52.0,55.1498770308454
52.0,22.344122007530302
58.0,61.905247583483344
58.0,67.64142515384935
81.0,89.35491883238166
81.0,81.68400134137471
43.0,39.2055416204081
43.0,81.39070768319391
10.0,7.289595691699446
10.0,47.64521884267981
70.0,73.32886322410138
70.0,63.98916154106428
63.0,65.73835315907644
63.0,79.22269995562692
36.0,31.81814995457404
36.0,71.48955413559031
58.0,61.917131226311085
58.0,31.089980897008786
76.0,80.2865569426483
76.0,59.00892241268946
38.0,37.67919681392186
38.0,31.998883464992957
35.0,35.787579618610664
35.0,66.34547344971139
66.0,72.12008514271122
66.0,72.94452055172502
49.0,50.22334716637772
49.0,70.05592619872215
58.0,57.614572184814335
58.0,16.518892142081427
34.0,36.05528311941026
34.0,63.514318225836405
65.0,65.48531460991762
65.0,52.10557683813636
47.0,45.22221433354764
47.0,73.96563843058874
55.0,53.430237011500935
55.0,72.34951108376163
76.0,85.12932787071873
76.0,73.71456005996572
58.0,56.93207354911567
58.0,62.607060201315505
77.0,84.55271819914196
77.0,63.01894066500171
66.0,73.31407994411529
66.0,48.06852709467836
75.0,81.21728010907935
75.0,56.95412071485208
83.0,91.16105812336434
83.0,52.510460444833086
63.0,66.7558738969089
63.0,57.872460313767704
26.0,24.113208970037192
26.0,65.82121691664457
17.0,12.453776866986516
17.0,28.06799522015791
77.0,81.61636979718412
77.0,61.34293105364242
70.0,77.17775712382058
70.0,59.89706631176011
47.0,53.095685726983106
47.0,72.39086581287944
34.0,36.27174107492539
34.0,36.5762791719726
39.0,38.75992084565115
39.0,78.80453795131649
64.0,66.2518184236942
64.0,69.56763702932244
75.0,80.77357551530622
75.0,67.14084666635546
40.0,38.12757574706768
40.0,57.2534188627676
64.0,65.73212189958917
64.0,68.06654858534358
71.0,76.21179771713616
71.0,82.11255879489374
70.0,74.02133246939053
70.0,78.40895926953772
30.0,29.717878112796882
30.0,63.17111519839369
45.0,40.02275146919351
45.0,73.42326029198546
61.0,68.16867776804878
61.0,68.31145211687749
82.0,88.26847544039782
82.0,74.83027441648193
61.0,65.5054786931156
61.0,80.77234590759474
66.0,71.4714264676752
66.0,86.83215465447137
45.0,44.363280331050134
45.0,67.68338173042298
78.0,80.74033341258382
78.0,64.02633542024654
56.0,62.00788967071992
56.0,74.20314095363489
39.0,36.212877494181384
39.0,5.918479583879673
47.0,49.16915029077171
47.0,22.14390501068783
74.0,81.41159514629697
74.0,28.793830765221117
77.0,84.74800559664237
77.0,65.36015191937281
74.0,79.77582278769557
74.0,30.779568032969678
70.0,73.58108336495548
70.0,46.09814228259529
66.0,70.64693301364014
66.0,55.32896520301705
70.0,75.24762076402345
70.0,66.40857995010185
46.0,38.208751215111704
46.0,18.761969457633086
56.0,56.019959180953606
56.0,65.30526382374381
77.0,85.47541913064583
77.0,21.918385969370263
63.0,64.63737067677704
63.0,70.35508237317345
72.0,78.41291066174273
72.0,76.6023408810629
73.0,76.19592713395423
73.0,75.75557650675768
71.0,73.8803430049714
71.0,69.46005164743337
71.0,74.88250676927339
71.0,75.69289722505869
37.0,38.05069379468716
37.0,84.25883787860869
66.0,70.9866835321784
66.0,66.19158531589494
59.0,62.76085654068646
59.0,75.12787941617484
59.0,63.105532456152446
59.0,78.2790381823122
70.0,76.53851244365967
70.0,66.73890491881082
77.0,81.08648031053525
77.0,73.83054485680361
68.0,72.33760879121348
68.0,71.62122979989562
41.0,41.60247296735798
41.0,78.55386134648722
69.0,75.12214850968883
69.0,81.60135531187916
60.0,60.55875223415802
60.0,67.5085991215359
66.0,72.42883888717085
66.0,81.71017722765077
69.0,71.64589342805039
69.0,66.59683713219567
76.0,82.80616885968806
76.0,48.36749238298199
74.0,78.38967011820876
74.0,74.5268351253423
39.0,39.441091914571814
39.0,74.46907956122942
56.0,61.52048300757224
56.0,82.06523973598541
42.0,47.01479925376805
42.0,25.114336926468013
67.0,72.55969222033883
67.0,45.691090935996215
66.0,72.26392594993291
66.0,72.55085599512842
64.0,70.34155379275353
64.0,-3.7759960691801098
51.0,50.989075568970804
51.0,69.18317716443659
75.0,83.32894125266387
75.0,39.46895231232713
68.0,72.6800234459871
68.0,49.866118405488464
62.0,63.86595489957517
62.0,81.81242975151008
65.0,68.06725083783437
65.0,81.89047541596739
70.0,77.42026868429184
70.0,66.21200957758731
57.0,57.71885503955207
57.0,55.37258556133327
35.0,30.085284361448714
35.0,40.86321164523639
77.0,83.09321537294693
77.0,85.46239631464397
25.0,15.934992746820285
25.0,30.606917626568986
57.0,58.859753121970584
57.0,34.347195088101444
78.0,85.58980070044367
78.0,29.95936565548027
64.0,68.9932636072034
64.0,50.08424564969988
61.0,62.976292390676065
61.0,64.0273043598944
80.0,87.70106777668462
80.0,83.02924443871206
80.0,86.05910236769017
80.0,13.831293966954945
53.0,51.35349266897191
53.0,57.947765432465076
64.0,69.95201820523135
64.0,34.56227723430112
49.0,46.773342680648796
49.0,51.32248236429865
69.0,72.90476007286975
69.0,78.64756809071991
42.0,44.62369713134382
42.0,40.57780625736473
55.0,59.45438125940086
55.0,51.123014708281914
61.0,64.50111960821744
61.0,84.44559175797065
77.0,81.69477096445326
77.0,63.909711868564614
66.0,68.89024676548428
66.0,67.57201697090022
65.0,69.84351149760539
65.0,68.8443044844841
53.0,55.248492694485776
53.0,54.27674579885377
72.0,77.52335775861394
72.0,66.43044458417035
56.0,57.91889973764319
56.0,80.7158118724193
81.0,88.25093033053872
81.0,27.37910889978275
69.0,76.05440337666141
69.0,76.97262094234162
47.0,48.06881085452409
47.0,77.87040303297516
49.0,51.922599672313936
49.0,38.392055442209255
73.0,79.39652033730971
73.0,54.16643241562264
72.0,78.44749862343997
72.0,74.11615100616592
68.0,72.13544575141702
68.0,36.47637823301966
65.0,63.58626713433955
65.0,62.29173322143015
36.0,35.61115656989256
36.0,57.39359903543874
69.0,72.83470429602903
69.0,48.03921532797614
66.0,67.70867577027371
66.0,85.3369207996185
73.0,77.89427556165305
73.0,53.42650791113749
67.0,77.03377561607198
67.0,64.12108520095802
46.0,46.65849502480489
46.0,55.49528834046987
76.0,80.78553231130792
76.0,78.79177154882211
37.0,37.488833047487674
37.0,51.47866556476663
64.0,68.71718816010042
64.0,84.0671291351851
61.0,66.0803623830322
61.0,67.21981352501268
68.0,75.46008529363701
68.0,40.19508784866571
77.0,84.0547257777792
77.0,31.55084420484775
53.0,57.58193949177746
53.0,11.309718242060512
61.0,64.69881665148404
61.0,57.261145680194375
68.0,74.61910921265104
68.0,34.92926873428473
63.0,68.2790594199925
63.0,52.333995077212876
62.0,69.01312535323945
62.0,83.46613183078364
57.0,60.09572371722936
57.0,57.73713819664579
63.0,60.9675307345812
63.0,55.215686145757616
66.0,72.04851394633613
66.0,60.015204720383394
67.0,73.47382060921399
67.0,32.507573580493215
61.0,61.039606212609215
61.0,18.08609892503887
63.0,68.71255202717794
63.0,79.90472731518201
65.0,72.22727607300021
65.0,64.52735639033796
49.0,58.413557003321955
49.0,57.20094924151755
52.0,51.1325492764409
52.0,44.318415031473364
33.0,34.140305622000824
33.0,84.01952240270606
65.0,70.52034490172554
65.0,62.10790953820043
61.0,65.39736645388143
61.0,63.874749975300574
69.0,75.41642095724097
69.0,62.23420669535153
62.0,62.708620325007075
62.0,65.22645278295357
88.0,97.3380481474154
88.0,63.663325618387944
67.0,67.25279792410606
67.0,57.0480087239751
80.0,87.66504108475442
80.0,64.70058252223339
19.0,10.175181310172263
19.0,74.6412022498804
53.0,55.89356031661936
53.0,16.956415208903707
79.0,82.36294817420327
79.0,61.317645781799
53.0,56.501597971163335
53.0,73.68047405298165
71.0,74.72809011472043
71.0,83.94689790908944
61.0,62.731108587458664
61.0,44.43158584678099
55.0,56.55649569400782
55.0,29.694345994224136
69.0,73.23327494047066
69.0,61.612007705776136
44.0,51.49464571095268
44.0,73.2278573822523
70.0,74.09409276501947
70.0,72.9501563328065
59.0,62.39678848537608
59.0,49.37733969195341
73.0,79.5888508074093
73.0,75.84240632537268
67.0,75.92413608010764
67.0,50.77221247858063
70.0,75.90251655631761
70.0,75.30292602589356
48.0,42.90648910061992
48.0,63.18552987085036
62.0,65.07121170461102
62.0,62.64819488502707
42.0,42.22707091853488
42.0,68.75643951439832
68.0,71.7705013708437
68.0,89.67107212632055
25.0,17.550242391180745
25.0,63.25378287119429
75.0,79.91681286250895
75.0,21.412025992713154
33.0,30.750157060145682
33.0,74.9749432657718
64.0,65.15912850906778
64.0,64.43368241465953
73.0,76.12999523863948
73.0,76.0477782853925
56.0,55.82564900997869
56.0,60.82481784008024
38.0,30.24815558097015
38.0,58.20422099849833
69.0,72.70296918502316
69.0,44.33513613120044
39.0,39.75040922977581
39.0,78.81124552774929
61.0,64.92584519400725
61.0,77.39889299959754
51.0,53.29203078698788
51.0,28.998015060331284
55.0,54.96345484462017
55.0,66.85275492674901
69.0,71.0100459637535
69.0,84.11360223931001
63.0,62.961653701555235
63.0,53.20786765676894
49.0,47.24813950373891
49.0,60.40645041833574
16.0,8.808976190414967
16.0,54.11294137640863
45.0,47.57549292042194
45.0,74.2194446440979
22.0,17.360250868651747
22.0,79.63910675219194
71.0,76.5285425201676
71.0,51.06432972892185
41.0,47.247210224642004
41.0,81.79490180545048
58.0,63.99321833370851
58.0,49.56301960276562
73.0,77.9085730784613
73.0,45.86535227110858
45.0,45.02498229922975
45.0,23.711771203627563
65.0,67.81045845856261
65.0,84.38704474494557
63.0,65.5884818214268
63.0,39.85546387292925
71.0,75.39531178583638
71.0,31.035097788124176
49.0,51.15244330127314
49.0,42.18313961528315
55.0,58.54632036555324
55.0,33.75190171464794
42.0,45.1715749469368
42.0,65.95718804586267
66.0,71.25867318222117
66.0,69.74780830881366
43.0,46.48326244820828
43.0,78.56237607897572
68.0,71.88937551032893
68.0,63.4700078982155
68.0,74.10894360536452
68.0,37.52722175788955
33.0,27.761505740050495
33.0,68.64130800322192
67.0,70.00484815220364
67.0,34.163459373648095
67.0,72.63504585284232
67.0,67.37487311908359
60.0,66.20029201259496
60.0,71.35101798348342
47.0,53.5076788587254
47.0,24.56471935789216
75.0,80.0390492568277
75.0,30.54702875076424
27.0,29.815748067860568
27.0,78.28812934540406
57.0,60.47322548133985
57.0,86.06482002268717
31.0,28.433839890640854
31.0,39.970566023369486
40.0,36.66861291744857
40.0,31.55084420484775
59.0,62.86414446612855
59.0,18.962149274121373
76.0,84.2650319122983
76.0,48.62204311629097
73.0,78.4006771167119
73.0,71.5915501971811
66.0,74.3479761043061
66.0,73.02348812600303
60.0,63.28067714543346
60.0,50.29223328001842
55.0,63.37093150483685
55.0,48.75710601037275
75.0,79.78085445795381
75.0,74.91594955023544
34.0,32.2796606992527
34.0,64.22854656087912
55.0,59.3092347551671
55.0,59.305394705591596
76.0,81.20967800211673
76.0,65.40926873864834
66.0,68.62089697680108
66.0,59.06672872080344
66.0,72.51516725703851
66.0,43.77494375410993
73.0,80.22035246967738
73.0,88.40018437322198
56.0,59.987909604515096
56.0,80.13787517706572
68.0,71.07185183865948
68.0,48.706317364733934
44.0,39.643444943173506
44.0,4.8390119131177585
71.0,72.45246374740339
71.0,70.68989375142553
68.0,71.24157310412858
68.0,66.36939573059806
66.0,73.3131904354226
66.0,73.73146182251861
70.0,76.54744179211355
70.0,71.80016380685771
71.0,78.81467187749575
71.0,78.50028069114819
12.0,3.6381660749178764
12.0,36.65947858446293
52.0,51.70834452462378
52.0,30.94300683783382
70.0,76.82058506364876
70.0,83.13398105892878
44.0,43.547057165670424
44.0,67.539534075326
54.0,55.94035597972612
54.0,26.43357422784061
70.0,74.14650694770916
70.0,40.92263767006443
80.0,85.47341124631407
80.0,78.61538564475694
68.0,74.24843964849038
68.0,61.99529236563944
60.0,60.624716693058076
60.0,81.44531549328826
61.0,58.95004242111213
61.0,50.23496938765271
79.0,85.66921125948977
79.0,87.23029322058574
74.0,81.1232726062023
74.0,79.84078142903343
45.0,45.34594263411975
45.0,79.63202812780128
45.0,44.033228115511406
45.0,46.819625382501556
33.0,25.57736937453467
33.0,75.4850090617208
83.0,88.69810755498304
83.0,66.91325724553633
34.0,35.35376581004607
34.0,38.583565019626235
63.0,67.14453716476783
63.0,86.38163716034478
59.0,55.85524003764209
59.0,7.414496048476508
52.0,46.201406745506176
52.0,84.28811301572364
71.0,77.6937447793274
71.0,21.702628351920566
62.0,62.092125855666666
62.0,64.39109485042417
25.0,7.998658566163499
25.0,24.229084651137498
65.0,69.15068484173332
65.0,47.27854149855176
44.0,42.30792785627318
44.0,35.854449342221415
72.0,77.54387843848224
72.0,79.37734813535883
43.0,48.672969661498996
43.0,75.6336719694765
39.0,36.16578179935914
39.0,51.360590470929424
47.0,45.44771378250783
47.0,46.72758794151429
49.0,53.90394846536367
49.0,92.38181709536241
65.0,66.6917116210019
65.0,70.49461276749247
62.0,63.82346781038507
62.0,72.66036448869505
71.0,75.8472531343221
71.0,72.15535709872455
74.0,78.21069734364659
74.0,68.41881857126975
73.0,78.97753619915295
73.0,80.27692580031095
11.0,3.3185017663675467
11.0,50.43742642242751
22.0,17.94033760525076
22.0,84.56781933324646
37.0,19.746579051897868
37.0,62.552001914167136
47.0,54.35725155634782
47.0,63.55337494580584
61.0,59.64693822653703
61.0,88.79733578594636
48.0,40.98640480336212
48.0,63.60468725678675
38.0,38.05200397864712
38.0,82.74002862493637
41.0,40.073194191094274
41.0,65.34588247065386
72.0,79.5633684582653
72.0,62.541765144617045
46.0,43.42423819984964
46.0,71.76053486150187
60.0,63.01614584195852
60.0,33.541337583139295
27.0,24.454211508759272
27.0,49.889436598685506
32.0,30.247057145733947
32.0,73.85714468794737
67.0,73.47923663042565
67.0,79.53887241805091
59.0,58.764244957045776
59.0,51.10109692146335
62.0,62.21212385321439
62.0,61.150885740455635
70.0,76.12671684036098
70.0,46.08795794115281
67.0,73.21400133002015
67.0,76.69501398800315
62.0,66.7812762850109
62.0,79.51021223835085
71.0,77.96201371503128
71.0,88.49027717793871
29.0,23.44238577690993
29.0,75.36727310506404
71.0,76.58230108310454
71.0,51.84162617401995
24.0,12.239452779815053
24.0,76.71092366667892
62.0,62.91391422063231
62.0,48.45920148206591
50.0,55.72248272416863
50.0,52.40339152050234
38.0,39.83830998614974
38.0,72.36581499136508
76.0,83.1995000377978
76.0,50.09814044716097
66.0,69.86837004426155
66.0,65.31203210237794
49.0,52.806791862823445
49.0,29.717140454571336
85.0,90.34315158078851
85.0,58.45010790199018
53.0,53.946082011277326
53.0,12.740587982350917
76.0,83.25541319010034
76.0,55.388292081837335
69.0,72.44508477354498
69.0,58.901603366548045
61.0,65.49966901826537
61.0,40.579971349484026
36.0,29.257080057773123
36.0,69.47503487636106
66.0,73.77801574205006
66.0,18.48491934787984
61.0,65.91082200925166
61.0,55.87963697144079
47.0,45.89371766892589
47.0,24.36194557010583
72.0,79.2704630665121
72.0,64.47684070408576
67.0,70.41414813262355
67.0,21.63972526135558
27.0,30.273266141835677
27.0,65.46113438783124
43.0,50.21265239435627
43.0,55.14065206075662
51.0,55.190419775999885
51.0,52.27536530041857
69.0,73.76101668241955
69.0,23.80605101848937
55.0,58.00360349600385
55.0,28.843582747140317
50.0,49.26281799769748
50.0,65.0452007297796
77.0,80.58961467586096
77.0,80.2966535999098
74.0,81.70211630210053
74.0,78.8842658168428
68.0,74.29424198834266
68.0,49.82064547589346
63.0,64.01526693743716
63.0,69.41253696456897
71.0,76.79703401973262
71.0,24.954193951969728
80.0,88.41845225502664
80.0,72.91616219274641
38.0,40.63762807511989
38.0,77.56099869579265
66.0,68.40942315578468
66.0,73.82618245075878
62.0,63.89635428485661
62.0,66.90299854429992
63.0,65.27260103318167
63.0,20.455346980471404
69.0,70.82011996104154
69.0,65.90274189521665
72.0,77.29000704808527
72.0,47.14424243937793
76.0,82.07384832472928
76.0,44.63545912157713
73.0,79.78797569057218
73.0,82.47420607930513
36.0,31.64916210524433
36.0,51.82125502083568
73.0,79.45358021558735
73.0,46.86292337453568
74.0,79.50311987934879
74.0,65.73351483444401
64.0,66.4097095750721
64.0,46.77754736951374
46.0,47.037628483154265
46.0,68.25014869254238
81.0,86.61464642766686
81.0,81.44818391366783
66.0,70.34852674181263
66.0,80.34790365143402
69.0,71.89521782721539
69.0,74.17916643681491
54.0,51.06991688896102
54.0,91.98464380980784
70.0,78.23326474113952
70.0,76.41149849866872
59.0,62.88434119005444
59.0,75.98883502168343
74.0,79.68647292025844
74.0,36.633957560177805
69.0,75.81083856574656
69.0,71.88677636074766
68.0,71.98058995924515
68.0,46.37689043027683
76.0,81.8826514483373
76.0,36.25391022658465
67.0,74.67464558307114
67.0,34.34350804104673
54.0,58.21307880170656
54.0,80.42893557411844
40.0,41.549021437976876
40.0,69.55545016875129
70.0,78.50014297152472
70.0,69.58686783543249
75.0,80.40350142660009
75.0,37.657797104799215
74.0,80.44255304689432
74.0,72.8251133305406
42.0,38.37178139880268
42.0,67.60756248153746
61.0,58.06053370665836
61.0,76.36615506371015
69.0,72.6646609955016
69.0,24.113208970037192
39.0,37.995380794227515
39.0,61.565057683373084
56.0,62.411070403459746
56.0,46.54017064385101
58.0,60.37686791442337
58.0,74.41364208648946
67.0,72.18717049330058
67.0,43.13372796388802
14.0,19.602783373964485
14.0,49.32571396246669
63.0,66.08958156666722
63.0,40.96839507967684
75.0,79.79831632211426
75.0,55.62741386260217
60.0,61.84894021855712
60.0,5.918479583879673
82.0,92.94066888499793
82.0,86.06520891831155
71.0,77.34063407314642
71.0,75.53258620468995
33.0,25.00104317268
33.0,63.04263238979178
58.0,61.231275509017564
58.0,18.881732345058253
24.0,22.707616566298043
24.0,89.90098002891466
65.0,70.41669216332104
65.0,45.52580621943076
60.0,62.425664250062425
60.0,82.00253814851959
86.0,92.81089380826063
86.0,77.04859271908532
56.0,55.5462529970016
56.0,69.89587518365033
32.0,30.2045361844755
32.0,82.63631916729759
72.0,77.64036843065452
72.0,64.10906879398652
52.0,56.865888825331695
52.0,76.0716308402557
72.0,77.76229949367627
72.0,77.51828793691516
77.0,87.04800583400959
77.0,79.35986654804356
63.0,66.54305395777772
63.0,78.49587504391559
65.0,67.67568925643792
65.0,73.77847462954571
74.0,80.35686971977327
74.0,71.60995769903002
71.0,71.21772659033257
71.0,36.68171776267502
68.0,72.89640445912511
68.0,63.03375126176462
43.0,34.736250628167795
43.0,78.34100386954498
75.0,81.76392430533622
75.0,75.63968243311831
36.0,31.49192135616221
36.0,58.792445134646925
59.0,56.985546286658405
59.0,64.62730413811818
31.0,27.759432565628117
31.0,67.74855188927046
73.0,79.18124887482543
73.0,45.42885891268014
69.0,73.34054712339423
69.0,63.07263953568719
59.0,64.83753400378532
59.0,71.65610162612819
73.0,78.24017011744633
73.0,45.06871737196411
73.0,83.29977126132582
73.0,60.43366034828989
55.0,58.17113440593829
55.0,84.9198914448919
25.0,16.67706799036813
25.0,50.43742642242751
81.0,88.97524244698968
81.0,77.0249945161687
54.0,53.69913353954661
54.0,37.67919681392186
63.0,67.66407144440097
63.0,74.58659930362347
73.0,82.14129933494837
73.0,64.0303203935764
54.0,52.357376922458286
54.0,62.67302695706741
84.0,89.23363153716758
84.0,49.57815086427132
52.0,48.71382729715327
52.0,13.417467123830193
59.0,61.38765369093994
59.0,69.77355205880485
38.0,40.54413181526627
38.0,71.77434875211964
61.0,63.97529163550905
61.0,47.18596592943686
65.0,68.87736200643087
65.0,56.510501389983574
76.0,79.26286187919447
76.0,83.22966360503023
60.0,64.52129120586875
60.0,35.86627611913872
34.0,30.520170017635223
34.0,39.56796743994312
36.0,31.869613887068397
36.0,61.74704670452638
81.0,88.6518213077419
81.0,76.14162116613306
48.0,44.69171401385819
48.0,87.84315048171715
35.0,21.024040668037742
35.0,48.49257578835784
66.0,69.29906678721403
66.0,72.65770540746678
44.0,46.29863790400151
44.0,84.03360691934836
67.0,72.1820165719472
67.0,44.087537250157766
67.0,75.78324269701704
67.0,73.57728676545224
80.0,85.47547877971738
80.0,79.60041200286116
65.0,73.99691737366646
65.0,57.07706496207936
54.0,58.6116788846449
54.0,45.98956040109414
50.0,49.46030983086666
50.0,35.282361767677855
72.0,77.74324311678794
72.0,70.38492118634247
55.0,52.558741870138476
55.0,87.84856012175874
72.0,73.77477978023057
72.0,74.80913189212339
65.0,68.09242140678532
65.0,76.98732045118703
18.0,12.760088546333805
18.0,58.922735388264925
69.0,76.83958567984087
69.0,66.95058725650262
71.0,75.05602929804712
71.0,74.83228568646672
39.0,31.474016619993392
39.0,72.28082087135874
20.0,-0.4375567967062466
20.0,52.71338780740888
69.0,71.8311856747701
69.0,61.41033097466084
51.0,51.985686127384724
51.0,74.59380744479733
46.0,48.58250015632353
46.0,49.51194927480361
75.0,83.0185553892839
75.0,80.24107241958592
50.0,48.24120834804211
50.0,76.88202749243044
75.0,80.58055220832205
75.0,73.70751585762798
62.0,67.3166742300225
62.0,63.28626639626407
62.0,63.83009630797943
62.0,73.08178990205914
51.0,52.02915208099273
51.0,22.30623325279413
51.0,53.66213021789804
51.0,39.123206598734896
73.0,79.6006374904984
73.0,77.73238071372754
55.0,58.807383009912996
55.0,71.39445091399
62.0,67.3269155721402
62.0,55.83678116693807
65.0,70.12500317772685
65.0,89.56201752131574
39.0,36.3587821253667
39.0,62.442190218204075
57.0,50.62263343517543
57.0,57.07776092304289
72.0,76.74168572525099
72.0,56.65389278551339
68.0,77.08274433814273
68.0,38.52872661722586
26.0,22.760612199189325
26.0,77.4535225359694
64.0,64.14227449417302
64.0,79.2971726447509
39.0,40.2050083783725
39.0,63.0452545735003
38.0,33.74938284417891
38.0,33.18957423590018
59.0,62.21198798126386
59.0,79.79405969841861
79.0,84.88644029046395
79.0,83.90087949277296
75.0,82.71848868648419
75.0,77.06673110709454
71.0,75.1368216003728
71.0,74.00298403590654
50.0,51.35083514497586
50.0,83.46875719632249
37.0,40.91502324193249
37.0,53.55138181356824
71.0,78.35471232452295
71.0,54.085661642346
66.0,69.7407297586397
66.0,49.50684945482965
30.0,27.964574405228063
30.0,48.699560444542385
31.0,36.89200220927057
31.0,72.97868038011006
67.0,70.98667549974294
67.0,73.22078063699269
61.0,67.45269498278486
61.0,41.05292120638296
75.0,77.36942993088843
75.0,37.76265563601328
81.0,90.59750746626895
81.0,44.69864095463754
64.0,66.0859675743182
64.0,69.25228335246123
57.0,54.60795444448303
57.0,72.62703836023684
53.0,48.66371243915023
53.0,65.43436563590723
72.0,77.74105977951831
72.0,68.0195267100072
46.0,44.681950334304645
46.0,44.999212740424014
74.0,80.63156092170749
74.0,73.2651637171208
66.0,74.02524263424215
66.0,53.17993937527899
38.0,30.14027219034739
38.0,55.80626743266657
33.0,16.783348982513303
33.0,15.206683260910722
77.0,83.21633348346654
77.0,47.279030818952435
38.0,41.32948628018676
38.0,60.2637608110594
60.0,57.47011012799999
60.0,31.706415597130103
67.0,70.43873485252487
67.0,70.2011395672589
30.0,26.726401374418344
30.0,52.66608479459961
72.0,77.46068732750581
72.0,70.10414074530883
62.0,68.46306282962416
62.0,71.956220380827
59.0,62.22420163667579
59.0,77.1691410549746
54.0,50.836984092810724
54.0,30.53175011489151
74.0,80.18530856561966
74.0,81.49987153534698
55.0,57.59795084988775
55.0,48.88288955701938
74.0,80.17397889603541
74.0,76.43630146192851
30.0,32.903971400133344
30.0,77.36510666067045
58.0,58.97204915381667
58.0,50.18442934744638
68.0,72.64399390586334
68.0,60.00041303747514
51.0,48.56236099795831
51.0,37.036372405537065
70.0,75.73453834134108
70.0,68.67416117356788
46.0,43.77642686543862
46.0,80.31678130973393
57.0,62.457730316486504
57.0,68.91381545821253
54.0,55.37135118058387
54.0,82.26168615011755
36.0,34.502210635436995
36.0,70.40718907180218
61.0,61.360522583329555
61.0,60.385894797465426
54.0,51.53831460232345
54.0,68.86171615734725
63.0,67.37784739900599
63.0,31.00224347561175
68.0,70.37042619831345
68.0,73.60076639458583
69.0,71.19284104605714
69.0,65.36757309156468
17.0,2.0486575875968924
17.0,51.68224923831326
24.0,9.662775784781559
24.0,81.29283451300114
52.0,47.947666299876175
52.0,77.5965256671193
73.0,77.49646258773993
73.0,79.03738395309904
75.0,80.67789240734083
75.0,79.52336039333909
51.0,48.96995874257004
51.0,57.22098506499486
58.0,58.43352921731736
58.0,40.620161057590565
57.0,58.14774686548873
57.0,35.18080095292191
67.0,74.6136230727846
67.0,75.09752125242778
73.0,80.67657071335924
73.0,69.8267293156631
62.0,62.90246583430877
62.0,41.00311505912413
69.0,73.44812258984933
69.0,52.02915208099273
44.0,46.98500746966306
44.0,75.4331658035519
65.0,70.00467758103451
65.0,75.53503387664563
47.0,43.246539257642496
47.0,55.74468566045567
74.0,80.14155686821289
74.0,60.921692798079846
81.0,86.27126329322124
81.0,36.57587441699417
53.0,54.6247690219779
53.0,66.6457394523784
51.0,55.69987508599132
51.0,87.06587370518236
65.0,66.48967527463554
65.0,32.605762479121836
36.0,37.94914988102505
36.0,36.7439464713201
45.0,44.63384771732569
45.0,61.86653796203274
81.0,87.02376490763908
81.0,74.58779935857979
61.0,66.67443717247102
61.0,41.661148800542776
69.0,73.04594905472675
69.0,30.733249893205198
12.0,12.068699712794569
12.0,48.35496879943099
73.0,77.29767284068811
73.0,77.47260364351007
72.0,75.87483751852113
72.0,78.01238738174294
61.0,62.91978491584871
61.0,19.068214854788152
60.0,60.2866146438019
60.0,78.82171086439553
44.0,45.42318268110381
44.0,57.9008691335124
58.0,64.55078042327773
58.0,44.19238491105335
56.0,54.39138065797499
56.0,65.52048094959167
41.0,38.27518334030799
41.0,59.85889528855046
72.0,80.47238065012942
72.0,86.2288386134598
73.0,79.32952967784195
73.0,59.2518531440802
64.0,70.80281032971209
64.0,55.77913842786012
44.0,45.46470873220028
44.0,68.36056229303352
71.0,76.66955380712977
71.0,66.87964959987022
65.0,68.11779395269986
65.0,81.92219372254903
65.0,67.09799522242724
65.0,43.86900218804021
24.0,22.99530239371967
24.0,41.31906551736722
57.0,55.13919282413423
57.0,85.39796686466076
55.0,57.83059326346785
55.0,35.0532063843055
44.0,43.03061118214163
44.0,58.16171583295073
43.0,39.042776049143356
43.0,55.905869278161674
64.0,66.76879517022087
64.0,67.40065172200849
17.0,12.453776866986516
17.0,56.51054585133903
36.0,32.40708322824429
36.0,81.5639351968864
61.0,65.2328589736183
61.0,77.46951000359473
4.0,5.802127837490332
4.0,49.07492787475877
74.0,79.62589982282822
74.0,53.62873466750477
82.0,91.1317086794549
82.0,51.451453323349256
73.0,72.47751571927188
73.0,66.87380910888339
40.0,40.64531805993556
40.0,58.9604323141603
69.0,76.17114368397779
69.0,84.60009810517795
15.0,5.391621636271452
15.0,31.730815463649378
71.0,77.03507421763135
71.0,85.86133538201369
74.0,79.66856220752186
74.0,53.35579253702787
68.0,69.73598227363755
68.0,67.61188365185535
59.0,64.00985800058476
59.0,76.68918066666225
59.0,62.396997130362024
59.0,61.70469155784343
45.0,44.532291527400844
45.0,54.59743849853396
61.0,63.95454802114449
61.0,80.74800913184168
31.0,27.931917593489175
31.0,70.97488268141512
46.0,44.86021868403424
46.0,65.47899090660951
56.0,56.539454937832886
56.0,71.00910093431952
48.0,53.74952189273586
48.0,60.10207034252477
64.0,65.89212264924299
64.0,51.78023064824907
73.0,78.79380331807539
73.0,21.13398681519294
28.0,30.824501088365196
28.0,83.15996035358245
75.0,83.21596297429306
75.0,36.72385894399309
66.0,69.69651678165758
66.0,65.19708924669482
72.0,76.88619798137944
72.0,32.55052013794926
36.0,41.852805193375616
36.0,78.096473130515
75.0,81.83353664160609
75.0,66.71591636725168
76.0,80.4021787596538
76.0,77.50851962897218
53.0,56.908798916135254
53.0,49.74963354240015
61.0,65.85444170149935
61.0,51.933883869710485
62.0,65.23993627954536
62.0,12.965214947683307
58.0,57.52719591399023
58.0,72.07290019532184
66.0,72.50472207976412
66.0,73.15875810546163
51.0,48.69413642215687
51.0,74.81038580587227
71.0,73.12596929775003
71.0,81.10291414798598
61.0,64.15620996744883
61.0,60.94774594447506
64.0,68.72555102197106
64.0,50.094912529201224
53.0,53.531405912542255
53.0,78.9609011132992
85.0,91.4495727065061
85.0,73.92052813325188
68.0,73.01478823262198
68.0,73.9531098654466
74.0,80.19795981546145
74.0,62.658278247472026
48.0,50.94432777039822
48.0,59.775643294273436
77.0,82.89639604525303
77.0,71.37639140037805
66.0,72.27853571242298
66.0,58.33223354751192
69.0,75.75170770677465
69.0,60.84054839000129
31.0,23.970314080763444
31.0,60.829261726060906
64.0,68.39238513318787
64.0,23.772767241717645
52.0,51.58158011765778
52.0,75.17015073591188
57.0,60.37174531174554
57.0,53.59821841763744
75.0,81.1453588464571
75.0,43.286120111762955
31.0,27.51214157335795
31.0,11.827711359008617
37.0,36.93666735787019
37.0,79.35540341319813
75.0,82.34589706124495
75.0,49.98515445762274
72.0,77.4871341834882
72.0,59.60415214370778
17.0,17.41735446968198
17.0,65.97918082189591
59.0,62.639356008795744
59.0,61.64773566128264
76.0,85.2036028645569
76.0,71.15895602167029
43.0,45.75881852607182
43.0,72.87804527323993
45.0,43.67834807091572
45.0,77.68500607680488
71.0,78.11730272607286
71.0,61.02457286687087
58.0,62.262103956568694
58.0,86.21418657929263
64.0,65.18036647045909
64.0,44.008978719723814
39.0,42.19509031794064
39.0,39.904319357268264
76.0,82.91457355304863
76.0,86.93447477132503
60.0,60.543725114386234
60.0,77.2512184202132
70.0,75.58325522539815
70.0,71.38111538246818
45.0,45.39658701326641
45.0,60.19598701488695
60.0,61.82144682531879
60.0,79.22420556317184
74.0,80.58426608010245
74.0,65.59274757073223
76.0,82.41039832024728
76.0,69.09410565426407
30.0,27.350650485293386
30.0,67.38017258030123
72.0,75.55797176946163
72.0,27.277514462284955
74.0,76.8761044973478
74.0,81.61311056135582
46.0,46.55058151655953
46.0,42.63683149224261
59.0,62.774108004366326
59.0,67.45391812606192
46.0,47.65554119905687
46.0,68.37402827423062
62.0,65.11087595612042
62.0,63.10194641995986
53.0,58.45040360773004
53.0,5.479757543585208
70.0,77.7526127497564
70.0,57.71667239066579
66.0,68.90362368532055
66.0,41.05937710116291
53.0,54.57379281200883
53.0,83.41249251968156
49.0,45.419195679622135
49.0,65.59294344338707
78.0,82.80280324308603
78.0,97.51314243094043
54.0,57.09565239856397
54.0,42.69647521331456
67.0,67.89083607707863
67.0,62.408594300000914
69.0,74.81615823134877
69.0,75.23794078852177
67.0,72.88558734250194
67.0,15.941311944932409
66.0,71.23408679477518
66.0,71.38452786153289
68.0,74.9128061502106
68.0,58.250724698674105
68.0,71.69669099051532
68.0,18.119225321073372
59.0,59.90790952957536
59.0,83.84191413148324
65.0,71.23257270623378
65.0,73.80700380902846
74.0,82.53617789565044
74.0,59.36923963723615
71.0,79.03985104783567
71.0,89.13666089846214
71.0,75.00390529011366
71.0,31.455887131794782
52.0,56.25767525984696
52.0,43.855627333404584
41.0,43.861914041618206
41.0,84.32601050896113
49.0,53.852915145325824
49.0,56.16313420095719
61.0,65.39324140880296
61.0,83.77678714447904
50.0,49.48055328951722
50.0,61.089063575752164
58.0,62.32728339576869
58.0,69.42658413246113
69.0,70.90009041136443
69.0,54.03295426201959
57.0,60.52091461850597
57.0,35.621569660450405
74.0,77.85848034322947
74.0,78.00254835624378
72.0,76.98359568656457
72.0,27.428829897400988
72.0,77.37487840017974
72.0,81.71025278215956
68.0,66.86754825887698
68.0,71.91342865850788
44.0,47.82818725445833
44.0,75.30697685222168
59.0,59.76473432122839
59.0,76.47762355650417
61.0,60.17951851980746
61.0,68.87577541684874
82.0,90.45912029292623
82.0,81.02080319549759
69.0,72.73523968277033
69.0,74.04970187179191
64.0,71.24735385298186
64.0,56.42172312418256
76.0,79.20901971526729
76.0,66.78206279062374
70.0,71.07671500325142
70.0,25.525861695525805
68.0,74.56898493872308
68.0,74.60656640749983
57.0,57.532759002884234
57.0,53.01103874654916
69.0,75.13359187361345
69.0,57.903329769466666
34.0,32.28530521208182
34.0,84.62952239504477
65.0,64.41433386906908
65.0,66.41594984737014
37.0,29.952057834772347
37.0,79.53259258485372
58.0,61.531648950524186
58.0,5.395669454291692
50.0,55.353628930003254
50.0,20.347600392979643
65.0,70.65685398105916
65.0,50.51761007867589
74.0,78.4704762415534
74.0,57.51921041191514
66.0,73.27628100067284
66.0,72.82977173911189
60.0,61.4024108893978
60.0,70.98662457585232
79.0,85.68432807706404
79.0,40.90073235276162
23.0,17.366510721441955
23.0,52.962298026479914
66.0,68.39057129480022
66.0,48.962995493181495
29.0,15.113281477340593
29.0,73.8679044506581
72.0,75.92562807821997
72.0,79.48475187107192
64.0,70.56103520528785
64.0,78.77986684007436
31.0,23.185293759325134
31.0,38.67941549870841
71.0,72.51529582596578
71.0,71.39653114389807
57.0,57.44536954573715
57.0,66.11080719924627
65.0,67.20109817477885
65.0,58.770428669431624
73.0,77.54801583107718
73.0,76.51342745145985
63.0,67.5411216743044
63.0,68.83165685057799
61.0,61.07054334038719
61.0,76.515912366024
71.0,75.16302600901685
71.0,72.00278457515117
69.0,70.55122776052121
69.0,90.41799334585664
69.0,70.50200552633214
69.0,67.1376739342868
46.0,48.60880105171401
46.0,52.97598436742197
68.0,75.18833474814375
68.0,40.48505488583305
35.0,26.42424707125781
35.0,84.2699623443678
67.0,71.36211345368656
67.0,68.0737346750335
36.0,22.758858557510734
36.0,13.249919012011787
66.0,68.44490368412909
66.0,71.6466915177254
56.0,53.76240791190378
56.0,61.73439987179569
38.0,35.36337838900084
38.0,78.7599407698379
78.0,86.80602304965208
78.0,55.499693248122355
67.0,71.493544270077
67.0,15.728935227713464
61.0,67.63201726833279
61.0,38.807704140579915
72.0,80.90573924111999
72.0,78.70897283123048
59.0,64.95914711812662
59.0,74.16532537977741
64.0,68.45725217983227
64.0,57.88725547619748
71.0,78.81025366955527
71.0,2.2780452908085635
48.0,53.91935405464886
48.0,80.27314879887098
72.0,76.89025605375627
72.0,79.83665972827367
43.0,38.4287791838978
43.0,56.29076990992809
58.0,54.286209069372774
58.0,77.59199884465954
13.0,3.447387923701285
13.0,78.99998175279813
50.0,48.96128956816517
50.0,11.542603975667703
69.0,74.97083706421586
69.0,24.663046811459765
51.0,55.82676547265862
51.0,71.78346758341286
54.0,55.702277211220405
54.0,42.113070976374956
32.0,32.53375015389565
32.0,14.876850347132972
59.0,62.472002171895326
59.0,66.68648490700366
45.0,49.48891912370152
45.0,66.66306424516551
54.0,59.17148305258786
54.0,58.100858519848884
67.0,72.54830491997421
67.0,61.07537058715798
79.0,84.33692573658027
79.0,73.87246865359987
49.0,53.10262745932238
49.0,88.13391280662955
57.0,55.10512011114503
57.0,42.64287433664214
72.0,80.48679862191824
72.0,73.20501083088095
45.0,43.98545884252172
45.0,62.27273409711768
30.0,13.480561357874024
30.0,27.348495116849108
77.0,82.0059217455028
77.0,66.51950251085765
69.0,72.83633139783183
69.0,81.70163302045637
66.0,73.18892732689545
66.0,76.12542846684454
71.0,79.13330789505045
71.0,67.4409158497312
73.0,77.52871776994499
73.0,49.197124136651325
61.0,67.25624326813767
61.0,51.39769193896905
31.0,31.818860988943186
31.0,31.869613887068397
75.0,82.50964644286586
75.0,48.21741742453975
57.0,56.110376472082464
57.0,45.48533317706506
59.0,59.6924903291997
59.0,73.68001258818936
55.0,55.12758497171592
55.0,83.60551034619618
52.0,55.94739671810788
52.0,74.68286027368191
69.0,73.21723483463535
69.0,44.33513613120044
63.0,65.95734256522542
63.0,60.35903032678027
65.0,70.39977057126544
65.0,66.33498599240784
72.0,76.86746775975308
72.0,86.17111083955274
56.0,59.71919614311906
56.0,78.6119010510235
71.0,79.01654861847203
71.0,14.967888457888535
54.0,60.45642318345858
54.0,16.824098742613728
29.0,25.058381965056697
29.0,72.29452636418858
69.0,73.35506071720471
69.0,58.21113049440078
38.0,37.12592073425202
38.0,17.94033760525076
79.0,86.05258854434277
79.0,77.31996997535788
69.0,72.14445350431532
69.0,60.63320111199914
50.0,55.114495102424826
50.0,79.87931368123031
72.0,77.98953012912796
72.0,65.1590646646062
60.0,62.907586729748346
60.0,75.50871421354407
59.0,62.24266390768031
59.0,64.5960452066011
77.0,82.8943976339865
77.0,36.1628392574641
35.0,30.779568032969678
35.0,80.15655572995394
65.0,70.2518230791922
65.0,60.477549403070725
60.0,60.50591491881312
60.0,82.71361833574963
60.0,59.99971620249596
60.0,84.9137195187235
50.0,51.79938415670364
50.0,83.20264371177564
68.0,72.36869462842105
68.0,86.80284052748709
44.0,47.2022669723695
44.0,68.19905386461733
69.0,75.60857350588952
69.0,73.58727199053521
61.0,61.81143407746458
61.0,80.06221368879642
69.0,74.39585472687935
69.0,74.2328862252894
76.0,83.6231482225914
76.0,33.356189318793156
71.0,76.7353725390451
71.0,64.19097317275128
63.0,66.80784857844117
63.0,65.15050312526176
74.0,78.31115277369508
74.0,73.46220536118739
62.0,67.48548048088884
62.0,23.58970966769317
71.0,75.09953766677125
71.0,74.8643125582982
74.0,79.43847014624464
74.0,74.65905310190874
85.0,93.48401680911087
85.0,69.430167031883
73.0,81.37060502733806
73.0,50.20561171809436
78.0,84.33890806898978
78.0,75.04022061640165
78.0,85.0624642955479
78.0,69.90262678436403
67.0,69.4785016788926
67.0,80.24073457218208
56.0,58.85116091200649
56.0,38.039063973780344
75.0,82.32207640369944
75.0,78.76553263171684
64.0,70.12727183103596
64.0,73.44859969754407
64.0,69.44717305394505
64.0,71.79979811531587
50.0,50.522100547040395
50.0,17.946847011268915
77.0,85.0938573183629
77.0,54.59004291393012
78.0,84.33032340867999
78.0,39.03348692137149
68.0,71.11620579685444
68.0,55.260403669558
41.0,40.712115912542515
41.0,64.46173274211338
68.0,68.86859779270759
68.0,76.2260908337226
66.0,69.96434470818184
66.0,54.88170154275235
70.0,76.69561260151067
70.0,81.81263842382936
32.0,34.471498611224604
32.0,72.71630999861452
58.0,60.55012658160308
58.0,71.97371728092912
74.0,82.57345968899489
74.0,71.42085531673581
59.0,59.92876754276875
59.0,70.49986422670713
72.0,78.89740787621946
72.0,27.183283112107347
66.0,69.29813288167952
66.0,88.41292639660566
67.0,69.00017269692273
67.0,84.49874629711576
79.0,86.2614291729181
79.0,33.68761375871577
69.0,74.34950129221289
69.0,76.32883935379368
61.0,63.22365547701253
61.0,76.0904112645785
53.0,58.95797929868513
53.0,48.08339835927421
39.0,38.821173190888146
39.0,79.27531408635184
67.0,76.49022957522578
67.0,42.31431269536466
29.0,19.634361474585205
29.0,67.34160749710526
65.0,72.03252794682118
65.0,54.10675459091908
62.0,65.8638845069309
62.0,71.56587549253118
55.0,51.690522147151455
55.0,76.90279942779483
70.0,74.12511486561021
70.0,62.10891721821281
64.0,70.55635660842842
64.0,71.46819930079607
71.0,77.0065461129497
71.0,82.57755773146067
68.0,73.37975106968639
68.0,76.56481912422521
63.0,64.92456179584536
63.0,55.58137545717017
46.0,52.54604835651463
46.0,76.05563179315914
68.0,76.1799605884217
68.0,65.0522209090226
60.0,63.91775513993156
60.0,68.52578500074804
67.0,70.60024021223506
67.0,65.93464587508834
53.0,58.82300958127831
53.0,62.196516170607254
55.0,52.3879953705823
55.0,63.18351772008589
68.0,74.53552330730247
68.0,62.47133292931443
62.0,63.248798230207626
62.0,58.48761257776931
68.0,74.55392312829144
68.0,83.199627786865
71.0,77.45318741126238
71.0,69.14841575230952
69.0,75.11719106402535
69.0,72.54864813647049
76.0,84.63020633715854
76.0,50.5777060436036
68.0,75.57230800451805
68.0,71.15806267949347
69.0,74.76842529813894
69.0,36.421484004237016
68.0,74.09491004582287
68.0,83.90768438234045
69.0,73.34054712339423
69.0,71.05753198101172
16.0,20.09094427510223
16.0,69.57121149747485
78.0,84.13014922849578
78.0,54.14392060839714
79.0,85.4300634833653
79.0,21.511911142588986
65.0,67.27402000174271
65.0,79.15833189776703
41.0,43.49420570382847
41.0,59.614688574788204
56.0,57.01461376200098
56.0,79.62584606962662
74.0,77.92217111301335
74.0,21.539079993958865
53.0,54.984635675481854
53.0,61.06185236211951
57.0,56.86377931103863
57.0,68.41659856191382
47.0,45.98174307807062
47.0,59.86138821948924
70.0,75.56423441908476
70.0,75.39220053757657
27.0,15.355991164319107
27.0,59.04950079640628
76.0,82.0859914000905
76.0,73.92204590713754
29.0,29.343903459894193
29.0,90.48941832440056
62.0,65.26910983021696
62.0,73.2795367067776
66.0,72.9971547846589
66.0,69.00540918824714
61.0,60.35570656520872
61.0,70.61655339434299
25.0,21.026073632063117
25.0,57.05402466290502
33.0,29.670839754998553
33.0,22.947732664304795
69.0,72.92954509628328
69.0,51.842217862824384
67.0,71.82814228955175
67.0,69.68208557545898
60.0,67.08169468577535
60.0,86.01806500495672
67.0,73.36411221635876
67.0,64.69227701795057
75.0,78.93393614753592
75.0,94.18305332132388
71.0,78.21809624239404
71.0,74.13077566876444
28.0,14.280761211009747
28.0,53.81623744561989
56.0,54.65905395729362
56.0,91.34344760947425
11.0,15.354441525852394
11.0,61.133977984479316
69.0,77.64364008140939
69.0,64.78958541959537
73.0,79.402914969307
73.0,64.64867353759922
34.0,32.70256078276867
34.0,38.27281922718316
47.0,45.68350318142177
47.0,67.90824404940827
73.0,83.0542419500216
73.0,54.22362901101803
65.0,67.77034667347328
65.0,45.391354748922254
73.0,77.828944067836
73.0,54.9028231543881
56.0,59.56529103573865
56.0,76.88141954076883
74.0,83.88590673900438
74.0,79.58880956888027
70.0,75.81836534078712
70.0,43.53149826579539
60.0,61.152362955990725
60.0,71.54390319451346
42.0,42.43539536147421
42.0,36.65257002705397
72.0,75.05351233006701
72.0,34.864095507635966
66.0,69.78363259816484
66.0,28.93717837884651
65.0,72.2178601156325
65.0,44.5322435996394
43.0,38.98724432004951
43.0,76.00771169285042
36.0,39.29860408656447
36.0,89.501226638726
13.0,2.8053895949664707
13.0,61.92524689879923
74.0,80.06736252342898
74.0,66.69178503286889
75.0,76.86608906139412
75.0,44.0330312354468
52.0,50.07729065503838
52.0,89.33401200459645
60.0,64.20790769264767
60.0,78.30367490324551
71.0,73.8534226496269
71.0,83.1649720315541
78.0,86.49778533495663
78.0,63.573351179118674
69.0,71.06636941570395
69.0,60.60175888179879
61.0,65.99753976095974
61.0,60.00439865618995
28.0,22.347866444733995
28.0,66.61642497700569
57.0,61.49040636953356
57.0,64.29553652499527
67.0,69.120343172111
67.0,70.78464570798337
66.0,68.2794028362539
66.0,82.10432647920925
57.0,60.54188839389485
57.0,70.19164015582282
77.0,84.1465303378489
77.0,70.54211424540267
40.0,37.78160970291981
40.0,83.85459511743596
67.0,72.26709804131127
67.0,46.365244511363414
61.0,60.325094859495834
61.0,66.80262645191362
67.0,72.40867863464138
67.0,64.75537845637871
72.0,79.45532364281542
72.0,60.95311870800799
66.0,67.53985684796436
66.0,79.45582680411178
61.0,61.95795051901047
61.0,69.52379428194052
60.0,62.915434186688
60.0,70.74628548002647
59.0,60.176055806461704
59.0,44.68435897452446
31.0,33.99586546102114
31.0,74.30556926034313
39.0,31.164454671713656
39.0,64.74927643480754
56.0,51.51169814047597
56.0,82.48650765202291
71.0,77.7920479221574
71.0,16.489372251772693
60.0,62.36940880992279
60.0,29.670839754998553
40.0,39.123206598734896
40.0,53.891161529136525
70.0,71.60543038057142
70.0,82.51637906916187
65.0,68.92475828611458
65.0,78.51095466054551
73.0,80.47508103865147
73.0,58.967833440488505
28.0,23.95471199496336
28.0,65.3926908383416
69.0,70.2318639958786
69.0,47.77304210137436
70.0,76.20516857618321
70.0,71.27581330913796
66.0,74.47534067651674
66.0,64.44984831498664
46.0,46.952621855098926
46.0,74.1668296394214
26.0,31.417956443580806
26.0,54.78395505995309
74.0,80.39408633745506
74.0,72.76532625387483
43.0,36.50218539454079
43.0,65.75744724668772
65.0,69.19325271734891
65.0,81.37205693233352
47.0,47.256448220630205
47.0,82.13926734396011
51.0,52.22353279673854
51.0,50.238792995889014
67.0,73.85172602012045
67.0,61.21841478407708
56.0,56.58031377625787
56.0,16.67706799036813
84.0,89.47419755063333
84.0,62.94340172784251
64.0,68.24150487293059
64.0,41.243946279177294
70.0,73.93541694499748
70.0,85.0020056700672
31.0,15.633182328298801
31.0,53.50979852791272
62.0,66.19236338228666
62.0,51.41081086638525
69.0,72.42530378183886
69.0,78.81227110694562
48.0,46.959176590726145
48.0,26.962338683813925
65.0,68.9545112950695
65.0,62.6812917413622
59.0,59.399539718123776
59.0,79.63750618146202
56.0,51.49000016048717
56.0,19.717205351463235
49.0,49.211400999793625
49.0,67.76453803088327
46.0,42.237612852906864
46.0,79.68931113843297
69.0,75.14734934711731
69.0,63.88318647251009
78.0,83.55808024143744
78.0,45.394422768738764
58.0,60.908320777443976
58.0,69.43441894618388
71.0,78.1716012830625
71.0,86.31849229443509
35.0,35.24054044621977
35.0,72.91376126672691
64.0,68.21909028854844
64.0,82.74357250451715
38.0,42.66980685506638
38.0,66.8330055460874
70.0,76.44000036335814
70.0,62.84337316564557
74.0,79.3085178105049
74.0,59.39381310553233
65.0,68.50609895000429
65.0,36.33837998378658
74.0,77.75257089681799
74.0,81.3988393523556
41.0,38.03599751131571
41.0,42.376320786589645
60.0,64.2677609463671
60.0,87.22372872431919
62.0,65.00759018478277
62.0,65.46516550408529
71.0,75.8151880743419
71.0,59.375459572551506
58.0,61.822555723917844
58.0,69.99873370311275
58.0,61.70786087479166
58.0,74.7689776839681
63.0,71.63855243607122
63.0,75.55385754288676
60.0,62.34122660947867
60.0,24.027861716103132
33.0,33.738852656696224
33.0,58.06053370665836
65.0,67.54843455010933
65.0,22.47780321466894
42.0,41.12712826152159
42.0,84.85890549984725
63.0,71.03001551684383
63.0,12.09593560160613
24.0,20.817533148734242
24.0,0.037308230455266767
62.0,68.73805965952175
62.0,62.17815428538921
61.0,65.80042964406954
61.0,62.26267011626305
34.0,34.342806887345944
34.0,70.5643167421706
48.0,43.25224973074381
48.0,75.2406665643258
34.0,32.38434492137162
34.0,53.354642340223336
35.0,21.587311310863868
35.0,84.14785704343569
58.0,63.65859082476504
58.0,48.40113699494003
73.0,78.50229003539056
73.0,74.99706634211515
65.0,67.92053521465499
65.0,76.27894030715777
71.0,79.31803920265787
71.0,64.88790329225634
81.0,86.65687811343389
81.0,82.06024814923057
44.0,51.08511438680745
44.0,73.39528003024077
68.0,73.612335760556
68.0,72.48970483057656
86.0,95.9482456606192
86.0,81.7796787762108
73.0,79.2308508092496
73.0,68.23181479639163
66.0,71.03302195991648
66.0,1.2189766243032523
65.0,70.39088199417478
65.0,57.703106480797146
35.0,32.54802111685723
35.0,44.48585160972283
70.0,78.20023982449823
70.0,46.71403583332574
53.0,53.98013211272598
53.0,81.31734645607645
76.0,84.92987246094805
76.0,67.8166802427798
55.0,56.60733845332123
55.0,76.23295898116447
16.0,19.0770059013239
16.0,85.77767360434348
69.0,73.78295975346771
69.0,86.8520785661538
26.0,20.030772765178426
26.0,58.83695002377732
35.0,27.32873318636439
35.0,66.43947641963211
76.0,80.69198823950143
76.0,75.5389397818978
71.0,78.55273270526794
71.0,79.38047061137519
66.0,69.09192974064842
66.0,73.50637832227534
79.0,86.98234321342659
79.0,63.69806045009818
36.0,31.804854584596512
36.0,46.760628334300065
66.0,72.1885826705145
66.0,62.2062140565468
70.0,76.91473712781027
70.0,79.89411154426386
75.0,81.55713299689194
75.0,61.515893812199124
74.0,76.65060537135878
74.0,91.9255327864688
59.0,62.210316137400866
59.0,69.7979575582142
64.0,66.5380321811964
64.0,84.16901584491865
38.0,29.80761559690376
38.0,67.79709965369608
49.0,49.06226803353269
49.0,22.837287257626826
65.0,68.88537795285276
65.0,63.84939566720311
22.0,4.733377407752869
22.0,58.89833640288924
58.0,63.94116015082818
58.0,39.69449965615172
69.0,74.04509552909178
69.0,62.74217488045775
67.0,71.3877996591525
67.0,70.24930542538146
55.0,54.49871164831774
55.0,77.940140246868
66.0,71.39126552013852
66.0,76.13565976125483
55.0,51.68229939382536
55.0,15.941311944932409
62.0,69.1947406569484
62.0,62.92300668373446
70.0,72.79789779579306
70.0,75.59493776185462
80.0,85.69610894371147
80.0,66.53058434971655
42.0,46.15322684898132
42.0,12.291653426232642
59.0,66.53399172145805
59.0,61.35076421051434
61.0,66.92254730286231
61.0,67.5466183015119
58.0,59.5260380080266
58.0,74.10519505369098
74.0,79.21684872506955
74.0,23.569875603941682
87.0,96.23978725462803
87.0,77.5767800805566
69.0,77.17774768340564
69.0,77.0546795421273
65.0,67.55170509516199
65.0,41.16047477970665
64.0,72.15495714779445
64.0,85.19370683801122
74.0,80.0721269031198
74.0,66.64195356881231
76.0,82.45478795086626
76.0,35.365372896990266
51.0,50.95302968698695
51.0,54.846419242276795
58.0,62.581898985096416
58.0,55.07908022721148
62.0,66.7946515942424
62.0,24.755137338201678
63.0,66.4207458617114
63.0,87.06377198606549
53.0,45.775198318852574
53.0,42.157803509189534
62.0,66.92320910851362
62.0,35.5833305617665
51.0,47.93681093380013
51.0,71.23486181237843
26.0,32.54026521031824
26.0,59.79363711788784
58.0,60.68187453337748
58.0,74.2734130199052
72.0,73.85591047623404
72.0,65.65778597465209
55.0,56.12960391978464
55.0,31.169095171895663
61.0,64.09677524940787
61.0,73.34868367955715
57.0,58.929017146578644
57.0,79.70096391938978
62.0,68.76882783016993
62.0,77.28105034302763
76.0,80.65127416857791
76.0,73.54808123676054
74.0,81.16340482961516
74.0,76.20350010514522
67.0,68.43186719169347
67.0,80.08727849116178
61.0,64.38991803394498
61.0,73.28611026926626
42.0,43.66029520438235
42.0,44.35109134710427
65.0,68.41260224896877
65.0,86.25364221479362
68.0,73.48613926699039
68.0,55.344743166406374
65.0,70.63006442831181
65.0,82.40237242131127
71.0,76.23092268958652
71.0,69.04396356616758
48.0,43.13591573192679
48.0,57.7056203789146
59.0,64.90607822730794
59.0,91.5674204760175
65.0,69.9912929544974
65.0,55.09025747771551
38.0,35.20720715620371
38.0,59.34463840237635
43.0,38.04424609806364
43.0,82.4914463950966
64.0,63.06867204684687
64.0,26.51228077672448
75.0,80.00155864751213
75.0,71.1512736047228
67.0,71.77755548976842
67.0,50.82383726896785
63.0,67.98332669069492
63.0,52.95235640554574
67.0,70.77778432595665
67.0,79.4511460686075
62.0,67.09380782393777
62.0,58.71658706563426
47.0,43.87817148748758
47.0,45.60075797578463
32.0,29.290075781687392
32.0,30.499728114177117
52.0,46.417102569209874
52.0,77.3684849131023
71.0,77.5482647652355
71.0,44.66952868747779
62.0,60.17924282132822
62.0,51.725436569220676
74.0,78.1210060608094
74.0,42.21997723690231
33.0,29.008452774876673
33.0,58.29534809610584
73.0,77.04729898213185
73.0,85.24477706567848
70.0,74.17868970527968
70.0,45.580711393861634
60.0,63.48210873993776
60.0,31.56559730693516
76.0,82.80997055772906
76.0,40.06911989169345
63.0,67.5411216743044
63.0,86.96470887909561
47.0,51.29801960179583
47.0,66.36243348775457
39.0,31.092095812639002
39.0,37.27305961405841
52.0,51.13236813120591
52.0,73.57388783486897
57.0,55.24811279207512
57.0,69.72889057007302
64.0,65.35203152531517
64.0,53.39698251073304
72.0,77.24320084399523
72.0,14.876850347132972
70.0,76.13610908550936
70.0,76.86594385912485
56.0,54.17047548639789
56.0,61.63685604072924
73.0,80.34828411370586
73.0,61.54017875516115
67.0,69.06179349600092
67.0,3.9691313627311615
51.0,53.28513188458794
51.0,79.92782896287508
44.0,40.18227354001925
44.0,48.75435197264494
53.0,52.388150647518614
53.0,84.31496123926115
18.0,13.292347688484995
18.0,41.75530041700159
66.0,72.4977000030479
66.0,47.310240750201274
60.0,59.19592630936194
60.0,76.38625727621792
25.0,30.281266236118768
25.0,76.80285016904969
68.0,72.90053382481
68.0,24.46713033913761
55.0,54.379275008734794
55.0,73.30290918485832
55.0,57.46816593872899
55.0,25.411158387257387
58.0,60.76772428002329
58.0,71.73638829397447
39.0,39.75822841251147
39.0,72.17000423869143
59.0,61.82660076547364
59.0,66.45035714251168
77.0,83.92264568250675
77.0,26.783019227984425
70.0,73.49740048553343
70.0,44.63384771732569
63.0,65.47548555843241
63.0,-1.0075276840373135
71.0,76.04103763082492
71.0,59.17209501988185
75.0,81.42800381690904
75.0,64.31548742354789
69.0,70.23597836836672
69.0,56.12894178593194
72.0,75.7113629245427
72.0,52.57557191054423
61.0,63.49183521565095
61.0,73.33763474126624
58.0,57.58813679464981
58.0,64.63433176803568
62.0,66.00499550258138
62.0,57.86249023477228
62.0,59.499251003602296
62.0,69.60501110736169
54.0,52.39328296568465
54.0,72.7125793885275
68.0,72.59428488238939
68.0,15.49106698146278
70.0,78.25257953644552
70.0,77.38506768985434
65.0,74.23323945178623
65.0,55.93205070675634
51.0,48.183925908825586
51.0,39.85848173409033
50.0,48.34777405832966
50.0,85.58473580014316
73.0,81.95853448000787
73.0,38.34769550687673
75.0,83.35950065852296
75.0,45.205311573854715
68.0,73.91422325790529
68.0,49.34142740337495
72.0,74.88499882917068
72.0,39.36017434820212
65.0,71.47260892421446
65.0,42.3724598312499
53.0,51.920897133428184
53.0,77.47193590521488
69.0,73.87006989151092
69.0,72.67871177151778
54.0,56.81476237543319
54.0,75.22115386782434
53.0,53.671426815180894
53.0,32.531056946907256
36.0,39.38884595665343
36.0,76.31379482077142
41.0,39.438419841597124
41.0,76.14285062246256
26.0,18.523345809784246
26.0,53.05878793517002
67.0,72.8098761966865
67.0,55.30599460120368
66.0,71.90211421171921
66.0,37.24135309226625
65.0,69.60282161354354
65.0,26.43539281499119
47.0,40.45638650334763
47.0,70.46597290230864
29.0,29.055983428093953
29.0,39.81724234950559
32.0,18.48491934787984
32.0,54.12974059506479
29.0,22.572669857430526
29.0,80.62548444075361
61.0,60.90973297545719
61.0,81.61890707989949
31.0,34.578970530813024
31.0,17.91691817198881
61.0,62.159183043463145
61.0,84.01098572555094
46.0,45.390311350418244
46.0,74.45645212328975
71.0,76.4798483008949
71.0,68.36909745608108
60.0,59.83089942766037
60.0,65.2144258194536
41.0,38.288318129653305
41.0,63.26984680515989
73.0,76.34077093239017
73.0,61.293760795831986
53.0,52.82322921024269
53.0,77.2035922602089
59.0,64.50456127478577
59.0,70.2941975411241
56.0,55.698017350908174
56.0,45.73729735702574
74.0,81.65707074817027
74.0,44.787544961366166
72.0,82.17826987702193
72.0,28.04527848563572
6.0,11.215912644286561
6.0,75.00870913838259
68.0,73.1910527263422
68.0,48.620213927341524
62.0,64.547959157479
62.0,41.14040890731684
68.0,73.67441644288499
68.0,65.01965685928923
63.0,65.56101564870971
63.0,67.12228489600187
54.0,54.421283569514515
54.0,51.79571582150311
71.0,73.39669271759351
71.0,76.41277040086601
56.0,63.188717652805735
56.0,53.68830704658143
63.0,68.08326374458005
63.0,82.30915986875038
69.0,71.9113211210306
69.0,50.14711743094085
66.0,68.62116503050157
66.0,34.00065162958805
61.0,68.52064093646044
61.0,65.54013254320745
75.0,82.14455174361848
75.0,76.20516857618321
67.0,71.00890993433688
67.0,80.19619049654023
76.0,80.4224443394159
76.0,38.75003613402674
58.0,58.388440200368166
58.0,57.1346269630057
64.0,66.12706289523976
64.0,78.63282153814117
50.0,52.032698069599405
50.0,74.17579014609652
74.0,84.49534766511454
74.0,57.49034369378455
76.0,79.21150048408794
76.0,46.64132483476476
33.0,36.06821938600939
33.0,72.69003017570532
47.0,49.49702813399227
47.0,33.08843258697732
82.0,87.52105683383314
82.0,44.628796972759005
34.0,28.466540048214483
34.0,44.454189887190125
71.0,75.65563422512685
71.0,64.83493511713806
67.0,69.4809442491541
67.0,82.4565368787604
21.0,15.575252849094511
21.0,42.066923450519596
60.0,60.4235534208558
60.0,59.82519317484798
60.0,63.43024911053601
60.0,71.26476362702562
67.0,69.91614300149001
67.0,47.520154123940415
30.0,25.705844771144314
30.0,71.76902985168931
69.0,72.02798303606221
69.0,70.31457302308968
74.0,77.32139695165148
74.0,66.14327286469785
71.0,77.5321188531293
71.0,87.08644198375612
69.0,74.55904463875873
69.0,33.468725545051086
70.0,76.50151031674375
70.0,88.23350659721166
33.0,31.188080112608986
33.0,62.540138272929426
52.0,53.881882268533104
52.0,86.58283441856429
70.0,76.2316771232014
70.0,51.27391307527773
74.0,81.19704255341725
74.0,72.48643899475343
69.0,74.46100857640835
69.0,39.80865946950132
68.0,73.6462350854905
68.0,41.805743368995195
65.0,69.31803085954118
65.0,73.31537251213365
68.0,74.35661423757159
68.0,61.40295403017677
66.0,69.68845168233753
66.0,75.75105050258259
62.0,66.66742922872095
62.0,49.059299013074906
61.0,61.73426381815932
61.0,41.28459200981331
51.0,55.00581067099432
51.0,50.95716785903136
57.0,62.4499202194163
57.0,46.55756549156183
77.0,85.59822029330945
77.0,73.68553270450712
76.0,84.03414249767854
76.0,83.29745045845596
61.0,67.66128487349914
61.0,80.53260044905016
76.0,78.90270129032814
76.0,76.92099937410859
28.0,28.78557603017464
28.0,75.22065814104724
78.0,85.80263318647593
78.0,76.06769794249459
66.0,69.42441718810062
66.0,67.0971360165089
65.0,66.55955022579263
65.0,69.32281763096483
72.0,76.493305588162
72.0,35.690652872435805
61.0,67.72602049435233
61.0,57.02948276757144
74.0,80.26532435354238
74.0,62.026177782123284
59.0,65.2913506953173
59.0,77.84670577819645
70.0,77.44184521116131
70.0,56.00985079448759
70.0,74.69086544048452
70.0,69.06284554067491
54.0,54.73574924995074
54.0,70.67188773751184
56.0,57.975387480582185
56.0,77.99449543569256
68.0,70.54306795955972
68.0,2.0486575875968924
54.0,55.446250913087454
54.0,78.99844312222768
61.0,67.62947257536962
61.0,29.922550436341453
61.0,63.62073480827246
61.0,77.42070475067936
60.0,63.06820094819017
60.0,73.39412090067708
75.0,79.43024906625811
75.0,64.40767139454965
62.0,68.55441094819571
62.0,66.32148572175447
38.0,31.14441507987857
38.0,88.10248292359472
52.0,52.88375380264711
52.0,35.511856833457614
71.0,74.53792441544545
71.0,44.11000768419132
58.0,59.37176507369139
58.0,81.97630109360892
59.0,64.32249831799459
59.0,35.43057094079296
75.0,82.89509953429928
75.0,71.69007058448477
66.0,73.15400646834718
66.0,69.92227566499344
36.0,30.00101420366974
36.0,46.79598595985982
64.0,67.1135755210102
64.0,67.93616855555126
66.0,66.54826263620652
66.0,61.719026509077025
63.0,64.41461596479542
63.0,80.08790329358214
60.0,66.6173538734185
60.0,61.77616569458439
35.0,27.030007630941384
35.0,86.82130126555688
55.0,49.432877292690364
55.0,60.02705084449809
54.0,54.12489617294892
54.0,70.39503512480854
74.0,79.45075917865137
74.0,23.02213255235705
68.0,76.00985252891559
68.0,46.823180619685616
68.0,75.28318492056582
68.0,80.1374696635549
71.0,79.38104138120548
71.0,78.73526806893955
59.0,65.41152197061274
59.0,67.87571534521771
67.0,70.61419242665096
67.0,53.25612028222673
28.0,25.144531173153155
28.0,74.83004644442013
44.0,47.510360076519646
44.0,80.38605531490703
57.0,62.14967297815042
57.0,70.44647373177821
71.0,76.36597591902034
71.0,52.00265165472484
70.0,73.30571703737854
70.0,68.59374677458726
52.0,47.18298276522097
52.0,59.89840352693693
62.0,61.41638144059527
62.0,81.31265674155526
69.0,72.83437063683778
69.0,73.44415394343264
64.0,65.70811651440619
64.0,17.515684677743764
70.0,75.66902274300145
70.0,79.73285423197643
74.0,80.18761478617046
74.0,63.80210729556802
65.0,70.97035368977242
65.0,64.12338374861599
27.0,18.969249646730248
27.0,86.11657808986507
59.0,62.89974891818355
59.0,52.47375576106265
47.0,42.065471871007105
47.0,53.85108193269906
61.0,64.61856453370928
61.0,48.549957971058916
62.0,66.19645037582598
62.0,91.09912286929568
67.0,74.59055345828432
67.0,93.3929209942458
47.0,49.07933837991118
47.0,54.85198301095261
34.0,39.16812851613065
34.0,62.88917252678954
60.0,62.9607161482665
60.0,44.80105225310183
67.0,72.15501762611757
67.0,74.45901454531321
65.0,67.5025556907654
65.0,37.55616494567653
42.0,34.59217310158999
42.0,65.87239416412649
73.0,78.71382661603997
73.0,78.72650537827423
63.0,70.85791746859184
63.0,69.37501740090755
41.0,43.63276115772442
41.0,78.4574989121918
33.0,31.759307329451985
33.0,7.99110537285793
70.0,75.27677242541364
70.0,79.86946987130153
28.0,22.439396825052995
28.0,61.53365223099428
47.0,52.68422075013922
47.0,41.29108937516588
50.0,53.80220507676012
50.0,71.12552559191658
51.0,49.861732407152374
51.0,50.87609437444013
66.0,72.46126148763324
66.0,66.62443457454168
61.0,68.19949757766273
61.0,38.04913663308423
75.0,83.39617232120503
75.0,71.17593188496153
39.0,38.157058397933724
39.0,78.75332161432527
81.0,87.6169356495356
81.0,64.54556344470166
67.0,72.03817750394376
67.0,77.1776492442994
73.0,78.9202007906195
73.0,61.52986735140479
27.0,18.485907442354858
27.0,59.661709996837146
62.0,66.08252853053176
62.0,80.1828322255385
75.0,81.44974361977984
75.0,79.01839447338409
53.0,46.93106772634451
53.0,83.15250035979398
70.0,77.36712412168487
70.0,70.64663997550355
46.0,43.77642686543862
46.0,55.141026925923825
69.0,74.38943445401088
69.0,13.831293966954945
71.0,77.26336180141834
71.0,69.48221437422194
37.0,39.545259576571254
37.0,81.72636070751724
48.0,47.920065552219285
48.0,32.293196947151614
67.0,72.60799564690763
67.0,63.46769059471268
33.0,33.115683235768074
33.0,59.897150511178324
67.0,72.97541627553551
67.0,79.05657452178986
67.0,73.2083068900618
67.0,72.06743470363244
44.0,43.77688730779272
44.0,45.351409722470976
54.0,57.58191344546958
54.0,47.492754297143506
57.0,60.690374194347044
57.0,70.09640050985041
34.0,35.17775330011159
34.0,24.689688662857577
73.0,78.73173282078108
73.0,63.336924750401124
39.0,38.252380118580504
39.0,64.9472192051129
31.0,29.656925117562366
31.0,32.79569708401203
68.0,71.66942867855056
68.0,53.62916500475899
53.0,50.365647808074755
53.0,60.65598857593312
62.0,67.45645316976061
62.0,80.49077180530634
65.0,68.66234508511383
65.0,68.13993161507085
78.0,83.41965847622868
78.0,19.345549426781872
61.0,64.56996558547462
61.0,52.19226766327745
71.0,74.29967304786169
71.0,65.14486521685637
80.0,86.53412154836417
80.0,77.10689564805915
60.0,65.01296796455841
60.0,63.336964853365714
79.0,86.38821896583602
79.0,38.34847918976931
75.0,82.90544677685227
75.0,77.421323722203
81.0,88.55985293766526
81.0,76.4959028923758
60.0,62.905875960370906
60.0,83.57982370158743
69.0,74.46259023907982
69.0,65.58402010532211
61.0,65.02058610963934
61.0,65.81074564845665
61.0,65.68537342194088
61.0,79.81133197310828
76.0,83.23176036009221
76.0,71.98301863162914
59.0,62.91716073378461
59.0,69.77558956415544
57.0,59.256375840905605
57.0,76.09850816514125
19.0,0.5229625377959906
19.0,84.79850400573798
61.0,62.05532928666673
61.0,74.73465075540861
51.0,53.652834851505986
51.0,48.24499348902896
48.0,44.76830925263812
48.0,46.67968302343269
49.0,53.48021730718369
49.0,68.73229527979925
65.0,68.65638522890862
65.0,30.525542043619964
54.0,55.55577965268708
54.0,71.041793385044
59.0,52.053130622643835
59.0,36.876018791509296
75.0,82.47098384867326
75.0,64.48484218403587
39.0,33.62600301146648
39.0,68.23563427438955
73.0,80.60908581809582
73.0,53.10535871550644
64.0,65.29486844742416
64.0,73.92567200463867
48.0,49.72058793034125
48.0,45.744514920018275
51.0,55.849923090264156
51.0,29.815748067860568
72.0,74.60372863127026
72.0,88.10326776651942
48.0,48.94861303148673
48.0,60.09577011435573
69.0,73.99663444498981
69.0,79.46344507609876
23.0,21.977563326704058
23.0,80.67913734743576
49.0,46.88808493172934
49.0,73.02194038884323
31.0,26.544627224493354
31.0,57.4739094427631
66.0,68.29967761590075
66.0,31.697267317743524
64.0,70.24362775625457
64.0,14.239489349072812
60.0,64.12412138793087
60.0,74.3448772373157
62.0,70.28759612041796
62.0,52.246645752453276
69.0,74.23177401797068
69.0,58.57106728826017
59.0,67.94205674049442
59.0,83.42442217129047
62.0,67.97816323603138
62.0,52.500192582657974
62.0,64.87424448052377
62.0,90.057762194504
65.0,70.17136049209705
65.0,69.73325768231916
74.0,80.04777129675932
74.0,62.30896060903757
54.0,53.99908919246445
54.0,74.35386821587508
25.0,24.51497255754026
25.0,44.228698807820706
63.0,68.29849185884729
63.0,73.04431013410732
65.0,70.10517372100622
65.0,80.8781172032584
68.0,73.20919228255582
68.0,42.649070549520445
53.0,51.57244836547994
53.0,44.91232351190013
46.0,41.671693923437715
46.0,85.6694030720455
71.0,77.35313370464814
71.0,38.56475651380316
58.0,57.896580002193616
58.0,27.45439473727339
66.0,70.2128926752091
66.0,26.10559388383308
70.0,74.31616010684235
70.0,59.0276493576186
73.0,75.89425598287869
73.0,79.56109184233077
63.0,64.54706216844812
63.0,68.0959023659409
68.0,75.30139731691366
68.0,62.39647747539641
75.0,80.74699292590378
75.0,42.20150987722985
58.0,62.07734071421032
58.0,36.38057012236595
74.0,80.54855404876929
74.0,59.841163817276026
63.0,64.70906195854309
63.0,47.32763928110961
68.0,75.14432520465539
68.0,43.65620703972047
71.0,76.00211777498811
71.0,26.329605038142745
47.0,49.35576523675428
47.0,6.542620603216449
47.0,46.883125085064876
47.0,67.23688164191384
68.0,69.14086432558219
68.0,82.78607472270295
49.0,48.997911085973385
49.0,74.98468771854448
58.0,62.77403053383466
58.0,60.75163654783819
15.0,19.6509508252164
15.0,53.002131368159155
30.0,28.320319619162376
30.0,42.91278124650648
78.0,83.73577696987513
78.0,81.65815054039598
56.0,57.187428380159815
56.0,45.01937346129921
64.0,71.4977387531244
64.0,67.04005688416015
31.0,25.241056476805795
31.0,72.84652302011648
82.0,89.33739344329962
82.0,68.46012408003361
54.0,57.330644588898565
54.0,62.55366673554073
75.0,79.56788892330246
75.0,80.05529327154687
71.0,75.0742777530204
71.0,61.047061603191025
66.0,71.64398230328902
66.0,66.10284767945473
42.0,44.25210941153313
42.0,66.11809713314983
67.0,69.83456960723214
67.0,45.06918784160604
35.0,30.055065320883273
35.0,34.30118551516955
57.0,57.0036345647606
57.0,69.76372173072212
74.0,78.41442860718155
74.0,51.22107457209489
39.0,35.83441173865225
39.0,66.88274905402983
64.0,68.82701670977599
64.0,80.73998994973658
45.0,38.560318611582886
45.0,75.91488511237952
56.0,54.50357282558764
56.0,72.92177180547765
16.0,10.96480055967345
16.0,68.40410543428976
59.0,60.20015655741821
59.0,64.73329557003223
62.0,65.19054474796354
62.0,47.867434218527194
68.0,70.34998908325764
68.0,48.43556316517555
52.0,52.88723254295303
52.0,73.71304122171887
66.0,72.54552042157849
66.0,49.75550636020381
78.0,83.72299532894999
78.0,33.37508963131114
67.0,72.42911824553443
67.0,64.32352625488647
61.0,66.2479693074597
61.0,61.73000877658944
63.0,65.90034762386307
63.0,65.53488848705541
28.0,29.79944932049324
28.0,56.342458353508164
29.0,19.432492251561655
29.0,41.360965173436455
56.0,59.147902118715535
56.0,27.740826150488317
64.0,66.75956675697398
64.0,70.15955737202171
67.0,72.80125076484154
67.0,54.63805892084707
51.0,44.023780213518535
51.0,29.366859442993132
70.0,76.92889977107563
70.0,76.39819183293253
75.0,79.99276465955546
75.0,75.9979971003329
69.0,76.04651353672665
69.0,63.27161439885282
58.0,62.3911155948573
58.0,52.57137012380298
43.0,40.97394235573705
43.0,38.287091288145234
58.0,59.62501359990114
58.0,40.6605687012115
67.0,69.63352463260225
67.0,60.40861359603531
68.0,69.21658421002309
68.0,71.91941672254404
68.0,71.48208125710875
68.0,61.18203058261889
59.0,63.09542889690971
59.0,63.722799953606454
61.0,66.58762141483527
61.0,60.10355905525171
51.0,52.09579421337327
51.0,51.61864530050599
63.0,65.73396708241086
63.0,55.37134763739738
72.0,74.25663750092195
72.0,77.78345923972768
44.0,35.470848015319575
44.0,73.98810348615547
72.0,78.69929539204117
72.0,87.29200516914852
73.0,81.00144953914656
73.0,75.04288605531576
56.0,59.22436123983539
56.0,70.634464078478
32.0,31.68527436152101
32.0,70.00102560549499
17.0,17.31811276955807
17.0,69.9043082341509
52.0,56.26697522302959
52.0,74.49821046379219
37.0,42.617922161735294
37.0,77.79309095729747
80.0,85.82156628361128
80.0,87.44740746776358
43.0,41.68620082156633
43.0,68.87257893620978
75.0,82.38424844174028
75.0,73.31934248772768
65.0,69.41756039158088
65.0,49.272308978311685
28.0,20.69101175543119
28.0,68.04508601566596
78.0,85.16472731957242
78.0,6.8984440285166215
44.0,43.044144777849
44.0,35.90536696727412
82.0,91.46372495842525
82.0,78.52964535792881
53.0,51.66794241549661
53.0,64.74358986703089
29.0,31.752517040795283
29.0,68.37533777194682
75.0,81.75487339487285
75.0,70.86935233272607
58.0,59.215092430217624
58.0,57.55663926542002
66.0,69.88063709589949
66.0,50.5429775703069
59.0,62.52289720272688
59.0,54.4993463303
69.0,76.79829367691883
69.0,55.096997950024615
84.0,89.48135182715282
84.0,54.53163904929511
41.0,42.80255653725641
41.0,58.908874917196044
20.0,13.358872743653592
20.0,34.319049036799015
47.0,51.61948506473726
47.0,54.8578103310366
25.0,26.1749747975565
25.0,73.56162918618446
56.0,57.686079799405945
56.0,67.10116326599285
66.0,75.0663172904878
66.0,56.927473200806844
17.0,8.8168368085814
17.0,40.40286483145468
78.0,86.944397910715
78.0,84.94968150805164
56.0,54.654279301942495
56.0,70.6426155564929
65.0,67.06846824976247
65.0,70.55451680677254
82.0,88.22333803050134
82.0,57.879465709554665
63.0,68.98936330966
63.0,66.59017047364836
69.0,71.30694951829071
69.0,66.7576970153296
66.0,67.60949949664331
66.0,58.618535756957215
48.0,44.666472373923
48.0,79.31252335416974
71.0,75.57410631221882
71.0,76.23313475578396
57.0,58.53576145479883
57.0,72.94152114175444
35.0,32.296499905475855
35.0,71.84281870675562
61.0,64.20023496790662
61.0,75.13398929721365
80.0,87.15198474116005
80.0,80.68308215836169
25.0,29.238373684356304
25.0,76.88962697842976
55.0,57.58378970103274
55.0,83.03520835797104
67.0,71.80321964218302
67.0,30.622808289685167
64.0,67.38544689713905
64.0,74.18475930609424
67.0,70.38589373119697
67.0,71.96230214721913
62.0,66.78475918276587
62.0,69.61106762543756
66.0,73.77636684472037
66.0,69.82209304661416
73.0,81.42470997140964
73.0,73.46621194575744
71.0,76.2308159108257
71.0,33.30599107554008
70.0,77.46093258583039
70.0,23.930097632792013
64.0,70.46928447340628
64.0,50.83032386482978
37.0,33.89181969422333
37.0,87.01694433654097
36.0,24.7192328946511
36.0,48.12229746445121
61.0,60.94770044409694
61.0,52.71642786386269
64.0,68.59209758983468
64.0,45.954274491736044
65.0,64.88445371913883
65.0,64.61584869471773
57.0,63.89903862040774
57.0,38.000487792129604
69.0,68.43330081949568
69.0,59.7260974545884
56.0,54.901800140567104
56.0,86.25880903177091
58.0,63.279986072669885
58.0,71.73594918752588
37.0,32.43477761955626
37.0,67.25936379446267
61.0,64.15620996744883
61.0,46.019397411970715
77.0,81.99859733465524
77.0,85.434548205142
66.0,71.18817888642428
66.0,72.27943266128648
72.0,80.51007501308987
72.0,60.61821423652236
73.0,79.43876761782951
73.0,58.142709475658364
71.0,77.06434986686907
71.0,31.217586169235744
63.0,64.56332375091756
63.0,87.16528415852775
62.0,64.88376788725992
62.0,29.80761559690376
14.0,3.8379155426557645
14.0,52.62469375987558
71.0,77.01892556207582
71.0,72.330880337763
64.0,70.64472310032164
64.0,44.07728298559459
76.0,83.8406808309972
76.0,32.00074593014443
76.0,82.02900900926772
76.0,82.57898524258758
46.0,50.30330562090967
46.0,60.20015655741821
48.0,53.51805447603374
48.0,45.702836551142695
77.0,83.8959153732718
77.0,75.3573353667237
65.0,64.63512512069383
65.0,58.41298059615491
59.0,66.67929803378263
59.0,38.252380118580504
55.0,53.77193973730812
55.0,82.42983889556558
66.0,73.95200711905858
66.0,51.18748871682527
51.0,51.86452170871354
51.0,75.72426904263591
67.0,74.03693381456412
67.0,56.81800228099081
54.0,50.07866771321642
54.0,51.270361644787215
24.0,27.76882011892394
24.0,69.63412975842681
49.0,50.14703096478286
49.0,53.430243482823755
66.0,70.89947253069141
66.0,66.70108545817845
70.0,77.8282291724974
70.0,46.9779594528776
35.0,37.576820918522
35.0,74.83990626762949
63.0,66.80287561597294
63.0,24.995129667400477
69.0,73.53225229359685
69.0,78.72501486242379
66.0,67.65812315659116
66.0,41.12101434011646
72.0,80.18282116403304
72.0,49.210915448226956
34.0,35.726653019025036
34.0,87.6431486188701
38.0,37.08896066504735
38.0,45.598830758968404
60.0,63.579482306476734
60.0,73.75554272071594
63.0,69.44181196835831
63.0,68.18675590307299
62.0,68.90495701201274
62.0,54.83681848985486
68.0,74.31338611644367
68.0,68.55310664279887
66.0,72.53303283157862
66.0,65.34072821614836
51.0,48.21776691138683
51.0,70.76320821812914
71.0,74.2091865699615
71.0,21.575070974967275
59.0,62.336354808176566
59.0,75.18548589351406
75.0,81.5678263430076
75.0,85.32568107972196
70.0,74.94533789816268
70.0,26.65060969712505
65.0,68.21446457105151
65.0,89.68601412777178
65.0,71.28890472954731
65.0,73.50859072453835
66.0,69.58088003835462
66.0,66.94387398121603
58.0,63.190598730462625
58.0,84.51281355366592
34.0,38.3932228313879
34.0,49.44125584294619
65.0,65.07792518053606
65.0,73.90340193593778
65.0,69.38433977675322
65.0,57.236864830877266
67.0,73.67492842395467
67.0,57.534304747369276
45.0,42.161583290254725
45.0,77.63992896801477
54.0,59.42169924318415
54.0,81.94628636563868
64.0,69.33771013703978
64.0,59.60872992163684
46.0,45.619083276848926
46.0,15.970606987651308
21.0,18.811978612474206
21.0,75.37390912364361
70.0,77.00637521128255
70.0,60.39691825064864
16.0,8.8966386109621
16.0,53.147166161982454
24.0,15.978154095621562
24.0,48.35207307914868
72.0,75.116390290671
72.0,14.41151780198578
32.0,23.917770515356324
32.0,77.58734773203571
62.0,63.25044055935217
62.0,74.25166643055383
77.0,83.05123331265332
77.0,71.4811261978441
79.0,86.8698130696834
79.0,25.7498029826927
70.0,73.45006649385783
70.0,84.22760238405039
69.0,72.76769039050475
69.0,68.34724677321776
59.0,63.8390259194976
59.0,55.047841019886675
60.0,62.33712089575067
60.0,66.1891295746509
30.0,36.659262557578586
30.0,72.6370822865149
38.0,42.484277409218635
38.0,79.57728458196658
47.0,46.37689043027683
47.0,52.773831123696084
73.0,79.77057400594992
73.0,68.95717579796775
73.0,78.08458549109804
73.0,68.34612294091102
50.0,45.65408183740351
50.0,76.81107983897249
48.0,51.646558480875456
48.0,60.37096823822367
60.0,64.335288847904
60.0,15.554935762240916
73.0,79.07670360473793
73.0,26.544627224493354
37.0,40.73355221914824
37.0,76.8144360475693
47.0,46.70113082681138
47.0,73.25971883566802
84.0,90.12673185613522
84.0,29.081005065458783
60.0,66.88039249937879
60.0,82.1301157419507
76.0,84.49015389927513
76.0,46.06565773211213
64.0,69.76909046374357
64.0,69.74070814793504
51.0,52.92590417206452
51.0,30.19966999456466
73.0,79.75844440478255
73.0,58.468073563785765
58.0,57.75754705018613
58.0,53.62443470121377
78.0,83.77685501220589
78.0,82.82938655527278
47.0,46.94577794708482
47.0,78.25017726379059
42.0,47.56296819477183
42.0,40.977401611672576
62.0,69.11018145917649
62.0,54.605257995607076
42.0,45.25417065268289
42.0,18.446804901762505
52.0,51.138223538611385
52.0,57.18681395401501
39.0,42.11437440170198
39.0,48.04516090356145
54.0,50.88089625116817
54.0,70.30386278618249
68.0,74.97652987065919
68.0,17.933214629841018
29.0,25.27870012586908
29.0,38.86349800236002
51.0,44.023780213518535
51.0,77.99844084806944
54.0,57.320316595542124
54.0,78.88082092622011
52.0,53.40142022708892
52.0,61.76556180188959
57.0,56.93763958437171
57.0,75.26659742744783
66.0,71.11695798975325
66.0,81.27329161245825
62.0,67.28036716997849
62.0,65.86666173013163
68.0,72.72483966444042
68.0,55.47648120715752
71.0,74.68162899412908
71.0,70.50594348817651
66.0,69.99198437990549
66.0,66.33156617243816
73.0,79.92030131468312
73.0,91.91248182618477
55.0,54.8003313810824
55.0,86.55671511892916
27.0,26.656507914490305
27.0,47.89234000162406
39.0,39.947600381743655
39.0,69.67520269808142
73.0,79.5094917222471
73.0,71.52783028706057
41.0,44.17113287864555
41.0,57.457532434416805
59.0,62.30844404102834
59.0,78.96842613843376
72.0,76.66666362684788
72.0,66.6400963999987
66.0,68.67416117356788
66.0,73.58074273985233
72.0,76.23757967482953
72.0,78.80265812565136
65.0,65.1867482820374
65.0,88.84192834723285
66.0,67.76663908597459
66.0,66.98268582705066
65.0,66.80082319079781
65.0,79.48061926110438
53.0,56.692228417363594
53.0,48.41590640171438
74.0,82.10484962152879
74.0,35.8536831884864
72.0,76.57660443780856
72.0,67.51795546298837
80.0,88.6202557434234
80.0,81.67513679057419
16.0,18.192345178424716
16.0,60.093014824550494
64.0,68.02287735558014
64.0,67.01302654714857
54.0,54.02243110566843
54.0,76.63808999256827
34.0,33.82513846143888
34.0,56.10387386429437
38.0,37.10784726338636
38.0,67.17518618587786
47.0,44.11533331701406
47.0,43.6840860464701
22.0,11.708573697867848
22.0,32.25214570942785
56.0,58.642806657635106
56.0,66.19486344411001
42.0,39.24033775693931
42.0,74.69639971470986
68.0,74.17450749770074
68.0,64.2711740087559
65.0,67.08731924984227
65.0,83.55498429840765
52.0,53.85917516618355
52.0,65.32469539413609
65.0,70.56236693793727
65.0,71.14369194984204
48.0,50.13526452561632
48.0,77.68436988257565
67.0,71.83295409530882
67.0,32.21931328483822
69.0,74.1656233584651
69.0,59.538758925406285
73.0,78.38956661251092
73.0,54.901800140567104
63.0,68.61392724476434
63.0,66.77039195391899
72.0,76.40834888521726
72.0,84.74174643095097
70.0,74.40133743862424
70.0,43.4643476536674
63.0,70.0568895041784
63.0,63.54738450591202
57.0,59.0907305063256
57.0,53.02128956672027
49.0,51.52684473399535
49.0,56.9566868509433
46.0,46.988072792976254
46.0,82.8351061482644
64.0,66.47073205896936
64.0,85.98174984713148
73.0,79.4435389211198
73.0,22.081951054916374
43.0,37.81715571758923
43.0,54.61816753479587
53.0,52.03593911199823
53.0,55.62218967003787
35.0,35.0532063843055
35.0,43.45082167971174
36.0,35.82295722862091
36.0,80.78182774099076
29.0,24.483834683914438
29.0,80.61025089598752
40.0,41.772799001030194
40.0,56.77286188720143
78.0,83.521670337822
78.0,50.68333653254825
68.0,73.06838141236125
68.0,47.97921758566338
49.0,51.03558332289964
49.0,67.06113901866604
70.0,74.93355774592237
70.0,57.64915349690688
32.0,27.2323448022986
32.0,41.755777150646395
39.0,26.65502672691042
39.0,60.61046027564197
79.0,83.94667145176464
79.0,52.84567681517234
58.0,60.26457122728368
58.0,49.16915029077171
58.0,64.47639949618053
58.0,41.50101891786085
58.0,62.456908193504205
58.0,46.667502995458335
62.0,66.21598243147793
62.0,42.05721423187509
60.0,65.30094180835113
60.0,69.81761390286232
79.0,86.37978097067986
79.0,56.53761280437425
62.0,62.104487466948456
62.0,85.71937735144456
74.0,80.24296555184083
74.0,60.46757271161442
67.0,74.9543384787554
67.0,73.53938244598663
65.0,69.13076121190716
65.0,44.7494182180302
68.0,72.24840709578604
68.0,73.79484205631127
77.0,84.16680880959393
77.0,43.77675030826367
75.0,79.25590393483418
75.0,55.657194462310656
62.0,66.01478522533051
62.0,17.797601270310736
69.0,77.03010613057006
69.0,78.41685704788824
61.0,64.97895292098036
61.0,66.40945498017209
38.0,38.105561695299684
38.0,67.08253346949078
57.0,61.36823782502046
57.0,64.95382707804038
64.0,68.23181479639163
64.0,59.68914805319031
74.0,78.04188590399752
74.0,66.5370839791953
62.0,63.804436003018566
62.0,59.24619373964674
80.0,85.74930149502711
80.0,39.240847459926556
45.0,42.79012616650925
45.0,67.61911441075398
48.0,49.64048374358083
48.0,75.73815028597488
71.0,77.6994716620074
71.0,71.44487556727131
68.0,73.93902614129678
68.0,5.697585958344803
76.0,81.92412784498163
76.0,63.940057959929675
78.0,85.4820977750166
78.0,66.43526552853535
64.0,64.41858505509276
64.0,26.026171570897645
41.0,36.114196617614084
41.0,70.56786734392631
49.0,52.656666368674735
49.0,76.92807577167974
72.0,75.47950311326542
72.0,62.56668000192889
20.0,14.766431390934827
20.0,67.47249449201638
75.0,81.61217950673614
75.0,86.18991159122476
78.0,83.99846210475914
78.0,58.46353689768006
66.0,65.03465198140839
66.0,48.79188185527818
62.0,62.941022026324504
62.0,64.73809489243189
62.0,71.73465010922155
62.0,90.8351225046747
53.0,49.9196049790923
53.0,68.78866700761603
61.0,66.63861489738201
61.0,62.91080665032325
27.0,28.98671329123448
27.0,29.728435286479055
79.0,86.30261999825348
79.0,29.537359025680757
70.0,77.22010366163931
70.0,50.34363333033292
42.0,45.18596986424882
42.0,69.64668606273585
42.0,46.68835412690805
42.0,75.25589713753345
63.0,69.11205680594844
63.0,69.58548885745967
72.0,80.03287771481763
72.0,80.9677391880578
49.0,50.91545608770133
49.0,28.378843160791348
64.0,65.18547435446322
64.0,71.57243409298576
40.0,42.20710053360909
40.0,84.55521713696828
27.0,28.29522799410978
27.0,71.99245186101092
58.0,62.95374201317202
58.0,75.58238469893854
73.0,77.49367662062377
73.0,60.89659980210507
58.0,66.43872481530775
58.0,51.17188356515118
39.0,35.47141455647386
39.0,65.85608327959005
77.0,82.02293502988567
77.0,1.421460778217238
63.0,71.12394658591097
63.0,68.20182714119534
73.0,77.72211689654063
73.0,58.39220516572698
65.0,68.47765337865951
65.0,30.553483843961942
70.0,79.52756174080201
70.0,44.24725752049835
60.0,60.276374470181736
60.0,26.78682410226844
65.0,65.84393688809735
65.0,55.23946280804836
59.0,61.58426647664277
59.0,76.25721947704966
65.0,67.12045355011753
65.0,32.40387955537244
42.0,42.784056284153735
42.0,78.02155917731812
62.0,67.36929004104206
62.0,59.15864557694704
55.0,57.00733626504149
55.0,58.70267145463072
57.0,57.195504324547755
57.0,64.26893425671426
43.0,46.76793038835609
43.0,33.044343777779204
54.0,51.27872145464602
54.0,48.020780364360576
61.0,62.915479114447464
61.0,68.23814322746261
38.0,29.86539769434438
38.0,78.2884309084451
67.0,72.79351204957158
67.0,81.71483442794107
78.0,85.83168821467746
78.0,62.73832413295787
74.0,82.33743476207553
74.0,64.6500466255896
75.0,79.31151032165349
75.0,18.894345584260577
59.0,62.64606441388287
59.0,32.05049818005716
59.0,60.58294735861949
59.0,60.90568296982474
76.0,80.0911982234444
76.0,22.720566175266015
43.0,39.15981144154375
43.0,59.64416062463067
78.0,86.82380903421773
78.0,79.62902670927264
60.0,60.729191651502504
60.0,66.57228107025901
56.0,54.00689476117657
56.0,57.91889973764319
70.0,77.22127586995862
70.0,55.622019287439
37.0,37.86085609403477
37.0,32.40395213767664
67.0,73.16612893119986
67.0,50.274867561643305
32.0,29.392707787997608
32.0,48.28269002124637
67.0,70.15562386905873
67.0,49.45525242107334
64.0,68.50161711117477
64.0,80.9092979702275
51.0,53.7757168701072
51.0,25.67542309015363
51.0,60.87193645249647
51.0,81.53196722767268
30.0,19.46750019632026
30.0,77.68619425484502
73.0,80.77796644700157
73.0,51.05924254839846
69.0,71.46031170135518
69.0,45.28620899783118
56.0,59.80387252842803
56.0,61.44777752322773
50.0,53.59958243201959
50.0,45.28061726464381
35.0,35.48316910991389
35.0,84.91369580517238
58.0,61.290734291144815
58.0,42.57583583919876
55.0,54.77472624726869
55.0,67.37206841472101
70.0,75.06947605065812
70.0,42.034716961989034
72.0,74.84709702914364
72.0,76.53145290632813
69.0,75.38131087708246
69.0,53.730669269894065
77.0,85.36309308834069
77.0,37.547039270297375
64.0,63.18792859341744
64.0,75.57343332772263
43.0,42.155200804284846
43.0,55.7475615250147
42.0,44.781250528003284
42.0,78.27352891689691
75.0,81.98752002742265
75.0,36.49767176360456
71.0,77.80545269587952
71.0,54.63747455873141
71.0,77.0746065607949
71.0,64.62940692295945
76.0,82.82217103035259
76.0,81.6917871063655
68.0,73.5611977214632
68.0,66.76226480074342
58.0,62.21528944105961
58.0,63.79863097783556
34.0,30.382559876004052
34.0,59.1906868287042
69.0,74.91978078214646
69.0,64.38824566001091
65.0,66.31653195854875
65.0,65.577324615951
63.0,69.28594747184292
63.0,65.2237633531405
66.0,67.95899536827238
66.0,71.956904162294
32.0,28.65053532000161
32.0,60.55944253953413
18.0,6.728711118672095
18.0,7.607627624390602
65.0,72.39717024495985
65.0,34.59217310158999
31.0,27.339036132419892
31.0,84.47893088158736
44.0,43.564400778066215
44.0,77.05195285709266
77.0,82.83765863977084
77.0,50.60969734950038
57.0,58.57538913299118
57.0,41.68620082156633
75.0,81.06632863037936
75.0,50.48152915386413
50.0,48.38026463842925
50.0,49.566734229871315
57.0,62.04528678532557
57.0,44.25454673712056
60.0,67.62517690465876
60.0,16.634721618659
54.0,52.10821202682848
54.0,37.036372405537065
22.0,19.438740682453158
22.0,68.7149299370356
77.0,84.60119999507953
77.0,47.698359048207976
69.0,74.00056215560932
69.0,41.855027265726335
48.0,45.24104397134272
48.0,33.356189318793156
63.0,68.88825849591791
63.0,31.035097788124176
71.0,76.80283378355887
71.0,68.30876171806693
43.0,41.67428596441937
43.0,69.09012052959866
78.0,85.77384360825471
78.0,46.53435712780663
63.0,66.99095527498349
63.0,55.0921556980266
60.0,63.93575573917275
60.0,69.21197029895461
24.0,12.138455023967992
24.0,77.8171289396522
79.0,84.97908153406041
79.0,66.87045967050278
70.0,78.51544415189613
70.0,70.51589854691792
30.0,26.93166787536586
30.0,64.39263444312672
21.0,21.63972526135558
21.0,44.36410083623389
63.0,63.97585426619082
63.0,0.9902671911700054
57.0,60.0029224194476
57.0,70.34109424999212
32.0,37.37222029512685
32.0,66.49830572293251
55.0,54.533237445535065
55.0,75.66958352051563
80.0,86.19389176989137
80.0,72.91118454002697
62.0,64.87281547222602
62.0,55.753744779910846
48.0,43.49045887951189
48.0,58.03591336582156
59.0,59.87364665504185
59.0,44.05386729904933
65.0,65.24606149163475
65.0,41.91726658752867
34.0,26.394840616377678
34.0,56.72006879247584
71.0,77.8539158135664
71.0,79.41834925220678
82.0,88.48660059449986
82.0,73.12965161498113
58.0,60.29043734162798
58.0,77.05945663701232
61.0,62.32947899261535
61.0,48.02192530256616
69.0,75.15529779258344
69.0,52.31693431720902
12.0,6.7799659009361335
12.0,50.08104953127315
59.0,61.832762556309376
59.0,72.25007426966175
62.0,66.00325851526645
62.0,75.73029421069185
59.0,65.93714789354334
59.0,67.06461072223806
58.0,67.42099638929687
58.0,47.80464164512318
74.0,80.49441110396504
74.0,65.00039465550424
67.0,73.76488402632117
67.0,23.831349744401734
73.0,80.35549157946633
73.0,72.32334404194461
64.0,67.32982523114953
64.0,44.34041447825183
61.0,63.88642812141421
61.0,55.40203213032618
70.0,76.10448621063847
70.0,59.6978379629341
37.0,38.75122910055768
37.0,67.53926145152849
50.0,49.90026439559102
50.0,27.828863226230737
77.0,83.1230977806124
77.0,68.56914269851598
61.0,63.412736723285775
61.0,80.61407961056096
73.0,79.03543170901332
73.0,47.19215532710251
69.0,72.17100464762285
69.0,27.75561592174671
65.0,69.22729403536346
65.0,78.0354048752422
27.0,26.63780820088226
27.0,69.39796726756344
79.0,89.45626186575709
79.0,74.31197710429893
44.0,45.60678805978142
44.0,68.266075041602
71.0,75.89162646667529
71.0,80.71322167453468
67.0,70.05933111528839
67.0,34.12003452326695
56.0,56.409795473323584
56.0,25.553654168593937
35.0,33.842172566128454
35.0,53.06827919652358
30.0,31.302546509287026
30.0,45.56856684828148
67.0,74.32969910801756
67.0,72.63272063452445
43.0,37.28989387451992
43.0,44.645313689589045
24.0,22.30623325279413
24.0,51.77840324845897
59.0,58.665348578872056
59.0,79.38300491837396
61.0,65.68540304229373
61.0,44.19238491105335
25.0,19.45685061145639
25.0,55.86548669891181
69.0,74.20290177604056
69.0,81.00711093328863
77.0,84.40267664008309
77.0,70.85545899688657
29.0,25.933914874285563
29.0,69.62825392853227
74.0,79.98471182190787
74.0,73.94983130144834
56.0,56.786747680999724
56.0,74.69934279301856
74.0,81.90338030082364
74.0,52.61546097732895
50.0,55.24853934715162
50.0,40.52893507225599
53.0,54.047300313636015
53.0,74.45375912976976
75.0,80.11394307623203
75.0,62.90896598538649
66.0,65.91983319057067
66.0,64.72658129467425
65.0,72.70215191633645
65.0,74.27615005920768
68.0,76.13534714291455
68.0,78.12603286020186
64.0,64.81779409957869
64.0,81.375968390048
35.0,33.59509568861358
35.0,31.391239523920547
13.0,12.452982149021068
13.0,54.99692420368848
55.0,56.6979004194294
55.0,82.0742249935148
58.0,63.06250864813609
58.0,71.26809717477573
27.0,24.43277134593012
27.0,74.2671340512419
72.0,75.16555266640103
72.0,66.468113435227
81.0,89.96738427045614
81.0,63.360145462616686
70.0,76.95670626584194
70.0,68.96091491711883
21.0,16.956415208903707
21.0,68.13657561814108
71.0,74.01684924775032
71.0,78.18526058167834
70.0,77.4835856558434
70.0,73.08889169420326
67.0,71.70066429349714
67.0,72.35939449098487
28.0,29.45618323994387
28.0,65.93961595029737
57.0,63.371218511163136
57.0,63.63412074237874
62.0,63.01680894661882
62.0,69.32741054875464
15.0,18.181482977945223
15.0,69.47538167570389
72.0,78.39371380640131
72.0,45.08136983445684
43.0,45.85002659804809
43.0,88.67303235416381
62.0,64.57039634812213
62.0,63.56337626722251
76.0,77.9638383946729
76.0,77.21805208537774
15.0,17.237863474517724
15.0,68.0433264082356
14.0,11.787355438518489
14.0,70.97036670758393
43.0,41.94111116886131
43.0,61.07723908739342
66.0,70.49856026592454
66.0,78.75076340172234
64.0,69.55388161920746
64.0,68.74687784607653
76.0,81.33547534939356
76.0,16.37898037222766
55.0,60.79026502363473
55.0,78.22010963809572
43.0,42.0318473763906
43.0,77.75741247107766
61.0,61.447899847974554
61.0,62.813234035785456
75.0,79.51075787240899
75.0,58.800031842799285
69.0,72.74703951871629
69.0,83.00166748895356
60.0,64.70831353093172
60.0,74.43185590240057
67.0,70.85213866492325
67.0,65.26608533687147
57.0,62.93578343496898
57.0,47.995957933765
68.0,72.34068743089449
68.0,85.67850677148573
64.0,69.46017841387959
64.0,77.83887284689388
69.0,74.94796432728731
69.0,19.432492251561655
71.0,73.3324990255341
71.0,77.21263235714468
64.0,64.2304466592418
64.0,74.34433993677533
66.0,73.77878802539368
66.0,73.30571703737854
18.0,8.154187649755556
18.0,58.07099768125613
66.0,69.57861534966281
66.0,77.11066025030021
64.0,64.64418839246912
64.0,60.1777313752616
58.0,60.673420453783365
58.0,51.325941056214276
27.0,21.766796226528015
27.0,65.86954312357415
58.0,62.90060830812217
58.0,58.66353080511601
75.0,79.32486362244782
75.0,82.03810412449218
49.0,53.46057437204928
49.0,20.76018348739791
75.0,80.61646148395477
75.0,76.30744625787446
18.0,11.89272522388984
18.0,75.81662679742033
70.0,75.6099563555266
70.0,60.33403608873539
64.0,67.90728354969536
64.0,80.02622454839633
31.0,29.622671456404646
31.0,73.87925536411012
71.0,75.45231302963361
71.0,62.81739620715649
72.0,78.2872122631116
72.0,26.393949880165167
66.0,69.41852761928897
66.0,75.74265059481564
63.0,67.53060551514488
63.0,79.93060385644083
65.0,69.17004169359609
65.0,50.73629914936981
64.0,68.93641774177394
64.0,33.47595948240337
64.0,67.9259767227532
64.0,12.293709079819848
79.0,86.72318842350984
79.0,76.35387469425712
74.0,79.4744343075318
74.0,71.10510781288457
58.0,55.41325427875796
58.0,55.400857739069465
67.0,72.51052486614276
67.0,85.20115054059625
74.0,81.75093226924099
74.0,81.57710277509494
60.0,60.47055312140037
60.0,65.59087727541845
76.0,82.81218059127985
76.0,68.39057129480022
73.0,76.24793837915621
73.0,76.83498451922361
70.0,72.0401576270508
70.0,53.750489396264356
66.0,70.42393448550905
66.0,5.931395511174969
41.0,40.25518760744325
41.0,80.40157262600474
64.0,66.76411993910881
64.0,66.6719605116333
66.0,70.5652439264934
66.0,49.07492787475877
37.0,35.62213474373158
37.0,82.97706343075959
75.0,80.89018440847366
75.0,77.24467517192443
63.0,67.18783024683194
63.0,54.68654754577483
24.0,14.876850347132972
24.0,79.33123583997804
64.0,67.83030504571587
64.0,11.708573697867848
53.0,52.231274029140025
53.0,43.743080689256146
72.0,78.96378569877493
72.0,42.95751934130186
72.0,79.61360611576941
72.0,76.89506184491296
35.0,31.998883464992957
35.0,44.97383402079686
62.0,63.950782218555844
62.0,5.549596509673279
72.0,77.13009632013836
72.0,94.43435465881578
47.0,50.28492312137621
47.0,83.41467547714194
71.0,78.54547179338027
71.0,69.33271858276993
42.0,44.37650826414608
42.0,63.264607419855906
43.0,47.92764603872064
43.0,71.16902488947858
59.0,60.09608475055444
59.0,24.008754481581832
76.0,82.85193336875136
76.0,76.59557837988427
66.0,69.52961155518773
66.0,23.000006904818747
65.0,67.01593526055734
65.0,62.33895233267634
66.0,69.94110254967615
66.0,63.909887062221514
51.0,52.80905616237453
51.0,56.05342897694618
43.0,41.41618276561405
43.0,84.01290793528261
31.0,25.347864456914806
31.0,75.25904564750044
72.0,76.36604581970562
72.0,83.74478428368411
83.0,89.22863193397558
83.0,68.40677728216036
60.0,64.50951439154301
60.0,56.366346128843134
55.0,59.59027671093395
55.0,26.946211957642788
34.0,37.16193018926316
34.0,79.26644907292268
82.0,90.61739028652914
82.0,73.11906353225106
55.0,53.24780633030832
55.0,82.23666454933459
79.0,85.90637060162868
79.0,84.34343698260852
85.0,92.78052607912957
85.0,57.68808326941331
74.0,76.2048454506284
74.0,20.35961703053357
40.0,39.019973216096105
40.0,73.3321646043467
48.0,50.32548698044474
48.0,55.793588094050506
85.0,91.95182098505978
85.0,68.28013934393209
71.0,74.17659924231594
71.0,71.69423779136196
68.0,74.49122294163243
68.0,49.89975503687327
67.0,72.41761144439863
67.0,73.92946579549937
69.0,76.67651613687468
69.0,45.48389012387241
63.0,64.7870846132003
63.0,70.03380822143203
47.0,53.29818412145687
47.0,66.90966273762103
19.0,21.005653853631713
19.0,61.751789310059394
74.0,79.39694898682211
74.0,66.18211313509227
55.0,56.86280483801232
55.0,58.507496983014676
65.0,71.01450690961565
65.0,51.007175070734604
56.0,57.19641492665528
56.0,64.49690195746803
78.0,86.28132616256102
78.0,81.09526707233056
23.0,12.145789908915788
23.0,75.71064102328296
70.0,75.36361281265857
70.0,56.13106804979685
60.0,65.46239372689524
60.0,26.15969932215785
69.0,75.27302084632765
69.0,19.553029511650664
70.0,73.3645437744612
70.0,67.74563161789939
10.0,-1.8260064343132854
10.0,60.653387185155054
58.0,60.82116012965474
58.0,86.8696621976606
64.0,66.35696576438232
64.0,67.49370946123327
64.0,69.70503333520003
64.0,70.14282151325943
63.0,65.643815012446
63.0,63.731575097845166
68.0,73.20570570729234
68.0,72.85012936715492
76.0,82.24906709627618
76.0,42.61641673110415
44.0,40.1204524142791
44.0,55.07609330911282
48.0,49.476527096547954
48.0,74.35681942771089
70.0,76.11151626733636
70.0,81.84172812022564
56.0,56.32809608339198
56.0,42.28643471677702
50.0,54.7663504645231
50.0,70.5059406270588
73.0,78.26958556609497
73.0,58.36595347238506
38.0,39.743900786071094
38.0,80.68741784905524
44.0,38.89905490368392
44.0,66.68437830713384
63.0,66.24437862614496
63.0,59.82577631419912
71.0,79.56586398275135
71.0,60.013671497969426
47.0,50.03707795300784
47.0,69.12577121994366
62.0,71.8100607030135
62.0,89.77913025912818
59.0,59.32503941733586
59.0,53.72873959037378
49.0,48.898147760932375
49.0,70.99300539150295
18.0,11.163763149543001
18.0,62.56663071848658
69.0,70.15035913508086
69.0,59.30066870818382
75.0,78.24187725739199
75.0,72.71541885998283
39.0,38.86111608827338
39.0,81.44035687729058
52.0,54.13851808369003
52.0,54.06643954145221
51.0,50.552145811684454
51.0,46.63161462650254
75.0,80.3653300955142
75.0,67.934936923495
73.0,78.48189648390917
73.0,55.06812694640308
59.0,62.32485144417046
59.0,25.411217493012145
74.0,76.55730613206441
74.0,58.28142456431033
67.0,68.61019273032588
67.0,76.05728914370957
77.0,82.97114269538088
77.0,55.211999666233226
70.0,72.62337067773689
70.0,20.833340196549955
31.0,26.280443830489162
31.0,77.84966790313382
78.0,85.51415538280003
78.0,74.9224813055975
74.0,82.18322813390375
74.0,12.13952962951305
17.0,12.898598075194286
17.0,84.103842311937
63.0,66.79639621250215
63.0,63.16302188586235
73.0,80.38166662175439
73.0,52.040118384320124
56.0,56.62666138165429
56.0,50.61372139018374
61.0,63.44823940690031
61.0,65.70799502035061
70.0,78.20917635410012
70.0,63.43481013022284
77.0,83.15823854432995
77.0,74.70470652079626
64.0,71.04275119531741
64.0,74.29849926060558
69.0,75.15194628881216
69.0,54.32293961146536
54.0,57.26206790776115
54.0,5.918479583879673
71.0,75.4027214643607
71.0,78.55230785541619
47.0,45.72750862369605
47.0,77.84924972302662
52.0,52.152203434635965
52.0,77.05264497296554
38.0,35.749157724609574
38.0,35.78256106449743
74.0,81.50043561331756
74.0,67.18792735719654
68.0,73.5560217964233
68.0,64.22034070651841
74.0,78.14734639120218
74.0,74.43157769615073
63.0,65.79390363853014
63.0,77.10335557229666
61.0,66.0566723878951
61.0,74.61873979892931
58.0,65.57569067687416
58.0,53.842440657777104
21.0,13.348206399975766
21.0,77.14281020590022
48.0,49.243794436942494
48.0,28.07371349274922
61.0,60.31934542557656
61.0,49.248308800290886
45.0,34.439247975723106
45.0,57.50620696254464
71.0,73.44833655936804
71.0,64.9597688851465
47.0,43.93779144714222
47.0,51.025494427730564
70.0,74.42757240372896
70.0,66.15618734017124
44.0,49.60338879773633
44.0,61.58315734190825
50.0,46.39781772936669
50.0,70.46460554168397
59.0,62.126341651064024
59.0,62.15186465873944
81.0,87.41000035376265
81.0,56.98906329023657
30.0,18.57228556949076
30.0,54.35133132827269
67.0,72.17591068083442
67.0,84.71537674015087
65.0,72.28348533410758
65.0,70.3912282132273
72.0,77.9006316177053
72.0,77.6390890590551
42.0,43.77675030826367
42.0,76.77555117087007
80.0,87.11406259628262
80.0,35.274738703527476
65.0,69.97318945595026
65.0,36.42668540396801
59.0,63.36971330545134
59.0,62.41038652108773
54.0,52.20300608498604
54.0,83.91401354833954
55.0,52.599240527972825
55.0,86.85494209967015
18.0,16.048669731873645
18.0,61.39631979586113
67.0,75.26240620818152
67.0,68.86071946984686
62.0,69.78691671859724
62.0,80.11860973550898
60.0,66.10139340741955
60.0,70.45954215728085
71.0,76.39847979549666
71.0,32.24625309134524
60.0,63.43252734806646
60.0,85.72207517524737
66.0,68.9155423103644
66.0,76.58941300099644
74.0,80.23041530331801
74.0,70.268696504491
53.0,57.883687939778895
53.0,68.1852334807038
71.0,79.92610877246705
71.0,65.2293875561075
43.0,45.90375759602438
43.0,78.33666769062472
70.0,79.19086147764295
70.0,82.21351324208268
68.0,73.10712598286676
68.0,42.89583869118189
66.0,67.57419161098602
66.0,62.068671637874786
60.0,64.10385376986699
60.0,80.87057977494078
71.0,74.88996816380632
71.0,53.375223673825076
64.0,65.9679216716608
64.0,73.49543632807212
48.0,50.83657905775402
48.0,50.779319365207186
56.0,60.90642719801485
56.0,72.75429250487412
75.0,80.69467077976788
75.0,62.29866934765636
36.0,28.96094479255214
36.0,83.11150834059708
72.0,77.3471533042607
72.0,55.538760801305784
70.0,74.35759856438364
70.0,45.18192822485065
72.0,75.58025707888083
72.0,80.80506403961829
16.0,10.96480055967345
16.0,73.85154343795534
53.0,51.94580942931765
53.0,48.74633207800264
50.0,50.11995477361194
50.0,85.91173243894804
58.0,60.390459228814564
58.0,74.77188233152532
67.0,72.08599932094995
67.0,5.816480775089019
74.0,79.35511825815041
74.0,87.7068744412253
64.0,65.28165883205219
64.0,68.1662643448559
71.0,77.53308032987417
71.0,69.86252815636283
55.0,61.17024742505754
55.0,82.4408090719503
63.0,66.38946962923842
63.0,67.64136587274976
59.0,57.43670864141018
59.0,83.44460668171598
60.0,67.0212664238087
60.0,65.68727587809576
38.0,38.55664638555248
38.0,41.976654052984884
52.0,57.136925561763746
52.0,40.36816192677236
81.0,88.85704414569506
81.0,56.102187356830996
31.0,26.926550029025634
31.0,46.37689043027683
30.0,27.73399862814182
30.0,53.64429664965712
30.0,23.930097632792013
30.0,80.83102942979957
66.0,67.24305079698729
66.0,63.52736495082871
53.0,53.54297596247034
53.0,22.344122007530302
5.0,0.39923992833325883
5.0,65.40475011858803
30.0,37.16580325339311
30.0,51.01274203070358
61.0,62.854019784843274
61.0,46.24980958912448
32.0,36.5800789755379
32.0,77.48037952346431
31.0,24.51272873893356
31.0,73.89881353326206
67.0,71.43097157868743
67.0,73.10401497414512
37.0,44.36662911739154
37.0,73.44708907025728
64.0,71.79926854390288
64.0,70.39207312381944
74.0,82.71215249241584
74.0,76.66551773727315
51.0,55.16539100049215
51.0,69.00533585365821
72.0,76.12332483956368
72.0,23.75469825044513
59.0,62.662256313928765
59.0,72.3853406881189
54.0,52.65547962735144
54.0,73.16436469597551
60.0,58.568398331124
60.0,64.05565822629558
67.0,71.2500015379274
67.0,25.55486538614565
70.0,75.25503112758236
70.0,71.69386840872312
66.0,68.869074662201
66.0,80.84852225337403
73.0,79.27397923797508
73.0,50.01575160772529
70.0,80.05493413109588
70.0,58.96425240970717
52.0,52.147274242436595
52.0,67.83966594847408
75.0,78.8657088475722
75.0,66.07679526566653
69.0,71.13916297974146
69.0,58.084336229947496
48.0,52.149330638036474
48.0,15.357933295127395
17.0,17.23988647512209
17.0,32.93548129194943
35.0,32.9842494108409
35.0,69.43838288784451
69.0,72.70442294530073
69.0,75.5376286202391
48.0,46.240434001496055
48.0,79.39694898682211
76.0,82.49139747892895
76.0,53.92742799860224
77.0,86.29506293142026
77.0,74.22836140296857
52.0,50.76720316010119
52.0,79.14901877697696
73.0,77.48167442274234
73.0,43.60735235537902
39.0,33.05207367580874
39.0,73.64491387120381
36.0,30.663916928974572
36.0,75.91325117496962
65.0,70.09602775104378
65.0,48.52525718550379
50.0,57.747250547207386
50.0,77.50294078264102
36.0,36.863020338237845
36.0,81.22400740343471
74.0,79.8493081642925
74.0,87.7929617830793
48.0,46.83576354100825
48.0,88.61726618454287
75.0,81.31379703929969
75.0,75.72295121582437
62.0,68.79453950208358
62.0,69.7630140109489
62.0,66.19370523972799
62.0,69.29164955238565
71.0,75.5908303160956
71.0,74.06957449438283
54.0,53.59250495709614
54.0,61.006276607056634
58.0,59.3187648483958
58.0,21.223279665518703
66.0,66.51497067540993
66.0,66.5970077949035
63.0,65.78621881920839
63.0,73.58253444748453
69.0,73.03057794239771
69.0,63.16867037826427
72.0,77.24150551742599
72.0,8.443785722896848
63.0,69.81976832269879
63.0,76.71902382919382
22.0,20.268913339244705
22.0,64.56829505934138
57.0,56.33694117777645
57.0,3.4365870435938746
67.0,73.49711841731835
67.0,59.32344783316432
64.0,67.51250777618083
64.0,55.403563717908014
51.0,47.596218430609724
51.0,68.4165008275254
74.0,79.36795957917496
74.0,21.987948574323696
59.0,60.39428848824468
59.0,68.76399627848559
41.0,36.71609443771894
41.0,72.69811671104748
54.0,55.402001484688924
54.0,40.27812819954562
40.0,40.790450122699724
40.0,37.796475757176836
52.0,58.88854662180853
52.0,55.402001484688924
59.0,62.08561382999585
59.0,74.0357568739256
72.0,74.60424198329076
72.0,79.46842477067611
73.0,76.48947160147765
73.0,47.28076052530173
33.0,25.295872661861722
33.0,53.00020365048226
41.0,39.86137868062309
41.0,57.239058797939094
53.0,58.69623219421106
53.0,26.41509706474443
77.0,81.1850492408285
77.0,77.89420502743309
75.0,82.65304420712738
75.0,42.87316469765284
68.0,72.16718617022872
68.0,35.787579618610664
46.0,43.77642686543862
46.0,17.91691817198881
54.0,58.729177334113956
54.0,71.66001623118706
57.0,62.89450892341898
57.0,39.21322919974159
62.0,62.90391361994892
62.0,47.298933626544795
60.0,61.9669058433517
60.0,65.22889672529277
63.0,68.72870520684387
63.0,11.844099114551682
76.0,84.81555535267375
76.0,78.76575800386888
72.0,76.42616900376396
72.0,13.76937768118188
34.0,34.96840723768685
34.0,70.28535725536244
67.0,75.1390437879441
67.0,45.73582441798533
45.0,37.850630353919655
45.0,70.33130363954439
39.0,36.876018791509296
39.0,74.43091524911898
68.0,73.14883767011418
68.0,32.73409825123554
64.0,69.50075489963757
64.0,73.75823432294982
41.0,40.226060985344134
41.0,74.5865000744513
69.0,75.23885445454181
69.0,64.57091108020705
56.0,56.297750064227785
56.0,42.344945040464836
79.0,86.5855324043298
79.0,61.20496702649132
53.0,52.19849151273655
53.0,72.20490927156249
50.0,44.91701788077012
50.0,72.25504829305265
33.0,22.11605705441326
33.0,46.67151054019524
64.0,66.66564674300452
64.0,48.096614073698674
71.0,75.39815091451635
71.0,87.2595199087832
42.0,37.271954674396966
42.0,75.71574165387182
52.0,53.26776175913261
52.0,57.134654049731694
58.0,58.10799192419864
58.0,42.86384768350803
58.0,59.072016886260826
58.0,75.18540568753735
25.0,8.099264370920082
25.0,66.6503110580187
75.0,78.96933701416208
75.0,48.28251998551508
56.0,51.319521018508965
56.0,61.91509800682212
57.0,59.404402165465285
57.0,10.175181310172263
59.0,63.460769412975935
59.0,41.70974093174243
75.0,82.14111953605146
75.0,49.04964023937737
63.0,64.67296256735239
63.0,68.71718816010042
58.0,58.59506049227855
58.0,55.76043433608368
69.0,72.73854923538448
69.0,81.88457381309917
70.0,76.42385984158756
70.0,92.14522004213393
61.0,66.2012730237035
61.0,68.01724525735716
68.0,73.69412134047235
68.0,57.29711199535791
50.0,50.703780026448726
50.0,40.04150159453155
23.0,15.959209510765447
23.0,64.8255160214228
66.0,73.24488103676129
66.0,58.47777649363883
61.0,65.47002370170782
61.0,39.34393067405165
71.0,75.50698055245357
71.0,56.33678288679164
67.0,68.11964263909908
67.0,75.8720324259632
51.0,50.09861377564283
51.0,37.16263007843696
55.0,55.30176846359814
55.0,62.52017996250862
57.0,54.32177682474912
57.0,51.00010246786019
45.0,44.42305202354572
45.0,42.937733834390656
50.0,54.368274629538405
50.0,86.31114548669615
36.0,34.91344816779184
36.0,82.60174431599194
70.0,75.34571225507938
70.0,55.16815480635859
34.0,24.4628884255564
34.0,65.62692096457494
72.0,76.7870919526481
72.0,24.498278899323452
12.0,9.905740374614425
12.0,85.3492103672126
29.0,34.7916889081464
29.0,48.23054348346693
40.0,37.468911302505944
40.0,68.30652036494314
46.0,41.026001065489766
46.0,57.541828198094436
47.0,48.056587044244964
47.0,46.15322029526067
53.0,54.45053978649622
53.0,79.31915116199593
70.0,77.0520290735488
70.0,28.135142086379915
45.0,45.82742869673558
45.0,68.43132430741446
22.0,15.554935762240916
22.0,74.26262596438283
23.0,12.68098090985012
23.0,59.96476146570757
50.0,50.067828758098415
50.0,68.57798101402545
64.0,66.7141043103299
64.0,86.23682386149619
60.0,59.618977800048754
60.0,75.97143534059876
74.0,83.6843994384804
74.0,78.48748118645221
65.0,66.86825587678868
65.0,69.12805177208958
62.0,66.50770169518898
62.0,69.00100992282012
65.0,73.39899843930255
65.0,65.05921806076242
35.0,25.125671537154062
35.0,74.57521284369057
74.0,77.59348601220739
74.0,69.23634144339741
66.0,68.16966309687115
66.0,68.0546903960585
62.0,62.87298035734227
62.0,66.01913531011422
57.0,56.98106689383661
57.0,41.01451803254514
75.0,80.39422188323806
75.0,60.49748226382616
53.0,50.1070004648505
53.0,31.49192135616221
24.0,19.800370673963016
24.0,60.109459595169824
66.0,70.89218444128198
66.0,57.33928203350558
49.0,48.79593768537745
49.0,55.013907287253005
54.0,55.284897850290406
54.0,62.69380609842062
25.0,21.323708254021767
25.0,77.68341901806332
64.0,64.16205359201217
64.0,81.35096274836911
36.0,29.537477629539524
36.0,72.09613909765397
67.0,72.2127713776568
67.0,72.83512134509823
79.0,85.18905046307339
79.0,51.161428452486746
73.0,78.7852745616625
73.0,56.63309033528719
70.0,75.35080337437154
70.0,70.75409928446334
29.0,18.31000074236846
29.0,76.62566874285835
53.0,57.44524631769167
53.0,70.38728984352906
72.0,78.79863429004388
72.0,42.32761830084871
69.0,73.63334740267959
69.0,70.83026614520418
66.0,73.12568198516755
66.0,77.95054630817248
64.0,69.430172383095
64.0,66.28281887724586
63.0,63.579245449786924
63.0,25.114336926468013
54.0,55.07782955752026
54.0,81.88768423689976
65.0,72.24312797557326
65.0,77.64650344567326
58.0,61.337677082860864
58.0,84.69655420597377
75.0,79.43877067497743
75.0,84.98565551116604
34.0,23.786633511878904
34.0,82.03231171301752
42.0,53.84426917304393
42.0,85.11562225534817
56.0,58.25505149962606
56.0,61.34558866854019
70.0,78.07556503012074
70.0,58.340572142634585
71.0,74.65866088121396
71.0,34.94676837859839
37.0,37.4476387735337
37.0,51.89736413013014
66.0,69.53222056392673
66.0,70.6634190670685
36.0,31.869613887068397
36.0,67.08561757638512
66.0,70.95064376213531
66.0,69.78194261739134
43.0,41.68620082156633
43.0,60.18549376495872
38.0,38.9184347641563
38.0,23.266914963286524
36.0,31.804854584596512
36.0,82.8891150591981
63.0,67.83231467871451
63.0,63.41321029997539
69.0,73.10393958606312
69.0,82.54757789082254
59.0,60.89598601925593
59.0,13.728129550130348
62.0,64.41756535285242
62.0,61.73391330212672
39.0,35.961982619726314
39.0,69.16634037023044
69.0,72.76146004131533
69.0,63.56420554934692
38.0,41.707231471068155
38.0,70.2732847141051
66.0,69.17824649635003
66.0,65.75234798849095
65.0,72.64196797374217
65.0,57.173257159282514
68.0,72.47057234730266
68.0,46.04521502197417
52.0,53.04710833445347
52.0,31.264547472787456
67.0,68.99598751297941
67.0,29.736076294198995
70.0,77.39851120565868
70.0,60.18121633278082
75.0,80.18397166974597
75.0,70.03250298199777
57.0,62.66709876840895
57.0,74.78759225017097
63.0,64.74569219964246
63.0,55.971376422227195
61.0,67.37380532538049
61.0,62.20102141388162
55.0,56.17844825557188
55.0,63.11792668039061
74.0,78.85452864918926
74.0,66.70548482164395
34.0,33.97167309922054
34.0,59.79128749950047
81.0,87.75655192049578
81.0,67.9019504952073
68.0,74.09491004582287
68.0,50.204277021434905
79.0,86.67751209169552
79.0,73.4421567838782
68.0,70.63359310661741
68.0,54.94033253529591
34.0,34.46531731105057
34.0,48.04585613598306
65.0,69.65561012118201
65.0,48.37212295387906
58.0,64.28160085353352
58.0,71.81409326735974
73.0,78.64859885076402
73.0,84.29505438640871
62.0,66.60837146956209
62.0,68.16432823745072
37.0,32.53012305675196
37.0,57.42236535464713
48.0,50.38425057100642
48.0,69.64317492016664
61.0,64.5900764857019
61.0,66.13750401651077
65.0,70.39849049052918
65.0,36.019327959935026
38.0,36.54604495650938
38.0,44.94625530446439
58.0,60.29911576030412
58.0,73.4257984917989
46.0,50.800225720953506
46.0,44.69876412404028
65.0,70.9728220649539
65.0,88.52437719389053
70.0,73.51537482219766
70.0,28.53705085793723
38.0,33.519245611295844
38.0,78.73803141428635
57.0,62.94759958740809
57.0,69.59660652622352
73.0,77.80980867853202
73.0,74.9955327844869
72.0,78.71877959257995
72.0,76.84682124542422
50.0,50.15037276753225
50.0,64.0741747299391
65.0,66.6062796491172
65.0,78.46060325124563
83.0,91.18467683589415
83.0,34.176841076264964
70.0,72.74585447945014
70.0,75.92274850170759
56.0,58.14212990820175
56.0,54.34553405085518
71.0,73.55979683151367
71.0,80.02570080528557
63.0,65.31775171582461
63.0,71.40654026421794
74.0,81.22277513827612
74.0,65.85444170149935
58.0,62.28792509903178
58.0,84.62231705899495
67.0,72.79043817641775
67.0,80.0545272350974
43.0,37.14326068067061
43.0,53.92208179155176
33.0,26.946211957642788
33.0,69.85543084602824
63.0,68.37875900398643
63.0,63.05885405437317
54.0,53.93726291924452
54.0,54.04313159189269
23.0,3.527164874806658
23.0,58.7716162889281
57.0,61.37636345855174
57.0,86.54812767194159
57.0,59.38394190131788
57.0,67.72764124622483
71.0,73.95047854267119
71.0,51.53218177634733
59.0,59.40624677100391
59.0,28.55924384273402
62.0,64.17308403984038
62.0,72.89107821945345
67.0,72.99705077578074
67.0,86.44307133690734
65.0,69.48506167398813
65.0,30.98300073193451
58.0,64.1206885338704
58.0,32.531056946907256
27.0,18.074502208230285
27.0,25.75825112123755
73.0,80.87260757897792
73.0,77.30941723796298
42.0,41.46396457613713
42.0,75.87689555096341
72.0,77.510144636228
72.0,77.93457668237971
37.0,28.0927328649081
37.0,67.32715030645295
54.0,53.05987884626313
54.0,72.79026567852713
60.0,67.0101267226496
60.0,58.76705584043884
25.0,16.94397311564819
25.0,72.3518921660318
79.0,82.63211772918038
79.0,66.82744158945371
77.0,84.47619864617843
77.0,83.03804832522377
58.0,62.632255225135225
58.0,63.50448025578953
22.0,8.837468583549764
22.0,76.5237736543138
64.0,66.62817672636248
64.0,44.90233716023863
59.0,63.82863246804493
59.0,78.16422486238679
20.0,24.142767229682136
20.0,16.350916828943753
61.0,66.12725951285086
61.0,68.2666483488826
58.0,60.90047221901989
58.0,64.06598247077687
75.0,79.83085231300402
75.0,77.90184179968526
63.0,66.5315251747192
63.0,24.083989472149653
67.0,72.69385316101074
67.0,63.68285841256636
49.0,54.37319068586174
49.0,69.3625096221486
64.0,71.83363157896139
64.0,56.33678288679164
46.0,42.02160982242708
46.0,27.487872738378258
61.0,62.028310271903194
61.0,44.98278372595564
62.0,66.69643954807071
62.0,34.61266308955828
68.0,75.53289710453225
68.0,64.77023898270608
29.0,25.933914874285563
29.0,73.36517378775346
64.0,66.42804512513584
64.0,47.74329891931916
49.0,48.307100028773675
49.0,61.29657775643278
44.0,41.394016420216985
44.0,69.72549828600904
54.0,57.22026831775406
54.0,76.51619451529177
42.0,43.66029520438235
42.0,81.46127971204146
49.0,46.45901196082781
49.0,78.8254542882521
54.0,51.80391699906943
54.0,69.26050059581496
46.0,51.21918115077966
46.0,61.676980577952804
71.0,73.79820858491831
71.0,77.32158588111082
44.0,44.94542143441629
44.0,77.73063074726849
24.0,23.124359954503348
24.0,67.35270281785921
75.0,80.89885474663885
75.0,43.68809821177962
74.0,81.13256533604101
74.0,34.05939349551505
12.0,3.6381660749178764
12.0,72.512295621855
70.0,76.11298993962953
70.0,75.90863805009826
58.0,61.30256563759906
58.0,63.34547259907612
74.0,81.34407996033377
74.0,74.13464731998982
61.0,70.14557330700734
61.0,54.365674628504905
26.0,27.082549695585385
26.0,64.56945103406434
53.0,54.933258251754864
53.0,61.41528356035303
60.0,59.25525547948064
60.0,81.04908594955282
75.0,83.69322815949386
75.0,78.3438908351373
68.0,72.14616249600152
68.0,32.397292292820794
45.0,46.41301489573931
45.0,74.28490705860395
74.0,80.25819611630402
74.0,52.28135282392162
71.0,74.64977877189216
71.0,75.66426051997206
44.0,45.46470873220028
44.0,60.286158313544945
61.0,63.22754591099704
61.0,53.75056048853645
54.0,58.739466674459095
54.0,79.75844440478255
70.0,73.46701413981066
70.0,37.47471244054458
65.0,70.64578820912573
65.0,67.90980581785783
64.0,64.68700091493781
64.0,69.35458416646611
73.0,81.82904969083307
73.0,78.13960133561272
72.0,78.0932240330294
72.0,58.340063190140825
58.0,65.91284188096267
58.0,85.97603723643994
66.0,72.02929809914423
66.0,66.22551785535893
49.0,49.02346664062247
49.0,60.0948797193459
67.0,74.00404725160291
67.0,94.1504381920094
65.0,71.19582595071455
65.0,69.21595458844234
67.0,72.20872652101775
67.0,43.49209620493991
30.0,26.41047721613353
30.0,69.4644802005414
63.0,62.631186437965084
63.0,40.31337908964076
23.0,29.545903218070748
23.0,79.841599680451
68.0,75.10733666134058
68.0,51.28037646143207
82.0,86.98073741608357
82.0,28.380345867614835
69.0,72.07887424272701
69.0,66.07569683273283
25.0,17.884468691362542
25.0,57.223885178675744
48.0,49.85972792983506
48.0,80.00884883147165
72.0,74.73542727426866
72.0,78.74864419979457
35.0,30.733249893205198
35.0,65.6825288950775
70.0,75.4879033139581
70.0,59.603056802519234
73.0,80.56189863394331
73.0,26.836288729868045
64.0,71.26932205019045
64.0,57.16536780570141
44.0,48.831818839226855
44.0,9.63490132831862
64.0,67.32050529985668
64.0,51.91575827830923
77.0,82.946344422616
77.0,75.66031602197648
73.0,80.45923964935014
73.0,55.30767580111177
41.0,37.368933815334344
41.0,79.55334783657332
73.0,83.27355504213392
73.0,33.60179982837275
72.0,79.9703913147377
72.0,70.62113253666172
63.0,70.10155699637187
63.0,82.25097678419638
60.0,65.16546436178947
60.0,69.69125840375159
67.0,73.45619100744437
67.0,30.64868924473126
62.0,66.24975300324422
62.0,65.55309110743218
57.0,58.76679565542946
57.0,44.95462051160405
63.0,68.16631117508632
63.0,84.52239089715147
74.0,80.81660125866796
74.0,80.50640840966213
66.0,73.10449392032172
66.0,68.66998839364555
62.0,69.81245607623538
62.0,43.49420570382847
64.0,68.27303471433834
64.0,37.135339166046435
59.0,64.1232632171442
59.0,25.558980580447837
68.0,73.51615441701307
68.0,49.36187490990312
21.0,22.339819694702157
21.0,57.269470525583074
69.0,71.342459605562
69.0,76.05651954227244
64.0,70.69799203705571
64.0,63.63028270694758
58.0,60.514934121290196
58.0,77.63348301446774
66.0,74.5018742948331
66.0,69.40014301933752
22.0,5.549596509673279
22.0,67.8394543273103
60.0,66.77136572537955
60.0,-0.4375567967062466
62.0,65.03957956590347
62.0,79.58896808847817
79.0,87.43537470976344
79.0,82.69951527162209
72.0,79.29063684028097
72.0,64.82027036012045
71.0,74.54984604862517
71.0,46.81132262311286
80.0,83.52646308045911
80.0,86.04059499681154
73.0,76.11335860690775
73.0,48.03129558915134
41.0,44.31526058234192
41.0,59.202237851179405
62.0,64.15265403033112
62.0,46.8310849561135
72.0,78.3250222755454
72.0,82.3328818331388
74.0,78.24215461308165
74.0,7.772848705976912
74.0,79.03646990928416
74.0,69.02760809168126
38.0,38.045222083460374
38.0,75.7452738664432
53.0,55.955530945290604
53.0,86.2420064716992
66.0,69.72959404620332
66.0,83.56348284082304
46.0,43.77642686543862
46.0,54.92974398438548
45.0,46.67064096905881
45.0,60.679922102394755
42.0,40.073194191094274
42.0,59.1238429964676
39.0,39.24814164685358
39.0,30.7926993611959
53.0,54.384832541469905
53.0,73.73401608052598
58.0,59.22276927468283
58.0,47.59420677260027
74.0,77.59967732740472
74.0,67.68869901237673
63.0,66.44254582867535
63.0,56.0517557630111
73.0,80.07148276931076
73.0,69.84664921090814
29.0,30.13647003877054
29.0,56.46593256747667
68.0,73.57179584208149
68.0,73.61562001946174
67.0,72.0316308996754
67.0,72.12520006313162
40.0,35.98672284406996
40.0,45.574610999883475
63.0,66.50001449816074
63.0,67.23537100273711
69.0,75.79712944816919
69.0,77.28074273702549
80.0,87.51405660134611
80.0,66.35850548841802
70.0,77.59670129369925
70.0,83.5851728301754
66.0,70.6922517511037
66.0,82.03738232667035
64.0,66.85992739658656
64.0,75.73247831113338
68.0,73.90916636353819
68.0,41.09866956933445
82.0,89.4504022947072
82.0,83.15877393559015
74.0,80.46868773792238
74.0,30.858076622161036
63.0,68.44929187695226
63.0,49.81930566894539
70.0,74.33431222771111
70.0,59.712220164655605
39.0,39.43777613943348
39.0,44.24884168231716
20.0,26.53895552971136
20.0,71.85517942671191
78.0,85.42047172470899
78.0,53.16792623361664
70.0,76.72300515338088
70.0,21.208591897366716
72.0,74.54425242382672
72.0,79.05086023761123
70.0,74.91502160338956
70.0,69.8808041960549
73.0,81.54560469559618
73.0,16.84246070742978
51.0,49.581342404790746
51.0,18.486415699275256
17.0,18.933211663410702
17.0,62.65121340032101
60.0,63.60601910708857
60.0,63.06922853799125
62.0,65.54118475642832
62.0,63.84585938301524
42.0,39.24392027385602
42.0,67.28288606785975
68.0,72.25552309871767
68.0,71.03481747468771
60.0,64.42252108224523
60.0,48.524912105514886
46.0,49.2118082622805
46.0,74.50419954401184
57.0,57.37487975826724
57.0,66.19235116787092
58.0,56.00356861252976
58.0,46.042843397148715
50.0,51.15859972338728
50.0,41.10649310781224
67.0,73.28070464113989
67.0,51.00999142536318
66.0,72.76426400312175
66.0,31.99133294718507
55.0,58.31720349814566
55.0,81.64977835928983
40.0,37.80678975844262
40.0,65.46869823483854
70.0,75.69074433450191
70.0,66.22566825878977
67.0,72.22722938140879
67.0,38.46051016664188
25.0,18.08609892503887
25.0,25.16818785454285
34.0,28.326598187958894
34.0,73.05829047449168
69.0,75.48786367712057
69.0,39.50435666050555
73.0,78.55984460573234
73.0,87.2106138560323
72.0,80.99760806254301
72.0,71.6583807607422
73.0,76.26381690374035
73.0,55.62545971483047
68.0,74.5569531515838
68.0,69.77095361117631
65.0,66.70441369953255
65.0,73.0447642774136
72.0,78.73143563400293
72.0,84.01138295436482
72.0,74.77196244678214
72.0,68.05911892573056
53.0,53.86659728802857
53.0,57.98375577732759
62.0,66.23215268606765
62.0,68.80330729690303
61.0,63.92172143168921
61.0,71.44550039506584
59.0,60.635567223715384
59.0,67.75550863868739
69.0,74.38975547101694
69.0,72.26319641256458
74.0,81.3336360948245
74.0,81.07602214167218
72.0,78.86288258250852
72.0,66.81556878129334
75.0,81.49684855737706
75.0,59.36995480421945
67.0,69.44181196835831
67.0,75.61550580689828
35.0,31.235806779430504
35.0,77.298796278282
46.0,49.18158021616142
46.0,87.82865694646102
74.0,80.01575079863267
74.0,62.73358906093716
71.0,76.22064323082049
71.0,62.561909881312545
43.0,45.577248937247475
43.0,47.09155582037579
51.0,52.77436747013019
51.0,51.09118905189058
73.0,80.7492002571542
73.0,73.48728049441826
45.0,44.54649899031972
45.0,55.69711324241649
69.0,73.39377133555053
69.0,59.72975308957257
38.0,38.9906210054225
38.0,84.103466251128
69.0,76.41525154079375
69.0,80.31524588479277
39.0,34.225599987168266
39.0,78.6085132094542
59.0,58.909824536163285
59.0,87.12273219984627
54.0,55.53989940476555
54.0,79.8559954011194
81.0,88.42700379089035
81.0,69.83545444532552
64.0,67.74243352290023
64.0,76.11993261696335
65.0,69.913060381729
65.0,24.44282713141149
57.0,59.60438138071822
57.0,69.63574317120475
43.0,40.94126533542732
43.0,30.909559794944926
72.0,76.89795597161725
72.0,52.26328610367432
72.0,76.65150669507318
72.0,52.12131777350828
72.0,75.77023485082412
72.0,88.69343418077494
76.0,83.04731556507551
76.0,71.51248912497795
46.0,46.58992488230922
46.0,13.635623168472762
74.0,80.72908747188933
74.0,32.38275384936554
76.0,83.84485394403407
76.0,28.29522799410978
59.0,62.700588885258526
59.0,69.5267835722849
29.0,31.59074268060334
29.0,27.748152853366037
86.0,93.54277860877664
86.0,67.02930759853137
53.0,49.22857108036379
53.0,60.68650774788779
68.0,72.27290158923012
68.0,57.9033635367843
59.0,59.2979596573133
59.0,55.70923108144609
66.0,72.1468006296655
66.0,20.35961703053357
47.0,49.46292885573018
47.0,61.9022280930501
62.0,66.53962542242135
62.0,47.62185767542667
59.0,59.67403953596238
59.0,33.11964030696407
52.0,54.518145269725494
52.0,52.29886259408909
74.0,76.68227249482999
74.0,29.776249993606314
41.0,38.32392278526845
41.0,76.07673305644039
70.0,75.18346190355618
70.0,26.109921171209578
61.0,68.7124733173755
61.0,83.93323954534577
70.0,72.67785044922965
70.0,63.399873158769765
61.0,60.1854974298368
61.0,35.29905943589307
72.0,79.81170320557504
72.0,78.86957608524085
53.0,57.43283913749866
53.0,78.20155462648188
59.0,63.53078123181615
59.0,77.22031249054345
44.0,41.1485579942605
44.0,89.36686560794209
47.0,49.16915029077171
47.0,68.13592666218392
58.0,59.709606952054514
58.0,75.24563806779736
39.0,42.05721423187509
39.0,29.385648024513102
68.0,73.11597697986082
68.0,69.76196084062616
38.0,38.47201869197664
38.0,60.631875006739335
47.0,42.69816030067375
47.0,70.75280554732115
73.0,80.31649783421426
73.0,46.13942215799062
64.0,71.25628920079794
64.0,73.12921416831995
44.0,41.17526038182427
44.0,79.26067489451486
63.0,69.32491658918718
63.0,39.2055416204081
72.0,78.12401347853762
72.0,69.39735933380103
45.0,41.423602972109734
45.0,66.93073916645108
64.0,68.05621878482901
64.0,72.31997744838691
75.0,80.6853048977868
75.0,60.19524199007088
55.0,59.65493488030194
55.0,74.01440982188609
61.0,62.442017563377135
61.0,64.41423511369703
37.0,35.62213474373158
37.0,56.75678559846864
65.0,72.39108713698567
65.0,66.40226662120261
69.0,73.23247411408772
69.0,42.66306512130626
75.0,82.31752602030224
75.0,66.55079355788206
79.0,86.59617348142547
79.0,39.271080560946245
69.0,73.63491840633316
69.0,79.19839728056877
76.0,84.33411580424234
76.0,64.31614636703739
72.0,78.38020965194158
72.0,57.73262722454547
42.0,41.9245453018425
42.0,85.1242371019577
70.0,73.16593997244075
70.0,68.34724677321776
46.0,50.05918002404445
46.0,68.41784541895112
73.0,77.53341209617247
73.0,50.052587245918176
57.0,60.51222676766304
57.0,36.94573741962864
59.0,57.40036780853643
59.0,26.65630479716134
38.0,33.0955177758284
38.0,61.56711547648098
50.0,47.669123208759515
50.0,70.46873351996356
74.0,76.55977556286939
74.0,66.0928963163293
77.0,81.40478618214155
77.0,83.2676628170093
66.0,71.64595168274423
66.0,40.973022899847024
22.0,22.445270543017386
22.0,73.51076784998435
71.0,78.90028462646387
71.0,83.11211456587563
71.0,78.07739234190313
71.0,47.32320351241344
64.0,72.62080013128423
64.0,75.03586426968724
60.0,66.41770771165096
60.0,81.65029457106175
74.0,80.3529562260486
74.0,58.435884747440525
54.0,57.86249023477228
54.0,12.965214947683307
64.0,67.12249197788697
64.0,67.77167047327475
74.0,80.8141756019698
74.0,67.52083150372175
68.0,75.06492862222848
68.0,5.696190947399032
66.0,69.80036010096956
66.0,67.2519694703575
31.0,35.79093701074521
31.0,61.2309042938395
66.0,71.0060955034761
66.0,76.64559883113236
32.0,27.409442123064764
32.0,55.269460809454415
34.0,30.054003400573492
34.0,71.06846074879383
64.0,66.1141988007949
64.0,49.57810708006923
66.0,69.70142691423587
66.0,74.3522745348414
54.0,54.9649903019054
54.0,49.911610876068664
61.0,62.04344429936128
61.0,72.28201816121941
31.0,24.030465509399903
31.0,52.962222723570335
66.0,71.42851903040719
66.0,81.2830764455457
46.0,51.18860354586269
46.0,83.12508007205452
70.0,74.99281064302761
70.0,87.22777194452516
53.0,54.71549861749986
53.0,66.2012730237035
60.0,63.14338115091806
60.0,14.873404033237819
64.0,66.68832304910234
64.0,82.57505547204232
56.0,59.309354223805315
56.0,37.58599835403385
62.0,67.79460767863151
62.0,47.58083048958508
67.0,71.57322896659349
67.0,59.09744614135349
32.0,28.65053532000161
32.0,28.29522799410978
76.0,82.50804432658282
76.0,64.03588704958179
67.0,70.95789720830675
67.0,26.429386939399876
57.0,56.105481919444
57.0,58.57232750217247
49.0,51.849893921965304
49.0,62.709889080912774
11.0,6.9680918086071415
11.0,81.32607093821639
73.0,80.77948759239126
73.0,62.70661000594231
43.0,35.14699667115303
43.0,69.61607965989015
37.0,29.52597218534936
37.0,64.87283313940094
62.0,65.51141320017268
62.0,83.13182970883219
48.0,48.865346073122
48.0,62.61653040722456
61.0,65.43766880473606
61.0,78.00738026320158
74.0,79.99424767889678
74.0,63.13083683146152
49.0,56.4272071205358
49.0,85.26387812052303
58.0,60.65861151845013
58.0,52.100867272240464
80.0,86.50467453344817
80.0,18.486415699275256
80.0,86.02080754855643
80.0,67.5786942841446
67.0,69.74380470853549
67.0,50.855024011931846
66.0,73.40516088355338
66.0,21.359274056221864
20.0,16.522534112074766
20.0,58.95842631781181
36.0,35.85087274941537
36.0,70.66140475979944
30.0,32.5017471740702
30.0,68.81110720503602
72.0,74.03024531672725
72.0,75.35369404274985
57.0,58.96670621056154
57.0,79.22204504093492
62.0,66.73771663999673
62.0,71.04613189105964
66.0,70.74474969496833
66.0,37.26298202528534
28.0,26.203180283155348
28.0,69.00419596417777
49.0,45.02895793537817
49.0,87.44564799792346
61.0,65.11184056668867
61.0,78.5537189821735
61.0,61.74222156252614
61.0,79.12565137972649
54.0,56.08876287321283
54.0,79.15266877286734
73.0,79.2848585044323
73.0,85.63626223819125
69.0,74.83946388570047
69.0,25.26519530724414
74.0,80.18527737135696
74.0,32.896350663704254
52.0,55.547653898887745
52.0,72.2565324164737
57.0,59.53260755930927
57.0,58.761247451046245
59.0,56.449467204964776
59.0,75.73233774968094
72.0,79.89947479785798
72.0,67.98360188008246
70.0,75.96163822580718
70.0,80.7919327584168
41.0,43.06429591360495
41.0,57.989001241758615
46.0,44.459164161919546
46.0,38.20115828921672
66.0,71.6866315509854
66.0,50.336463148011546
38.0,32.45458842251651
38.0,56.22816540989294
74.0,80.65578361426577
74.0,72.19042242763311
59.0,60.09822953019142
59.0,71.56195304351985
76.0,79.99430351411746
76.0,59.6978379629341
63.0,62.49113063782522
63.0,66.82257401030665
80.0,87.2700060621383
80.0,77.89797856443352
69.0,74.65196524782692
69.0,44.937769819880316
73.0,79.84971855597371
73.0,54.853385442172794
54.0,50.720602529320104
54.0,17.550242391180745
71.0,76.49286106544156
71.0,61.411760228370895
65.0,67.46156142746406
65.0,74.45262649262133
52.0,52.05281807125323
52.0,75.4289172203238
15.0,6.7799659009361335
15.0,69.13458009503256
66.0,73.03732758573244
66.0,61.68662662552322
73.0,78.73452845976362
73.0,34.50206006973036
65.0,71.37019015069848
65.0,51.907003103133206
59.0,66.98412345268878
59.0,57.526108766654716
63.0,69.4186035359715
63.0,48.62204311629097
63.0,68.8716238358229
63.0,78.79721437598442
62.0,66.06459947119009
62.0,71.33524973588993
28.0,29.076554449947594
28.0,70.6929527061389
41.0,36.96099938870458
41.0,68.79132917706164
59.0,64.00860916618569
59.0,67.11767483810166
73.0,78.30755020089805
73.0,81.13392214429234
76.0,81.48753880330878
76.0,40.44709375315364
62.0,63.80350664590787
62.0,67.0571558622637
57.0,58.623579603808196
57.0,39.441091914571814
72.0,75.74131254715621
72.0,67.70088248957904
44.0,48.07904063578218
44.0,38.026948223188015
57.0,55.43984778889683
57.0,74.65287867170201
66.0,68.11435304664252
66.0,67.72763268150271
56.0,61.203134795348376
56.0,65.86543947843211
60.0,66.80378529736049
60.0,67.32050529985668
76.0,83.268198168016
76.0,69.34942514182694
54.0,52.56694283929187
54.0,76.30030970841585
73.0,80.34419476018752
73.0,62.6849847198103
72.0,76.32212125563495
72.0,88.23111624313447
78.0,84.62630124881929
78.0,79.0024756103428
43.0,41.02459036524408
43.0,61.08530761322811
42.0,43.89760865396835
42.0,51.31223248193646
24.0,15.978154095621562
24.0,85.52208009000339
54.0,50.9805884229533
54.0,26.41047721613353
75.0,82.12500429702993
75.0,66.75517156278573
66.0,65.98468775473901
66.0,48.23054348346693
59.0,61.20983749544007
59.0,33.438592273855136
67.0,69.97292358344248
67.0,74.52894183878908
81.0,87.917215209461
81.0,75.41499691047574
52.0,49.92456631634707
52.0,82.15024812107515
67.0,69.01223954992827
67.0,74.03731567714453
72.0,77.99786403082004
72.0,65.14486521685637
29.0,13.068312122031614
29.0,69.5282612745761
35.0,32.2875095820238
35.0,77.46959169802977
37.0,38.17532131889874
37.0,39.019973216096105
66.0,69.08252080136964
66.0,61.39461834010672
66.0,71.3219155711023
66.0,84.4102978132882
62.0,60.5166958494263
62.0,81.37340912074524
65.0,67.28101964865243
65.0,67.68245796355922
42.0,44.2877932727331
42.0,49.5587840162147
52.0,49.70722181562792
52.0,41.65611202817195
68.0,71.60111769314534
68.0,39.8407682233576
72.0,77.13760635072077
72.0,38.223846751904944
64.0,66.03176597274182
64.0,77.07514565447087
54.0,57.89162481221234
54.0,69.74951523708694
57.0,60.83496072391256
57.0,43.16171763610123
76.0,85.34303368545142
76.0,58.039591287914675
61.0,62.5342296877314
61.0,80.30003591221146
78.0,84.89696457211647
78.0,29.303210368137115
52.0,53.14514461105256
52.0,60.7012191354616
40.0,33.31015968720726
40.0,47.70351163983571
64.0,68.47193552565176
64.0,39.7472305154655
61.0,63.409829190219455
61.0,68.40580490934383
63.0,61.14409349508912
63.0,45.127843972181324
70.0,76.24272308757327
70.0,79.06969532839634
76.0,83.4431242907716
76.0,70.25193416634141
66.0,72.43879129111605
66.0,79.58595697566238
68.0,70.44683124317152
68.0,45.01153728842792
72.0,79.0624551905654
72.0,83.64432867333767
44.0,32.87634361327366
44.0,66.29308295124002
70.0,74.25494964244018
70.0,75.55117641716237
58.0,61.886299248304965
58.0,74.53526893438436
32.0,32.12866741994304
32.0,46.23451311025997
77.0,84.58736719400292
77.0,72.40866548372975
38.0,38.92127174523819
38.0,68.67416117356788
58.0,61.65597794378408
58.0,68.24742878087488
66.0,68.16705921378116
66.0,44.39688172174135
48.0,46.894587160710216
48.0,27.65296582858241
76.0,83.67815578271944
76.0,30.369614879668177
75.0,78.11488170437917
75.0,55.94588099157295
34.0,27.37910889978275
34.0,68.71038271045762
51.0,48.00264451878542
51.0,52.974409604118705
57.0,62.331565525805274
57.0,26.78682410226844
58.0,56.95412071485208
58.0,30.221688974188737
62.0,65.46519967583674
62.0,58.226212924820516
37.0,35.83657403717194
37.0,78.38891141320045
69.0,71.32750970332847
69.0,71.00021838068324
66.0,68.09284372265205
66.0,78.58547331020497
64.0,67.18938869510072
64.0,78.09198306938794
39.0,32.299538948904
39.0,69.28061990987948
65.0,68.50535304853304
65.0,42.28685493799975
55.0,56.232896133636075
55.0,56.94375039852167
63.0,68.82335706118067
63.0,50.49869659839504
45.0,44.55799053221011
45.0,70.30582343997526
52.0,51.44222486323156
52.0,47.463922669843555
53.0,59.353930450153086
53.0,50.27436685531205
70.0,76.56617878096148
70.0,42.89918559239351
65.0,70.78975742221382
65.0,72.14960343787368
38.0,40.04951304070346
38.0,67.71627365411632
77.0,85.27917503420099
77.0,52.86630602247163
75.0,79.29742255008426
75.0,64.88137182235346
68.0,72.65091591676179
68.0,73.78531409001835
71.0,74.7713173386145
71.0,88.93990875050156
62.0,61.20207548284077
62.0,70.30988040237219
71.0,74.51260922484738
71.0,42.9035737456997
70.0,75.81954731234299
70.0,84.44526579871155
66.0,67.87408188114807
66.0,71.13297921841564
74.0,74.86076442132321
74.0,33.86621298195564
76.0,81.25381409238793
76.0,66.33044747032363
78.0,86.81892812650614
78.0,63.57396250930327
64.0,71.3232368038527
64.0,57.90977999759997
37.0,38.599768336082946
37.0,79.35619115603652
65.0,65.47018025889957
65.0,59.14111460996304
62.0,66.2059832581275
62.0,45.86060840466399
47.0,50.027615572294565
47.0,74.05945269933375
65.0,69.3510681465724
65.0,67.05053885807024
66.0,72.01958194308042
66.0,73.17319041526474
73.0,78.37065711095812
73.0,51.887224278722215
79.0,85.47317297942334
79.0,41.431620569798895
47.0,49.730219022527706
47.0,79.83936413473765
57.0,58.298933498405574
57.0,63.52701308470853
48.0,53.06239011791064
48.0,65.57441398003027
18.0,16.048669731873645
18.0,54.36990125031974
48.0,53.9282977489803
48.0,45.64358993274698
33.0,30.187265953052304
33.0,58.435884747440525
75.0,83.38047941712642
75.0,50.000078742553
67.0,73.85409912685128
67.0,64.57808069260847
71.0,74.13406171591862
71.0,40.64521548322057
63.0,66.61944352572374
63.0,56.88540347435111
71.0,79.78818340053778
71.0,65.27814109212886
56.0,63.768577250886324
56.0,75.30003051830107
44.0,44.86623183996335
44.0,61.38276593982323
52.0,53.5153430520287
52.0,64.4301408734388
66.0,70.68600606754961
66.0,28.37412705087877
23.0,20.500945862833532
23.0,42.97196991807044
73.0,78.01631481863592
73.0,74.89100260031233
58.0,60.37954833689446
58.0,77.13236453620374
64.0,66.10044194130683
64.0,66.82772264074106
74.0,79.92805419202637
74.0,72.49831471411557
76.0,80.6427631565407
76.0,54.29807176415795
27.0,25.22504500908991
27.0,73.49377543245623
60.0,64.2270156185379
60.0,17.983108994294184
64.0,65.48477081284335
64.0,79.53427345005531
49.0,55.77763615298289
49.0,45.781882451440254
56.0,52.446557915241215
56.0,72.68574540339273
69.0,75.79339929510212
69.0,80.71811262361246
50.0,50.2459713054331
50.0,74.57600754129288
72.0,74.46195786413358
72.0,59.42361054687552
66.0,72.17386005611877
66.0,79.69186841941308
59.0,59.676271875249824
59.0,85.5492783058956
69.0,74.41111174785846
69.0,26.297456808348215
64.0,65.41570697314665
64.0,53.59184338255665
69.0,73.52680330343196
69.0,8.120203288683456
74.0,80.24102576321178
74.0,77.7956043251599
71.0,74.57506604526492
71.0,48.44586939809892
70.0,74.45410931346038
70.0,20.911392706132233
46.0,52.842623819592006
46.0,42.30792785627318
13.0,4.732263068607665
13.0,68.26305623811163
74.0,81.18253912861479
74.0,74.78815417034019
75.0,82.76628694348062
75.0,59.708920064526524
60.0,63.828206769593066
60.0,76.22176162003888
63.0,68.28832617626392
63.0,-0.014617156925226027
52.0,47.722591579978314
52.0,31.921693188349877
64.0,66.58568828535783
64.0,18.965973445638554
61.0,61.18219760357141
61.0,37.6804981050397
61.0,65.5687161029486
61.0,76.11758346507935
52.0,56.344534663670515
52.0,63.48569384024279
67.0,69.59876320154711
67.0,30.806564026694844
54.0,54.567906347074654
54.0,66.63582621983966
75.0,79.81229252508922
75.0,14.67278106278701
37.0,33.5591013826313
37.0,38.3116054066993
77.0,86.3909733200162
77.0,51.51663562659519
67.0,71.74269972798561
67.0,64.21067519935656
59.0,58.942485740650795
59.0,70.99393976129898
61.0,65.28692801934722
61.0,66.21443576978311
72.0,77.73852708473072
72.0,73.75933904803117
81.0,86.8932532353636
81.0,51.50680455198011
58.0,60.8585612316798
58.0,81.86649043707462
75.0,79.90042070996554
75.0,77.54771203081793
67.0,72.32128623285979
67.0,74.3377418998636
72.0,77.54405072261221
72.0,57.48567606535249
71.0,74.00616820901803
71.0,87.4972776561325
65.0,72.2453257715095
65.0,60.084313128081305
56.0,59.88426643853552
56.0,69.88424217211298
43.0,40.04150159453155
43.0,78.99037536496002
47.0,42.80435460446216
47.0,53.05778843651143
58.0,63.17294844857162
58.0,63.48962448384185
66.0,73.68397328188706
66.0,17.444789955489966
27.0,31.4854379837451
27.0,80.22971780124522
45.0,48.26559324030876
45.0,11.752073996505203
74.0,80.05071105188199
74.0,72.54096567176515
74.0,80.06408072481315
74.0,19.36482180696993
62.0,65.8934174784419
62.0,45.385860693160396
78.0,86.37840447045284
78.0,22.129445352495907
57.0,61.30849466562967
57.0,81.71164106248881
59.0,63.344925476442484
59.0,33.232780054434045
67.0,71.86248053790854
67.0,32.90940525943728
44.0,41.67486845651547
44.0,56.552634500146496
68.0,70.82320331165147
68.0,76.43074610683789
68.0,74.86097351506811
68.0,87.84315048171715
64.0,65.63544560916085
64.0,34.57425944057792
52.0,52.08221357792098
52.0,65.97918082189591
72.0,78.52161525445996
72.0,63.07113584185913
52.0,54.57268895179618
52.0,55.97482678142734
46.0,49.1125078537126
46.0,83.24661092502112
52.0,52.664640421866125
52.0,71.46500447192483
83.0,89.38808160187034
83.0,65.51238448023474
44.0,47.071517696288936
44.0,72.73705922464046
41.0,45.75357239867384
41.0,41.59013770312413
50.0,46.00215988162387
50.0,65.22645278295357
65.0,67.63802161144451
65.0,36.88240830419386
69.0,74.47316443476717
69.0,10.725673298541778
13.0,6.736793774890032
13.0,70.42532509011369
73.0,81.92799357299094
73.0,63.99047229408194
64.0,69.11539691349702
64.0,72.55980121209751
61.0,63.01267975254643
61.0,51.03209619120025
68.0,72.3667344709558
68.0,83.2956034524326
61.0,61.09510193730114
61.0,65.55321480165009
74.0,82.4413746045833
74.0,58.487937464043796
76.0,83.82245508702027
76.0,85.95175506612475
47.0,49.66688712998814
47.0,40.598000044365335
66.0,70.63364889009318
66.0,74.58461034370998
49.0,47.829704369037586
49.0,75.28257446019137
65.0,67.41424103521342
65.0,40.02275146919351
72.0,77.77968948133628
72.0,86.81797092674111
70.0,76.18349663931917
70.0,65.801226155287
45.0,43.3892230246405
45.0,70.63295908625679
75.0,80.80241164342112
75.0,22.572669857430526
57.0,61.985584479989825
57.0,61.36968889134937
72.0,80.61283489653306
72.0,65.5252883673025
53.0,55.34151269655297
53.0,60.69070407137548
49.0,49.60544365602499
49.0,58.95836821358705
56.0,56.0401340205803
56.0,84.6334722658022
71.0,80.2118522996123
71.0,74.94077921100234
69.0,75.37163709362153
69.0,49.994917605093406
31.0,24.021391976334712
31.0,61.1390214650898
71.0,76.88696883750146
71.0,28.664995893219384
62.0,69.34488071997208
62.0,70.84344368643139
65.0,66.87450126687025
65.0,33.1207238828685
52.0,54.195115530128135
52.0,46.135929038278334
61.0,64.41456037618252
61.0,11.127078734026838
85.0,90.9419525520716
85.0,73.6742977839832
51.0,56.795601788989984
51.0,30.6311440133191
71.0,76.49319266671193
71.0,44.784111053844015
75.0,79.75019796929007
75.0,77.9038042168508
70.0,73.2390462218242
70.0,70.03250298199777
61.0,62.79339078611656
61.0,71.42040158997867
59.0,62.73358906093716
59.0,22.476518669176585
30.0,30.13982193470065
30.0,55.356546620504446
54.0,53.185255228098356
54.0,58.93276901274635
45.0,47.62090536657223
45.0,74.38425715731984
39.0,41.4064240006187
39.0,16.134967207474574
75.0,80.2096774133683
75.0,69.85771247758544
66.0,72.26112605871344
66.0,74.62295097565874
71.0,79.62965298773412
71.0,82.32125835511783
51.0,51.8294973087925
51.0,76.13541083284036
54.0,51.44705596923558
54.0,57.66858263399149
62.0,67.43855959495005
62.0,59.9639536756323
68.0,75.09150477131823
68.0,85.88044266688809
68.0,72.90002705118837
68.0,15.88302497239107
52.0,59.37365565476716
52.0,77.67015869823899
72.0,80.23400389556173
72.0,42.218989903743875
72.0,78.43556166204371
72.0,44.98065990193231
86.0,94.101800973335
86.0,81.32163691914405
58.0,58.44283726340478
58.0,69.08062594955459
74.0,82.35418636492216
74.0,89.44788543706471
21.0,10.46275376491775
21.0,39.5387795543993
59.0,64.26849628446752
59.0,58.48671962526009
50.0,47.75595590053024
50.0,75.08163372649608
76.0,82.13947813992684
76.0,67.994195690504
63.0,68.0190953054834
63.0,74.32321062396778
68.0,73.7527828818034
68.0,83.35485176649485
70.0,73.29533492617782
70.0,54.20848287875924
58.0,62.723541822886204
58.0,83.15801155124569
69.0,70.00053300357183
69.0,81.69031088798988
75.0,78.40257162739903
75.0,69.97534265621505
38.0,37.6804981050397
38.0,77.28609117218355
41.0,33.72251563987868
41.0,69.28772611661299
39.0,42.63478258663389
39.0,63.07579354573397
41.0,44.95237720261764
41.0,63.3575679137881
56.0,62.60131309150108
56.0,59.13944545445156
71.0,78.26365777261913
71.0,41.8687467286789
83.0,91.7973329953889
83.0,64.27138503912573
55.0,55.80908594252071
55.0,68.98030145289357
54.0,56.12894178593194
54.0,59.643398905442155
62.0,66.94712238343612
62.0,69.13949277446181
67.0,73.78866713254104
67.0,37.350138573649645
70.0,73.45257160498
70.0,33.75796634542428
63.0,66.91806455232557
63.0,15.934992746820285
67.0,70.98962661572341
67.0,81.41559639851539
72.0,76.38336165035321
72.0,62.893893821556844
59.0,62.58923867698525
59.0,3.8937980994347186
56.0,53.03827410234078
56.0,69.5798004653326
70.0,76.55332960957423
70.0,54.67581396855394
75.0,78.09692008073819
75.0,80.25166926011758
59.0,62.58923867698525
59.0,79.19165580953154
27.0,24.669143402222574
27.0,61.26466300576135
65.0,63.9269874615469
65.0,45.93951454696304
63.0,70.90016714523335
63.0,73.83608276100728
58.0,56.799635033164975
58.0,81.7422398383963
61.0,59.860986294968995
61.0,59.39753170572351
61.0,65.71201775214786
61.0,58.96467435760911
54.0,57.44712817014636
54.0,62.83446675671178
53.0,59.330756284627114
53.0,53.74068071619706
73.0,78.87547189129441
73.0,54.31850454141994
56.0,62.01015280118929
56.0,52.22476492558326
49.0,49.52476586222389
49.0,81.2139083541781
72.0,76.80389429725108
72.0,58.180004702872225
72.0,78.0723010474207
72.0,70.63398102580265
39.0,33.42229266970543
39.0,73.65772512748441
71.0,78.08978398116227
71.0,43.72129088778155
51.0,44.39538469284719
51.0,61.377824516418
59.0,63.82564012720968
59.0,74.30750637792522
74.0,78.04411142818157
74.0,77.7212007991173
65.0,72.13706039254379
65.0,72.27893371482628
75.0,79.99875992279021
75.0,74.47477379187166
73.0,79.38087583330451
73.0,86.82334346342992
62.0,68.50368933273552
62.0,67.52558051767699
35.0,38.33402797327062
35.0,55.75988146477755
36.0,35.61115656989256
36.0,85.0263231512601
54.0,56.899931504327355
54.0,73.19243461942358
59.0,62.27289133316992
59.0,78.19689272530746
69.0,72.67051920608083
69.0,82.51376173623277
70.0,75.6274318448248
70.0,63.24900977083854
54.0,52.54078931075901
54.0,29.545903218070748
71.0,77.23358136802943
71.0,80.93081637444243
62.0,66.81577355703786
62.0,55.34197104807248
69.0,74.56532547846166
69.0,66.0793495335007
57.0,65.63785378407658
57.0,73.63891835546684
70.0,76.67516945686202
70.0,77.99307556117157
68.0,73.11667100329748
68.0,74.45340979661142
55.0,56.34083876541757
55.0,74.21299370785204
64.0,65.62041366668973
64.0,63.91140089970952
38.0,38.365324638586344
38.0,58.313587066428056
68.0,75.00239666784955
68.0,75.59888662805332
41.0,37.18808442974807
41.0,68.42072398315804
70.0,74.68271600432621
70.0,70.80598885488706
61.0,66.13617973637753
61.0,79.27291327178062
69.0,73.5537538011506
69.0,62.992675350251034
30.0,33.029384703689345
30.0,57.99411695363267
67.0,70.71184483115661
67.0,60.02852056134867
62.0,72.36694491601281
62.0,31.752517040795283
72.0,75.60433541767287
72.0,84.27542547858388
46.0,49.11383810353988
46.0,80.49690568461216
73.0,75.86432607923473
73.0,25.493304327854787
55.0,62.69133753015541
55.0,83.22982975181031
68.0,71.62750842242218
68.0,74.7348314899769
49.0,50.53496790385407
49.0,63.94758899270391
42.0,46.07327042970394
42.0,72.71614052146276
54.0,53.459496895252016
54.0,36.08031359769376
69.0,74.49537911273308
69.0,66.43048342790507
67.0,72.64109473975986
67.0,16.97811781137375
28.0,29.41913129884358
28.0,71.48332851121216
46.0,47.89527901618669
46.0,80.42618451888842
59.0,65.10017900546188
59.0,64.50951439154301
23.0,16.561482356286206
23.0,63.50461922924592
63.0,68.35003124680998
63.0,76.70068603162366
50.0,51.879515383265755
50.0,31.14988025751512
72.0,72.08379670782358
72.0,71.93824995029979
37.0,40.26025999016832
37.0,55.64003779855261
60.0,61.25226505968317
60.0,63.710046865096444
73.0,78.07802827556657
73.0,65.79313297579705
55.0,60.79721526949237
55.0,68.92737994157096
70.0,75.30014786877939
70.0,83.13240332273227
67.0,70.66140002082392
67.0,45.45698259935517
30.0,25.340801383537382
30.0,88.19702159028628
53.0,58.04390447759903
53.0,70.17526309944037
60.0,63.542114610707415
60.0,70.24552153071676
17.0,11.039957686118498
17.0,76.65698912253248
59.0,61.44885012311482
59.0,22.621772335115224
58.0,61.50849700356389
58.0,38.041998446415676
26.0,21.971116226916365
26.0,64.74126512774887
66.0,68.95475992584056
66.0,15.155549860281724
76.0,81.31305716612684
76.0,42.89426202308488
56.0,60.18133798169896
56.0,78.732942535907
77.0,85.27603331269648
77.0,79.73878445829428
37.0,31.666733127685916
37.0,48.65388004572861
70.0,75.28583184694827
70.0,51.02684885743065
30.0,25.80166225983112
30.0,62.617042809851
64.0,59.97470112581135
64.0,48.1676858303361
59.0,62.81798473080977
59.0,25.11111494634804
59.0,64.36304909546641
59.0,73.69574794266555
41.0,38.74629219714211
41.0,62.03220676752318
72.0,74.0423063477241
72.0,97.06854124947102
32.0,35.29307173741489
32.0,82.1461647497286
67.0,69.67088315072112
67.0,51.674328119217705
42.0,34.39434154761949
42.0,81.44347767535129
50.0,47.84792381058895
50.0,84.02640275015608
69.0,74.16105365478057
69.0,68.64834484434061
58.0,62.180393204332916
58.0,74.40912649446909
63.0,66.34448031830306
63.0,62.596935286004054
62.0,67.85990238923006
62.0,71.48785799902794
72.0,80.29412408520983
72.0,77.98966935420367
63.0,67.25529372967355
63.0,34.93869290435083
75.0,80.29972789197683
75.0,80.94577071793418
48.0,45.68643251576208
48.0,73.62223357869561
66.0,73.4108463075188
66.0,77.1792693424768
59.0,64.17340864940485
59.0,68.20575667930859
34.0,41.4162230740198
34.0,72.70304791509608
67.0,74.7414623045135
67.0,71.40576667097719
19.0,9.423215869976218
19.0,57.80340856811034
36.0,35.026777495014755
36.0,77.5540635439641
67.0,69.64683648848131
67.0,28.051739191668844
51.0,52.7349172461997
51.0,49.91269236088118
72.0,79.05021260399167
72.0,86.43418272846822
55.0,63.30918388413136
55.0,56.99303959190314
22.0,20.85157933372801
22.0,72.47057234730266
56.0,56.22957754289439
56.0,84.18011119235575
62.0,63.24235546759576
62.0,74.64721445293145
72.0,74.76097185135342
72.0,79.76286918453462
65.0,70.57585578438466
65.0,62.46209096498882
38.0,28.083002039534108
38.0,53.465420765204954
73.0,80.10689987203028
73.0,56.523355875140226
46.0,37.74008575959215
46.0,54.97481571322754
73.0,76.5774891002165
73.0,70.31880712592613
71.0,78.7450672929159
71.0,50.516510143106075
24.0,19.799264574250458
24.0,50.77371986661029
54.0,52.181006280540885
54.0,77.9826838789914
56.0,52.12162961070578
56.0,64.1298736910012
85.0,91.51570223564937
85.0,42.70620021860475
72.0,78.24776754330173
72.0,32.40122550248816
37.0,32.57229490800995
37.0,57.94820004905796
61.0,69.16279181381287
61.0,59.92651245987463
69.0,73.88823352446059
69.0,57.45316712202634
57.0,56.49524409216389
57.0,79.53334611232862
76.0,78.68333919848766
76.0,50.094912529201224
38.0,36.97265882210593
38.0,77.42915494095575
76.0,84.15112158809035
76.0,68.61832620668389
46.0,45.03848383803222
46.0,76.37790024633034
43.0,50.24958564756008
43.0,60.79843417528792
28.0,31.55972389617898
28.0,42.218989903743875
61.0,68.15258046699591
61.0,47.92894194712363
61.0,63.24330478412679
61.0,70.25247194088888
48.0,43.342610427363525
48.0,70.66891847685247
58.0,61.96596155181925
58.0,53.04781437321492
51.0,54.06745767350003
51.0,59.5776296160621
47.0,50.683323790962675
47.0,61.855120757181965
65.0,66.40510680635572
65.0,46.22021909298826
38.0,43.23304867018379
38.0,16.634721618659
73.0,77.26421252221604
73.0,86.25510524115617
77.0,83.07227548983082
77.0,80.3752274863246
80.0,86.31360135139039
80.0,82.92304740280565
45.0,45.95421765526919
45.0,63.69747717102689
69.0,72.80429134437463
69.0,50.72021981825725
25.0,23.831349744401734
25.0,76.56508953494892
65.0,67.59764463571497
65.0,51.075477362146955
66.0,71.39986964397787
66.0,71.795967349075
44.0,40.353932735168144
44.0,64.23178558518993
48.0,44.9724449439982
48.0,51.71731875445869
67.0,71.59819488199201
67.0,74.420112355605
56.0,59.39502648390106
56.0,81.03270452742737
32.0,32.77645548476204
32.0,58.68179257213387
43.0,48.402752958614315
43.0,64.9511654566083
57.0,59.64427542781641
57.0,51.65125019805083
13.0,13.417467123830193
13.0,71.9895957621377
39.0,38.45249800452035
39.0,72.8903358103417
76.0,79.21413467152985
76.0,18.687338069681346
74.0,80.4917245613151
74.0,54.07981015748527
71.0,76.98434978179063
71.0,40.828901679709645
73.0,79.9600136411753
73.0,90.38906962888746
67.0,67.21984043669397
67.0,76.80371717379398
65.0,67.56550895061679
65.0,72.12392250053415
29.0,25.16818785454285
29.0,81.83068225344294
70.0,72.19588215545286
70.0,81.69890258585667
71.0,78.51669366735575
71.0,73.80835023143982
9.0,12.965214947683307
9.0,72.12865035421675
65.0,66.43730992484274
65.0,73.38283059660989
50.0,52.07781254450009
50.0,39.508076615748905
69.0,73.92220338772927
69.0,56.027712920680244
74.0,77.14217226541172
74.0,53.84051779253383
47.0,42.72143480228442
47.0,70.97586165418255
35.0,31.277012545968205
35.0,76.77037724728905
49.0,43.06108146049996
49.0,15.4341190968604
58.0,63.291675494702645
58.0,78.43755908770135
75.0,79.28815842400644
75.0,71.52917102489266
51.0,51.62314204635214
51.0,31.462354248808595
54.0,60.47756310718444
54.0,45.236483743091355
66.0,68.44490368412909
66.0,63.14741750594624
50.0,55.95391932979777
50.0,57.826989340784564
56.0,59.67454578743457
56.0,80.9495539400229
56.0,57.71442317664827
56.0,26.115967835376352
62.0,69.51191188561148
62.0,38.16310029166999
28.0,18.485685581072687
28.0,73.11791644525312
68.0,72.5172502934443
68.0,92.07708708894575
73.0,82.10780087423859
73.0,77.55083020348349
69.0,73.96110964733543
69.0,43.4643476536674
78.0,85.82274382985838
78.0,54.89486812933069
23.0,21.071234111706644
23.0,84.41751255298931
30.0,27.350650485293386
30.0,60.29257164967811
71.0,78.29601280650724
71.0,30.841857277419194
53.0,57.258752375440736
53.0,74.42004026452145
61.0,58.48888924735297
61.0,7.487496419969148
62.0,61.962978402255146
62.0,65.59705245397879
54.0,53.80129224422319
54.0,66.88183947942514
71.0,77.75804805668952
71.0,23.559607962568748
74.0,80.40186584235568
74.0,40.4931164476514
68.0,75.34107105387972
68.0,81.59645002020932
42.0,37.17317034375412
42.0,61.73644999644404
69.0,78.5047503917321
69.0,78.63578476942632
69.0,75.13557724200638
69.0,88.56075299985741
73.0,77.95513011116401
73.0,61.47621008077863
49.0,55.18490029517869
49.0,68.12323046028405
55.0,55.239951521922194
55.0,65.90592346986574
68.0,70.70257083640996
68.0,54.489933992837905
48.0,52.62338146711471
48.0,72.03485098407924
56.0,57.30739489706235
56.0,69.03968845588832
49.0,55.768119910856456
49.0,51.31708561596349
63.0,66.76143839327761
63.0,80.65805666942094
52.0,47.497714055841186
52.0,72.33847902378182
54.0,53.801658510291304
54.0,64.08056137657854
70.0,78.64967352694867
70.0,75.45229316091417
65.0,73.3763918939718
65.0,59.1089801992793
24.0,22.45868399369448
24.0,43.1852193403555
61.0,61.51668757483964
61.0,66.67466739432876
68.0,69.04905305487415
68.0,66.76288811357273
66.0,71.01795398058408
66.0,50.49275424079855
74.0,82.77889177566755
74.0,65.2232064811912
57.0,60.18782131831642
57.0,75.58789382818219
58.0,63.37197551971525
58.0,55.25775197167201
76.0,80.80209241290078
76.0,37.99177673838187
50.0,43.818181851968575
50.0,74.03667224169624
76.0,85.6165384587913
76.0,58.13511674675783
44.0,45.102976173348054
44.0,25.878567919089107
61.0,65.16681692453028
61.0,65.45188628766488
65.0,72.36245302492847
65.0,81.21652822168272
21.0,17.97263151430144
21.0,58.41481779478681
50.0,51.05924254839846
50.0,76.55437259154388
56.0,57.22974443253537
56.0,79.96218521594858
47.0,48.395175832241364
47.0,58.24200185505447
75.0,84.15835950839829
75.0,48.04666411611419
74.0,80.82375222593555
74.0,86.69875839570648
65.0,69.83139311065332
65.0,65.53623205701831
59.0,62.42355408226172
59.0,70.761606684963
68.0,71.30307222397028
68.0,43.98152187491149
65.0,67.00946645450836
65.0,45.27815623815138
41.0,43.5341781887808
41.0,64.31323366660439
62.0,65.38111263688711
62.0,53.92252493502451
73.0,80.62385315050005
73.0,27.243731299255046
30.0,29.088124542613855
30.0,78.77724189997173
73.0,79.15164097520278
73.0,71.49326321237709
64.0,64.58234823295953
64.0,75.5389611721356
66.0,72.36755821318133
66.0,72.63424836478816
76.0,79.25950647404278
76.0,70.51663655687713
57.0,59.14398739624926
57.0,25.07170419952348
72.0,77.09636582333195
72.0,69.33571051797804
54.0,53.79579900035645
54.0,8.837468583549764
70.0,77.89395667682345
70.0,69.42620460505469
73.0,77.95367126989339
73.0,48.50471143162844
57.0,59.427481346122306
57.0,11.029799285342506
66.0,72.83505864492992
66.0,47.81979893925154
61.0,64.68704264823043
61.0,51.29168894880121
77.0,80.83225234017891
77.0,73.8754846741736
64.0,65.87109755631116
64.0,24.693241215424166
59.0,60.42073426393483
59.0,42.0910131414189
65.0,71.31790359829063
65.0,71.44225066644759
33.0,31.51538798614223
33.0,69.53663093475052
24.0,23.02962420791704
24.0,62.82302612697703
43.0,47.03505291293902
43.0,75.45288248454284
74.0,81.0799625403792
74.0,84.01482104613046
68.0,73.15204768478725
68.0,61.11141355383347
67.0,72.64487768068204
67.0,67.63680906245969
73.0,79.01561464815455
73.0,66.67524397226083
33.0,32.7268165984637
33.0,82.94075850548359
64.0,67.12313861655252
64.0,57.21755804736739
24.0,14.353880518977576
24.0,74.16530573329231
57.0,56.73855419879959
57.0,47.80384030137628
59.0,63.16485856061962
59.0,23.02962420791704
43.0,48.732358609929975
43.0,16.461007372816027
64.0,67.21054678273686
64.0,66.96945239930909
70.0,78.23263113224783
70.0,5.707157840761909
48.0,48.53295296404866
48.0,62.12316637672751
41.0,43.16672529474562
41.0,50.95634763262109
57.0,62.78552186664831
57.0,79.48952957741534
29.0,22.315881510351346
29.0,64.03631356938325
70.0,74.94077921100234
70.0,63.767178170370755
69.0,71.78163599614555
69.0,55.96193328674531
72.0,77.70244084294978
72.0,49.56677030268196
54.0,53.370345967581784
54.0,47.94151540984694
59.0,55.86846442360263
59.0,31.187754741084973
50.0,48.737832906575704
50.0,48.04666411611419
71.0,78.59748496407695
71.0,61.7407702381023
64.0,65.65152139903745
64.0,67.69131440371547
77.0,85.151635612608
77.0,51.953547193442716
53.0,57.36461373305377
53.0,68.5165706517829
41.0,38.80369415665882
41.0,57.65016799238845
70.0,73.00654676463284
70.0,66.48516607355339
58.0,57.380241111559315
58.0,68.67088930246837
29.0,28.40801050721052
29.0,71.78730972613766
33.0,30.047770181501562
33.0,65.20109076478826
39.0,32.299538948904
39.0,58.171534500695316
75.0,82.42025077236849
75.0,40.08118358207423
57.0,61.18974585419437
57.0,36.770296672121674
70.0,78.02525558047796
70.0,63.29515428147732
65.0,69.99655727461794
65.0,85.68215351484815
27.0,20.20936832927424
27.0,71.20692483010652
66.0,67.01648369253911
66.0,60.560072722449036
73.0,78.01744621432817
73.0,74.5763858049163
64.0,69.04554040968316
64.0,54.928474201554536
78.0,82.11479942440349
78.0,67.01473423583616
34.0,36.59703135849543
34.0,69.59331827744228
19.0,13.341552120834308
19.0,68.36078114784561
48.0,47.623223205447005
48.0,61.42886259228277
41.0,41.559148925185866
41.0,65.90775108715769
66.0,69.21316975679645
66.0,62.49741185520054
55.0,59.4992304269573
55.0,54.30095111040737
72.0,80.02431626692135
72.0,53.009885540201026
54.0,56.05370939664209
54.0,80.88696535533398
71.0,77.34009208035502
71.0,70.04593752317635
61.0,65.07962457381922
61.0,80.24547624781638
49.0,40.44111907683066
49.0,31.91909725290185
57.0,57.823903518181055
57.0,70.34206222984204
68.0,68.49141507866102
68.0,44.31262248112682
72.0,77.3328608345555
72.0,57.3252403179722
72.0,77.61171814703602
72.0,39.45942246609292
66.0,67.73070317326176
66.0,40.2050083783725
44.0,44.49177120662506
44.0,41.923908437249736
56.0,61.793996983050135
56.0,82.60406909488347
71.0,75.42198273985116
71.0,73.65562035071503
73.0,77.84816706329991
73.0,87.35905454730226
66.0,69.84425099106056
66.0,47.51109529676927
67.0,72.70093862833244
67.0,79.52653766379228
65.0,67.11107781777082
65.0,60.87888776615358
57.0,60.303907412384376
57.0,84.0356544263355
47.0,39.5187248914865
47.0,83.51109711473174
77.0,86.31244986903971
77.0,33.06412856409912
46.0,43.289011592458394
46.0,56.21838784923426
48.0,47.48416606583652
48.0,67.14069791761136
51.0,53.59562901681369
51.0,46.876009887667124
57.0,57.97460976780627
57.0,62.497734126309126
44.0,47.302984297801686
44.0,53.81349356054233
73.0,79.0454965068958
73.0,79.41083572600775
12.0,-3.7327688186961723
12.0,45.332536227264086
43.0,45.88825156385212
43.0,35.27485390684916
73.0,77.97194860789944
73.0,74.99021847782535
66.0,71.97964511329786
66.0,50.60309228116432
68.0,75.94895740101646
68.0,56.52397656562135
74.0,82.04085591657372
74.0,74.1967949688389
59.0,63.77570570047811
59.0,56.768918992039914
74.0,81.36154374888406
74.0,75.1865276764185
73.0,76.90810426147556
73.0,54.643717692714745
80.0,86.23879429883215
80.0,48.24155279500718
16.0,5.696190947399032
16.0,75.34297307203224
54.0,60.02038503201646
54.0,36.05752740174711
47.0,43.46447283712075
47.0,65.26711842394388
52.0,51.76436665251828
52.0,70.10304033149208
61.0,67.29234018554382
61.0,30.172940576118435
49.0,47.31066948635328
49.0,74.16995747503836
70.0,76.68237161264926
70.0,67.74871655644392
58.0,57.7501962994844
58.0,65.8861887869428
67.0,69.57430112260636
67.0,71.78970110973052
71.0,74.79475648990643
71.0,52.44261888054302
31.0,26.280443830489162
31.0,87.30392443761428
55.0,58.10015681610935
55.0,40.40673008223217
49.0,42.932816311188674
49.0,40.97758032591355
59.0,65.53055588459029
59.0,63.13750252577728
67.0,69.65095057458745
67.0,80.64739931974884
54.0,56.844882461155066
54.0,53.79587140492612
52.0,56.5361705113873
52.0,40.96325989792257
44.0,45.052751837412245
44.0,75.44438739140463
67.0,69.71781359838502
67.0,45.66282095663922
68.0,75.02334162088783
68.0,41.73537656886276
55.0,56.438182122446676
55.0,82.4103239581799
69.0,75.24980878342978
69.0,67.40630521600451
22.0,11.1856508151497
22.0,59.350361396428696
52.0,52.31117182201717
52.0,83.61149352070407
70.0,74.21115964670048
70.0,78.44029576416443
44.0,45.73729735702574
44.0,78.42199135809807
59.0,64.63806103094845
59.0,64.18484346841058
77.0,83.52755588565299
77.0,51.75663725765048
78.0,87.14751360401323
78.0,56.55649569400782
74.0,80.26697009782612
74.0,75.91666929249749
66.0,73.15127159497047
66.0,72.40627228186554
35.0,31.871389842066378
35.0,49.06226803353269
37.0,33.78389441054952
37.0,79.56023219792041
33.0,37.07713012816106
33.0,53.68863482866908
44.0,47.37621396416296
44.0,26.02127663885517
79.0,86.13124919792932
79.0,54.161740720409625
15.0,6.7799659009361335
15.0,78.31684492900467
68.0,74.46350853228927
68.0,74.56953250097598
76.0,81.6613270361878
76.0,72.74713555296165
67.0,73.4421567838782
67.0,75.11046398708362
64.0,66.62319054367362
64.0,47.757875272110084
74.0,79.67313498204027
74.0,54.99847233172915
74.0,80.07445004193016
74.0,47.94851994932094
50.0,47.525070317005884
50.0,18.969249646730248
79.0,88.78273306543343
79.0,85.91427673050816
61.0,65.063390885878
61.0,53.264520711089006
72.0,77.0608504005371
72.0,76.30470740649014
76.0,86.5055541309784
76.0,75.1667410269111
38.0,36.574132021538674
38.0,74.67323338955828
57.0,60.09523258757429
57.0,73.69571777057257
53.0,58.36624344000876
53.0,40.63419336461368
68.0,72.0963332403644
68.0,57.44193179934672
66.0,68.4384919516636
66.0,78.3768431843535
58.0,59.141973057265716
58.0,79.11322983458535
48.0,50.32548698044474
48.0,74.1031006357556
71.0,76.14253662527409
71.0,78.16669842562425
41.0,36.96099938870458
41.0,60.474901925622476
51.0,53.68531917576502
51.0,64.30534739267324
83.0,89.1336577979024
83.0,67.64203407894951
62.0,64.30534739267324
62.0,37.939382330959916
56.0,61.075141064575405
56.0,81.68860527303832
70.0,75.72251530551529
70.0,78.82467026754551
61.0,62.85847789072284
61.0,80.34227528499844
60.0,64.20819387486978
60.0,65.20109076478826
57.0,58.469953735440754
57.0,71.27583496699646
74.0,79.71294096745328
74.0,78.94610827368655
71.0,77.00130690312432
71.0,41.423602972109734
73.0,80.77603839652079
73.0,39.2055416204081
69.0,76.44581469926192
69.0,71.03630327113763
68.0,70.76464550966313
68.0,34.359935690518796
65.0,71.67384250150758
65.0,13.326768353884859
62.0,69.72571673426518
62.0,84.2214677393506
56.0,60.846789297853604
56.0,27.562573887426936
30.0,16.37898037222766
30.0,89.12567640558501
62.0,64.37430345496938
62.0,47.995957933765
23.0,24.607878294869067
23.0,55.46857674903907
65.0,65.46675704881523
65.0,67.27184232000337
75.0,81.6580221125052
75.0,10.893940578810316
38.0,31.892383192795705
38.0,72.98894808272371
74.0,78.50671803469385
74.0,66.2714394479832
53.0,44.79950656248337
53.0,22.866212797170135
38.0,36.85090292478992
38.0,61.11597681559124
58.0,61.83062924805063
58.0,84.47937580281666
38.0,32.77196657047716
38.0,74.11716845537666
42.0,41.22034585882909
42.0,40.710514337146606
61.0,66.1918634763353
61.0,75.03867545427431
68.0,75.17316787447976
68.0,19.77404557010982
42.0,39.5764887247218
42.0,76.39903208912307
68.0,72.13843727748122
68.0,77.29996792332514
58.0,66.5514145509984
58.0,62.096393668252574
18.0,13.855866185803563
18.0,34.602152899130886
43.0,43.738290621136684
43.0,81.73548505770952
67.0,67.07298583257739
67.0,22.04963706952583
62.0,66.21200957758731
62.0,36.64722802345017
49.0,48.997911085973385
49.0,43.91280135304373
49.0,48.83131352461942
49.0,14.600643768800467
73.0,78.17748714083905
73.0,11.420938792954928
69.0,70.63230847093183
69.0,81.77208839507705
67.0,72.42172909349591
67.0,72.10712131047052
67.0,69.86756319604541
67.0,68.9035086965111
45.0,43.9597656823226
45.0,68.12376951162696
61.0,62.69911090358278
61.0,82.05713393057022
69.0,76.71671949746388
69.0,33.50278247118911
65.0,69.49835747529602
65.0,65.92783946582983
40.0,39.019973216096105
40.0,46.185039185350035
35.0,33.438592273855136
35.0,71.8604505612438
14.0,11.104748738328112
14.0,60.520517494322064
48.0,45.28416924858726
48.0,77.86521643596615
57.0,60.620053571084895
57.0,66.42083674130282
74.0,79.5459170132313
74.0,87.8465888167969
77.0,83.89975108883169
77.0,80.18397166974597
72.0,76.81070375447337
72.0,12.602515157092
67.0,68.0946058989278
67.0,70.46276579829811
74.0,80.23955157817824
74.0,63.68369688702751
49.0,56.75882714430162
49.0,49.3930453557424
67.0,72.01972017731924
67.0,74.41649576293548
67.0,70.53645826879574
67.0,69.279195817899
76.0,83.45695321046236
76.0,13.423724877474456
69.0,75.8123916800858
69.0,65.92092953957433
71.0,77.35558074030496
71.0,75.18494619938463
75.0,79.79404155525407
75.0,71.5461361577415
81.0,86.04284357030303
81.0,70.42984926575082
20.0,18.67465127411947
20.0,57.93480984851112
44.0,39.02226926135904
44.0,57.80006379566373
34.0,30.45243385761131
34.0,82.1163880318527
68.0,72.57253527495658
68.0,68.54895985691417
54.0,53.36096177044118
54.0,75.49992669152147
71.0,78.52367425362371
71.0,77.53253397476925
55.0,54.12959463634604
55.0,26.831265828887126
63.0,68.4764403267634
63.0,74.66925330333771
61.0,62.45783780488449
61.0,45.980486572142695
31.0,29.30201204606749
31.0,20.480303015842082
65.0,67.85893813261839
65.0,64.83115828986467
72.0,77.72538939426488
72.0,74.01525960130516
68.0,71.1803053830032
68.0,76.68700536244245
59.0,54.5932699678595
59.0,59.807038239779956
51.0,47.980584004416926
51.0,15.65151380553823
73.0,78.06723482060573
73.0,37.76124712250339
66.0,71.41468822299748
66.0,31.63635998478094
20.0,12.837446878978312
20.0,61.502368871575754
61.0,61.73426381815932
61.0,66.2576304770974
77.0,79.93295271794727
77.0,51.11320515496931
74.0,80.2716932042735
74.0,72.41806576048248
64.0,69.15605224808513
64.0,82.01495085060367
50.0,48.82611715426185
50.0,58.723016749933265
66.0,71.7025744860457
66.0,69.63074872439995
70.0,72.68751468530576
70.0,51.17168522064719
66.0,68.75880106973699
66.0,79.51450001213112
24.0,22.53158255377059
24.0,74.36608751121975
62.0,65.60071773943196
62.0,77.79291673439195
53.0,48.962126213334614
53.0,38.0699435062628
72.0,78.99323894163615
72.0,82.9851751580972
21.0,17.484668525613188
21.0,80.9429974111469
59.0,61.41431371008633
59.0,55.4767638869032
20.0,15.941311944932409
20.0,64.1795851747255
65.0,71.80482684178446
65.0,65.28109718411162
33.0,25.733992927113718
33.0,71.03479930077276
68.0,75.78612080541023
68.0,45.73148867520479
54.0,54.74200951220979
54.0,78.87992485791858
77.0,86.35705811921684
77.0,82.47521671396811
45.0,42.763372758895116
45.0,36.0441542611959
66.0,69.63671806243036
66.0,78.8671370356343
75.0,80.2217892713274
75.0,74.63298653583149
25.0,28.830749163780126
25.0,51.49410973545514
42.0,35.480190425234014
42.0,74.35978314476625
58.0,61.872699368435065
58.0,75.2565008418938
42.0,40.09795256264243
42.0,66.8626008793322
69.0,73.22159614918218
69.0,47.65204000378145
45.0,41.656828462165834
45.0,10.073528094480764
68.0,75.12799948385924
68.0,57.751969515984285
49.0,49.40996122074051
49.0,18.483727878554703
79.0,86.54845215430964
79.0,85.67701283404182
43.0,47.627304181535976
43.0,65.86900323975061
30.0,24.003212939188472
30.0,64.92392100259224
65.0,67.08579211327896
65.0,60.76481814585429
71.0,77.70281991092514
71.0,87.8758890574054
54.0,57.78932501868712
54.0,84.45759335681765
63.0,72.36194719175211
63.0,7.414496048476508
56.0,62.47242572970555
56.0,81.82203290089461
27.0,13.831293966954945
27.0,71.12114923090616
74.0,78.4471211386745
74.0,15.793819559662097
66.0,68.66739575657982
66.0,69.6852379266054
73.0,77.57315174421763
73.0,81.74079603404306
58.0,61.50122851001544
58.0,86.39543799133492
57.0,59.886556678971374
57.0,80.79833292652069
62.0,62.84779434075267
62.0,54.64386326756795
56.0,55.72852949081175
56.0,50.61281340106848
37.0,33.356189318793156
37.0,30.382982077825943
69.0,73.42919705589838
69.0,69.41579624913737
76.0,80.7919865784558
76.0,39.87924996910789
65.0,69.03749550916581
65.0,67.19615603946954
80.0,87.54167676924209
80.0,93.79976688511107
58.0,60.93300487927422
58.0,75.17783575201923
82.0,89.40811423100587
82.0,84.03457611165749
50.0,48.21972496658515
50.0,45.50182564227424
71.0,77.12045847131816
71.0,87.25999661963937
66.0,67.42686328174528
66.0,81.77102880153603
64.0,68.59857334665804
64.0,20.16046901658791
64.0,74.30164444187284
64.0,64.54639969341395
60.0,64.78535645527768
60.0,38.20115828921672
51.0,53.67680746376982
51.0,32.173743905527715
57.0,61.272968894486155
57.0,11.195928113615423
66.0,67.65344603412382
66.0,57.35101730351465
55.0,60.174004555362956
55.0,36.50367853868727
71.0,73.47480840600599
71.0,46.70870109452784
65.0,67.0502698455773
65.0,72.45740049321518
65.0,72.96685979875679
65.0,31.591092265374357
79.0,89.17666360331248
79.0,43.855627333404584
45.0,41.09812703518554
45.0,59.29492034915654
21.0,24.14250679445132
21.0,57.93447304070031
24.0,12.034351221526833
24.0,77.58352555313365
59.0,63.538889486098185
59.0,76.13400153063083
48.0,48.75030556442448
48.0,42.1266741792968
52.0,55.19552353257535
52.0,68.71498959619521
31.0,33.22757352067174
31.0,78.90542237875667
75.0,79.36245345698666
75.0,63.576996220069304
76.0,81.82177328492293
76.0,46.40720124386917
29.0,25.710581283206068
29.0,78.69263631038541
37.0,31.92808986065438
37.0,70.66655231480462
75.0,80.9937962283255
75.0,47.70188929743318
69.0,71.10916166371015
69.0,64.56158640841466
27.0,18.074502208230285
27.0,43.33790317715494
44.0,40.353932735168144
44.0,84.85347977863069
39.0,37.478174714234285
39.0,45.81604056481336
27.0,13.831293966954945
27.0,60.09976369939102
72.0,77.0247821326708
72.0,60.753604304067494
62.0,64.91308667439984
62.0,9.662775784781559
61.0,63.238542279213334
61.0,65.11449381413348
77.0,79.71418397452732
77.0,53.344224923581805
49.0,55.45612671283391
49.0,69.33114063743847
54.0,55.78894841757608
54.0,44.69291273062328
77.0,86.71268762556025
77.0,69.13790803432693
55.0,57.28211424570378
55.0,74.8298806937068
32.0,35.76038106658598
32.0,51.32074101696185
66.0,71.50639769015015
66.0,75.9686793726292
60.0,62.56083828403331
60.0,53.32615982379474
60.0,65.35353911541574
60.0,44.60866168072255
71.0,72.42514647708492
71.0,33.24377887354137
54.0,51.38707900529562
54.0,71.10104927553863
30.0,34.6137666479911
30.0,27.252176973498308
72.0,76.76049327234796
72.0,59.45704610751466
61.0,62.77962941968127
61.0,60.49329665541842
78.0,86.86469458299814
78.0,57.79690637722325
43.0,40.34115252885806
43.0,80.09721482296447
43.0,40.9991076035073
43.0,76.38107667452135
19.0,11.752073996505203
19.0,76.3266069799567
80.0,87.4897898572815
80.0,56.93754464796359
55.0,59.37736269722865
55.0,73.68772241603261
50.0,48.10962246649268
50.0,79.80383750321789
71.0,76.18068665045382
71.0,87.7228180872404
48.0,47.05839231222615
48.0,65.97117220322468
72.0,78.93586140793036
72.0,81.04157835219712
24.0,14.876850347132972
24.0,69.68040104657331
59.0,63.84737825687057
59.0,48.90283279465285
70.0,73.81181020142054
70.0,18.443443247619314
82.0,90.41788379871713
82.0,46.08680994624979
41.0,35.03448999446317
41.0,62.14910335547404
64.0,70.03834685899096
64.0,59.93189087312345
33.0,37.27071980779999
33.0,74.31073073409556
68.0,77.56662630527006
68.0,65.27808443039288
37.0,30.15514834008269
37.0,22.7540893806937
45.0,48.56289792599296
45.0,63.456376827452345
71.0,77.19481750141864
71.0,23.917770515356324
61.0,65.61340276253998
61.0,85.39330317803314
22.0,24.15596192546792
22.0,55.70365588023856
64.0,71.60369728739596
64.0,44.21605690126165
50.0,50.53948345893798
50.0,72.86689038196249
71.0,76.02847068144445
71.0,71.3501448914746
63.0,68.73729915129627
63.0,51.8140057384021
64.0,68.44821181426073
64.0,48.785450232918436
44.0,46.256774519334726
44.0,51.715426205032486
73.0,76.85520338273693
73.0,52.732069575889454
48.0,43.10839832440189
48.0,35.17526732857135
71.0,74.36899073564149
71.0,67.09521472879862
68.0,72.48539611035721
68.0,83.32841991616169
74.0,80.45742140471549
74.0,69.01483959489622
70.0,73.10959910854348
70.0,66.59877565655688
52.0,53.165694305855936
52.0,64.35872409149334
75.0,81.78989645309542
75.0,43.29089225169264
67.0,71.6479384853854
67.0,27.588387950529693
66.0,69.67283920404338
66.0,44.63384771732569
72.0,76.27918419304905
72.0,82.54538152029937
68.0,72.77328287772451
68.0,80.01851421287034
28.0,30.4235774812567
28.0,73.87036973656984
42.0,39.66295944005435
42.0,76.99107493385179
32.0,27.851116008991312
32.0,63.16500637654525
45.0,49.861534429944186
45.0,85.79796025358655
72.0,77.98155159294254
72.0,64.1881016093422
18.0,12.293709079819848
18.0,77.01817201438053
81.0,85.92208814670579
81.0,55.77814574925105
41.0,34.84090725226747
41.0,18.149550235826666
74.0,75.62673658726004
74.0,62.8698290981763
46.0,46.44345011225471
46.0,40.39184725348048
59.0,66.94894444156785
59.0,69.5785783456185
63.0,64.74437125707783
63.0,59.73579554431967
67.0,70.44993383039912
67.0,87.01832743311104
57.0,59.11784891722334
57.0,71.23536377792504
55.0,55.34287701966463
55.0,57.32418898217702
45.0,46.41301489573931
45.0,72.17774870901582
54.0,60.33403608873539
54.0,81.7521670762394
34.0,37.85001269392376
34.0,39.45942246609292
29.0,10.759126246087135
29.0,71.32487976096724
34.0,33.6226596335992
34.0,69.99086659655075
84.0,92.21563873961276
84.0,68.44928799006561
69.0,72.10610829863185
69.0,75.60734046404127
63.0,71.42764940591275
63.0,53.53629384732727
68.0,72.44791087878252
68.0,82.09366547887737
68.0,73.06125953980921
68.0,48.14028386669287
64.0,71.92590179140598
64.0,73.03143076441853
79.0,83.01660188589534
79.0,22.357324355142282
17.0,16.063039472210846
17.0,87.3953561438289
77.0,81.70855586644359
77.0,80.82051252105134
68.0,74.51174934641284
68.0,69.60782330198441
63.0,65.00618597243636
63.0,55.236996958570955
56.0,57.994121676443
56.0,63.318570795195285
37.0,42.49559646327424
37.0,61.77125683777052
69.0,73.73158235360222
69.0,76.55796715409747
56.0,58.373190281832194
56.0,25.184399022935054
47.0,50.06718697454551
47.0,83.89504743742822
59.0,55.10753225638791
59.0,66.08322459209654
78.0,86.74169779385164
78.0,35.8006846407452
35.0,34.58692962202872
35.0,87.21363607964861
71.0,77.22123927804898
71.0,59.03502926702123
56.0,55.708391931379424
56.0,44.23141655224765
64.0,63.50348626312825
64.0,21.36528872600593
70.0,74.60569103792687
70.0,72.53825178015569
54.0,57.21662279041806
54.0,69.28426215649682
69.0,74.36235065240385
69.0,69.06904991901172
48.0,48.197388632144396
48.0,67.55114283389008
81.0,87.52236607275131
81.0,36.86441090636157
66.0,72.17168731248836
66.0,8.154187649755556
62.0,67.10768931681821
62.0,53.1954302228861
46.0,48.66345762824727
46.0,37.94914988102505
59.0,63.17986715452395
59.0,73.03611924157013
73.0,77.13591309599525
73.0,63.4863855425412
69.0,76.59970726162112
69.0,73.37842775869387
68.0,71.05626591530813
68.0,65.26782662490513
29.0,29.0599139407567
29.0,83.44727368476015
59.0,62.649970563319926
59.0,58.25927319235842
65.0,69.28387581026266
65.0,41.92092255760957
52.0,56.70076319600918
52.0,54.19649664488321
68.0,73.05540393778875
68.0,23.451712749840226
24.0,17.946667377840583
24.0,37.709898532764555
40.0,40.042150440589865
40.0,65.89381105462462
72.0,77.69652086469449
72.0,41.62734148859511
71.0,77.7624369694156
71.0,82.27317234237017
57.0,53.78695642894212
57.0,51.68155350957784
61.0,61.67488035718651
61.0,74.10470785573477
71.0,76.55722087713241
71.0,41.116157304207945
59.0,59.00230648539372
59.0,68.39057129480022
67.0,73.37183674029211
67.0,59.36976793469637
63.0,65.72365371213897
63.0,82.71400603122572
33.0,42.46540029826906
33.0,46.81132262311286
71.0,76.555352786416
71.0,76.58623375488474
66.0,68.39992334673883
66.0,77.39289221985115
32.0,27.280611541600308
32.0,60.892702867288904
32.0,18.60541679447266
32.0,48.52509384221861
62.0,62.99948815631285
62.0,64.70260671235377
21.0,16.927046842743948
21.0,54.355367058777915
28.0,23.30351947958485
28.0,42.43028189049693
32.0,31.69630648382605
32.0,65.813645049444
42.0,38.367114470992135
42.0,71.61783131070337
50.0,51.35083514497586
50.0,54.231498028519525
70.0,73.78910098962524
70.0,27.847838081604493
57.0,60.26079319425179
57.0,45.12779280617957
47.0,47.89363560507417
47.0,29.79944932049324
29.0,16.992265647082206
29.0,39.539570491795246
68.0,71.48778819608384
68.0,77.4897201800024
71.0,76.7698984378315
71.0,87.69416235602637
65.0,66.86588382318263
65.0,75.53147570705426
66.0,66.10522336485587
66.0,48.214598076818845
28.0,24.021391976334712
28.0,83.31093472409572
68.0,74.09442990565759
68.0,73.89612895898387
57.0,59.582773263982915
57.0,72.34664042568266
55.0,60.806615694637856
55.0,78.08620460548758
65.0,70.77410785677301
65.0,45.59159874037334
75.0,83.14372321342358
75.0,56.5577405442632
63.0,62.302475654098544
63.0,64.31187151672395
65.0,69.85938079905577
65.0,62.59916044533304
74.0,76.90516569680636
74.0,13.149493449591603
55.0,53.87680854343756
55.0,68.71658875236983
71.0,78.1458639534859
71.0,47.05491622424307
48.0,48.50358371841344
48.0,75.31543578843696
43.0,41.18374428267907
43.0,39.02614708124008
67.0,72.11941298031007
67.0,77.00526349810178
75.0,78.89812767444954
75.0,71.64424144099746
75.0,81.95575328308138
75.0,81.18160751479934
46.0,45.767645806552935
46.0,76.28233372223741
47.0,50.24602955752249
47.0,77.67268070956601
9.0,11.609665094052502
9.0,36.75710869354435
73.0,79.8247618017794
73.0,41.15984425575908
38.0,29.922550436341453
38.0,73.612335760556
61.0,65.99799306251538
61.0,65.6992584704737
49.0,47.62378328688129
49.0,70.8729151802217
25.0,25.68768198918582
25.0,62.33895233267634
70.0,78.72403241937809
70.0,53.82945172834951
63.0,68.98205760063922
63.0,56.84289329795445
34.0,31.804854584596512
34.0,75.41082169752212
40.0,43.08622819162895
40.0,73.75627945947281
69.0,75.10164014861363
69.0,78.80998927727615
55.0,58.38418497804702
55.0,80.94292144610074
30.0,22.150354731613504
30.0,53.831638268370625
66.0,67.71076130936831
66.0,76.78023524447667
64.0,67.2782460838788
64.0,14.208766775822028
64.0,70.06621037551531
64.0,68.70164404274487
55.0,54.68288617373764
55.0,57.67739100146065
66.0,69.54208702207853
66.0,41.61977494402862
59.0,63.35179464940063
59.0,62.196516170607254
61.0,64.99786345391942
61.0,60.88626047549525
56.0,57.51894040560512
56.0,69.31753320466521
60.0,64.55284421298524
60.0,68.5431775632747
66.0,69.83588315386066
66.0,24.44282713141149
60.0,57.97921423942802
60.0,87.48240108157631
56.0,64.06935412004424
56.0,19.800370673963016
65.0,69.0113606243703
65.0,28.622161575436678
65.0,67.99588340983581
65.0,81.88089668496917
42.0,42.45309160713424
42.0,56.20605614469804
71.0,76.07744226910961
71.0,65.55728544754618
48.0,41.96273337611103
48.0,69.99487058549579
65.0,68.10296633952896
65.0,55.29443553772501
62.0,65.28106791205931
62.0,86.31114548669615
63.0,70.52110447420557
63.0,80.14407294874661
60.0,64.87394762632374
60.0,37.58599835403385
64.0,67.31044847023213
64.0,76.24827958337323
39.0,41.64138740043455
39.0,69.67189678205051
55.0,54.079679389126
55.0,66.39915152274608
33.0,25.00104317268
33.0,73.55315866436001
76.0,83.06038863838825
76.0,55.380617195250124
65.0,69.77638511771079
65.0,55.22035069090316
57.0,57.68174294513187
57.0,69.53512737437336
52.0,52.86502910035057
52.0,64.52064718658676
58.0,59.679110901589524
58.0,53.597996984139286
73.0,82.1709000435161
73.0,26.297456808348215
62.0,65.69799577701838
62.0,35.31053950397978
35.0,26.989064868283833
35.0,62.03463019529818
44.0,43.03061118214163
44.0,70.81764706838482
43.0,44.01485035501514
43.0,33.97160416203536
64.0,71.18295587671486
64.0,80.51863895828222
44.0,42.13283746481528
44.0,69.10112989306032
52.0,50.26310767914259
52.0,61.25497465235077
68.0,72.56393244074673
68.0,54.87586636202184
71.0,74.70893143916635
71.0,55.51603039792292
64.0,65.48528212776284
64.0,48.71387737139344
67.0,71.2662507606043
67.0,83.78233681598886
36.0,28.967785525078682
36.0,69.72563628267437
73.0,78.01489627478833
73.0,58.559704759355384
80.0,86.48034858256398
80.0,72.6436068478734
68.0,72.715945527705
68.0,52.191805020565255
71.0,75.45589696561382
71.0,82.54278722365746
67.0,73.37006992009657
67.0,69.77396690281557
46.0,44.67426854933973
46.0,29.5493502477392
36.0,34.4274539198089
36.0,17.59743053479957
44.0,45.32629868753503
44.0,73.14476965601278
69.0,72.2900611368542
69.0,63.793382880319314
68.0,73.01017300451076
68.0,55.149939144592906
56.0,60.504337199498025
56.0,69.34820538878432
63.0,68.36315747666475
63.0,77.91879948705969
42.0,43.10052974483557
42.0,50.84259621617434
75.0,81.91133638861862
75.0,68.65463930072241
56.0,58.27268856805267
56.0,47.85013362734844
63.0,62.39170807161884
63.0,76.59707671978799
63.0,60.491983348931285
63.0,33.1795649221167
70.0,78.72542201014113
70.0,83.71486537572918
63.0,65.37220009157267
63.0,56.670174655823416
66.0,73.22111123993153
66.0,17.482848521921994
74.0,76.88432019994212
74.0,57.71187636284304
68.0,74.7771491268856
68.0,65.66679548315824
48.0,46.445758028867544
48.0,81.71541934895521
56.0,58.84454454658186
56.0,46.94100780858719
40.0,39.904319357268264
40.0,79.21902109009761
74.0,81.9656792673664
74.0,52.05313466963827
68.0,73.42737890550382
68.0,69.64812483950851
7.0,-1.5629203781610954
7.0,75.90638513546742
37.0,37.61625993425838
37.0,63.40229209474887
56.0,54.28030148712247
56.0,73.93004057990413
75.0,82.11529924726614
75.0,72.34904749940341
64.0,66.31969757789835
64.0,68.36448452556726
60.0,60.45707977334956
60.0,19.068214854788152
56.0,60.434010468158704
56.0,79.75020707852133
60.0,62.727614628879735
60.0,26.022240684181952
63.0,67.99416656179619
63.0,7.641514625182879
64.0,69.0563414790924
64.0,44.518677313415196
73.0,81.77824629561184
73.0,70.90526464904252
53.0,53.682125217531336
53.0,50.94151312388499
69.0,74.12640649324072
69.0,69.89031864701064
65.0,68.50678282754927
65.0,75.47950286278763
40.0,32.99866672093282
40.0,70.93154033777881
73.0,78.86485146389657
73.0,55.99313180254734
76.0,83.7692860140877
76.0,51.31756920035144
52.0,52.234842525095985
52.0,55.87399721203684
73.0,79.37669866394202
73.0,24.152536053383812
56.0,52.93092623389202
56.0,55.92334616437006
28.0,22.621772335115224
28.0,75.08952043458328
62.0,64.87663482948102
62.0,77.55245141341214
27.0,20.816430667813222
27.0,79.54761823678365
63.0,64.64418839246912
63.0,82.67808312235826
58.0,59.96713191540408
58.0,41.284707188783955
45.0,39.1127656928557
45.0,21.63972526135558
72.0,83.24007280442567
72.0,77.5520341120806
56.0,54.3503905068423
56.0,81.50927280109369
76.0,85.54588082410123
76.0,63.58927305859106
76.0,83.37031110460674
76.0,82.01072437800178
54.0,53.35662697307197
54.0,81.30812043617249
55.0,56.7525658809825
55.0,75.7512129963572
71.0,77.37274281242816
71.0,65.21549841838129
75.0,79.35362724692851
75.0,81.5324570182151
81.0,87.47116882454816
81.0,85.20653419750596
73.0,80.31150932512975
73.0,85.1167474006433
34.0,37.85001269392376
34.0,25.130181835649523
69.0,72.17130671483835
69.0,75.72576969360438
64.0,68.03556451436759
64.0,77.02278498235734
67.0,67.54188771532654
67.0,63.990882348465846
77.0,84.42120161786363
77.0,24.29953460361787
41.0,44.9411369914273
41.0,80.71253107843347
73.0,78.06843249083022
73.0,67.65439312356398
65.0,66.32944855388371
65.0,68.6124623974016
76.0,80.65128094989302
76.0,75.64203560732238
71.0,79.42319519037028
71.0,81.33630405580953
77.0,85.7246778673047
77.0,41.75312114547927
59.0,60.997910413943714
59.0,67.11234688811311
77.0,82.31799027191477
77.0,74.21202197593277
75.0,81.99455382617089
75.0,51.99436698431492
70.0,75.1176897832446
70.0,84.70762668836875
57.0,55.64554036023361
57.0,54.228727644973844
53.0,56.28670195907887
53.0,52.42043954524166
33.0,28.262674363045505
33.0,79.03113323903864
69.0,74.75139721465905
69.0,71.71720759200201
49.0,50.34363333033292
49.0,69.11300635116964
69.0,76.5064502546416
69.0,59.246982444259004
72.0,78.69196746513205
72.0,63.54883009507006
76.0,81.2353675931846
76.0,34.4000285603139
70.0,79.25885109736384
70.0,23.444970690393177
19.0,10.175181310172263
19.0,49.237238356257876
71.0,77.83316237421485
71.0,60.62580986264851
67.0,69.42613909643251
67.0,26.943660428691203
64.0,67.12749361990649
64.0,29.80761559690376
73.0,77.47885322888112
73.0,74.77014009147365
75.0,80.96320430068306
75.0,77.5130299640561
62.0,61.66736272229025
62.0,67.32865228678537
67.0,71.20891915304338
67.0,48.00264451878542
69.0,77.41008832437723
69.0,77.9424843384486
60.0,63.13323986317272
60.0,79.14323957368282
52.0,52.23282214527586
52.0,80.34963101290816
70.0,75.16184205974184
70.0,66.38119193093615
62.0,65.94736997773083
62.0,69.3130344900444
62.0,60.988600495596245
62.0,70.31229824324333
78.0,86.13668283534366
78.0,62.252693506249386
54.0,57.60280879849813
54.0,31.706415597130103
71.0,78.10506466403098
71.0,27.953870851315116
48.0,49.6492271625948
48.0,81.68220758110272
77.0,84.06455188334968
77.0,17.53400828085006
69.0,74.98328684095088
69.0,67.56759790227778
60.0,63.51515135320312
60.0,74.2169486508385
25.0,21.96074605441737
25.0,62.98636529824984
14.0,10.716109234265275
14.0,60.031738152978505
68.0,73.00263157152148
68.0,79.6884992120643
51.0,52.39209785995985
51.0,48.168095018840916
47.0,44.35109134710427
47.0,84.89028922048908
81.0,89.52370065170129
81.0,69.05021783393192
68.0,73.13127400792632
68.0,65.16876509489015
63.0,66.12678361451896
63.0,44.00006124297289
70.0,76.36526724668494
70.0,73.79829484993724
53.0,52.8126319322393
53.0,64.10662723840056
51.0,50.552145811684454
51.0,44.21400744407748
66.0,73.46481514596718
66.0,68.47869570866868
57.0,58.30169906081073
57.0,58.83506960350752
73.0,81.29638401198042
73.0,73.66107280303174
74.0,80.53122309634114
74.0,81.05664751673254
59.0,66.48357115873597
59.0,47.846444925181004
63.0,68.15326058776998
63.0,74.97138874951452
47.0,54.222492347025025
47.0,47.84792381058895
64.0,69.10222593295862
64.0,69.71094915513066
29.0,24.69099958521707
29.0,61.935603225602165
55.0,56.438182122446676
55.0,43.778334308935996
22.0,9.615852996923195
22.0,67.06444249566908
60.0,64.6992324603504
60.0,53.2733068279303
68.0,72.69502819698016
68.0,53.92924486921538
64.0,67.56102637349579
64.0,76.01886794137516
25.0,14.883917178904824
25.0,75.87503721366994
55.0,55.913125188774586
55.0,77.8039030497718
77.0,81.6460937269157
77.0,38.86111608827338
66.0,64.72396757885156
66.0,76.23754743981368
44.0,44.69071287030397
44.0,65.46539179630253
71.0,77.77406552083977
71.0,13.249919012011787
40.0,40.44709375315364
40.0,58.531164589284856
61.0,61.687939148964404
61.0,78.28182705422864
42.0,39.76453593398202
42.0,20.669166531387248
45.0,43.570408945528925
45.0,75.02625313055023
69.0,73.99823171019062
69.0,58.03099038721416
44.0,45.28135160311501
44.0,73.13369802321768
61.0,61.966281916858975
61.0,89.85227163747436
63.0,68.59080721525356
63.0,75.2607759388626
23.0,20.530589646024282
23.0,58.44122607321697
70.0,76.3856590790632
70.0,82.22412330811761
73.0,77.43665661802765
73.0,74.47874949210649
75.0,80.9297992338436
75.0,56.54059516925372
63.0,64.38662894828957
63.0,51.99436698431492
73.0,82.04539865956343
73.0,79.57598392988285
63.0,67.31044847023213
63.0,63.793246156181056
48.0,45.08783224642633
48.0,68.58255217637202
55.0,59.255769198744645
55.0,77.62300507574861
64.0,66.64932828551497
64.0,80.63301190412847
68.0,67.47248814668654
68.0,64.36797992709398
48.0,46.15350087469403
48.0,52.47880445754373
54.0,56.21745229572315
54.0,72.9364062286914
63.0,60.81229683035383
63.0,82.91556642145292
52.0,56.14483879378025
52.0,70.61463374825996
56.0,58.03960152333923
56.0,23.20267438586302
77.0,82.98986901498404
77.0,70.74081409781371
71.0,77.0255795728105
71.0,72.09376751840637
72.0,76.5435049762774
72.0,78.47534486888634
76.0,79.48894676607836
76.0,72.26992243326731
70.0,74.40555299217755
70.0,3.447387923701285
44.0,43.66602724221201
44.0,79.79088328848712
23.0,18.31000074236846
23.0,69.97170880030643
59.0,61.1140614709505
59.0,62.58075473583813
37.0,33.85497353305783
37.0,80.20779797521345
62.0,64.19097317275128
62.0,30.13647003877054
44.0,52.97087703964735
44.0,30.54094992993464
57.0,62.913421887618426
57.0,30.21823743509168
63.0,67.56001533533674
63.0,82.67766981426342
77.0,83.34072367803634
77.0,46.15322029526067
23.0,28.735527419920345
23.0,41.93491774537114
69.0,75.75689531187328
69.0,56.99292825640828
17.0,6.8984440285166215
17.0,59.6844412917489
66.0,73.24517787817183
66.0,34.59217310158999
77.0,80.64238726958155
77.0,41.79770220592752
68.0,72.39452153026718
68.0,37.68921668905335
63.0,65.94964516939001
63.0,30.424716004298602
48.0,50.9251611237263
48.0,71.89023268014819
66.0,67.14627728593888
66.0,55.65785989492548
34.0,32.2796606992527
34.0,50.64168775335651
62.0,66.4121064890611
62.0,67.50299981568992
42.0,44.17113287864555
42.0,85.65703332017
69.0,73.38377936052495
69.0,60.41709594551554
74.0,82.25211195480892
74.0,85.74567829480554
70.0,75.69068086993803
70.0,78.41903134429299
63.0,70.08434529163804
63.0,25.57736937453467
48.0,50.62845138542366
48.0,70.65422162012959
65.0,68.80843572271402
65.0,62.62944640453247
46.0,42.18484108474934
46.0,70.13420546377313
70.0,74.98013680436321
70.0,65.47904097474157
65.0,69.5180523215792
65.0,71.55175552482086
83.0,92.23036602521734
83.0,45.91174913348766
54.0,52.29481080583844
54.0,44.781250528003284
5.0,4.152242942361852
5.0,84.83972764900335
64.0,67.45858279808306
64.0,40.24240491108338
62.0,65.89489528604611
62.0,70.07014418925718
57.0,61.17824690041385
57.0,21.223279665518703
74.0,79.10165234765412
74.0,77.29915296953556
73.0,79.90950166150157
73.0,82.26620672340636
51.0,41.10649310781224
51.0,33.788310099940645
73.0,76.64231233646365
73.0,70.79233856019374
48.0,47.463922669843555
48.0,69.61863538963826
74.0,81.48076022140373
74.0,82.26921932043814
55.0,57.13786676275777
55.0,80.74604225098523
72.0,76.42887340529808
72.0,59.184957409480205
53.0,55.804101122784175
53.0,79.94237176497461
68.0,70.34816289989317
68.0,70.94744350439373
46.0,40.77293874624024
46.0,68.84885249836583
67.0,70.72626790209006
67.0,77.29022213475878
65.0,65.0522209090226
65.0,68.88465869829207
48.0,44.290573302761686
48.0,46.01549355748739
52.0,50.29223328001842
52.0,70.1211981452334
66.0,67.7350899517719
66.0,81.64242344496228
61.0,62.53222410704592
61.0,49.76053372020209
68.0,70.70392565717003
68.0,60.28130992011239
47.0,46.87944810974494
47.0,26.871359961096402
79.0,84.38184521779311
79.0,16.94514706141274
66.0,68.63165101361278
66.0,60.96050961395315
73.0,79.61221057014535
73.0,86.84136040797574
41.0,32.46508516075755
41.0,74.2661513190676
81.0,88.23746474935035
81.0,58.8708813259463
65.0,70.39450315050004
65.0,23.82877363773298
64.0,69.1349518363354
64.0,58.50497899163048
66.0,68.40706252058465
66.0,56.30206318984722
72.0,75.98518136335053
72.0,53.59236305664962
71.0,77.33117856685703
71.0,75.63770373707484
70.0,75.40071477118664
70.0,76.81407919116043
62.0,65.97193641955312
62.0,36.32592343820892
41.0,44.11490176705291
41.0,34.94809663471875
79.0,85.34025993906164
79.0,68.97733499935151
35.0,29.233666384564685
35.0,42.25494697085429
77.0,83.68657284749605
77.0,69.00175463536067
63.0,67.11097071463166
63.0,68.12332730424305
37.0,34.93342696907371
37.0,59.52609671137185
46.0,51.50671144641524
46.0,63.8108734273049
72.0,81.44329898480083
72.0,70.51306838952945
34.0,29.5384425129879
34.0,32.68067686569589
69.0,74.90486488395396
69.0,49.792292668775815
74.0,79.85226528350324
74.0,76.25909334550954
72.0,79.92450891872318
72.0,56.02374937190268
62.0,65.23493518288774
62.0,65.14367612190478
74.0,81.66195784887054
74.0,75.7386710228788
76.0,83.28769336116221
76.0,66.43743638587648
44.0,45.99524359108125
44.0,53.196554630168805
70.0,76.64703925070569
70.0,17.90032518770397
70.0,77.06141209882094
70.0,51.39369014227543
59.0,64.4431315786291
59.0,62.10639475130847
70.0,73.96110964733543
70.0,71.47410479113995
59.0,57.36313024808493
59.0,57.6626653856635
78.0,85.01147613136612
78.0,76.78465023362452
75.0,81.65039091168507
75.0,41.60247296735798
70.0,74.1823560373158
70.0,48.4666934492206
56.0,58.384472910142506
56.0,71.84439300245947
56.0,57.994028095390036
56.0,65.56405327950534
77.0,81.89693191487783
77.0,74.81906057648285
51.0,50.21536355706604
51.0,65.52099399021932
13.0,8.070832027940867
13.0,72.81105073019921
75.0,78.90259871146458
75.0,27.350650485293386
64.0,70.77851034037138
64.0,67.66942889369096
74.0,80.18695590729146
74.0,71.55501562151
68.0,73.57698442545245
68.0,70.92803049009927
68.0,73.96092127527504
68.0,44.401217928486176
74.0,81.63373251561518
74.0,74.12822212865018
43.0,43.40515019057307
43.0,78.58157483327824
78.0,85.5264385855084
78.0,84.3065519847056
61.0,58.726230068416214
61.0,27.297863596446405
60.0,64.31204652924379
60.0,80.48638708597156
71.0,77.21089241294948
71.0,38.09733332510575
59.0,60.75764520739125
59.0,30.556584041442136
49.0,48.74633207800264
49.0,58.81024455261172
66.0,73.47808222722955
66.0,79.31238287257014
52.0,51.03372095089594
52.0,79.08208090452428
33.0,30.247057145733947
33.0,65.1851785881085
41.0,45.75357239867384
41.0,83.23636468332779
67.0,69.49896705350568
67.0,80.85920256989709
75.0,78.54643333390476
75.0,69.6389501818337
75.0,82.29107956291512
75.0,82.30132119545516
54.0,58.241791154708835
54.0,69.33631250795628
69.0,74.72646529135216
69.0,81.31621893943048
73.0,82.02804808081407
73.0,72.07286029388075
64.0,68.25549544865072
64.0,68.23444846327834
67.0,67.86687061176934
67.0,33.11964030696407
61.0,67.25342283357696
61.0,73.09032718870554
66.0,72.40394352014653
66.0,29.68890365223382
45.0,42.89426202308488
45.0,54.064772914925015
77.0,84.28874188553772
77.0,79.85359149756647
67.0,72.06900933447093
67.0,87.98625320199994
50.0,50.65257388891729
50.0,69.03138128904936
73.0,76.03669237252609
73.0,82.73096938540908
40.0,37.12592073425202
40.0,29.86539769434438
58.0,66.73440424966702
58.0,62.65865930221054
70.0,77.43643414219201
70.0,78.43939459873462
83.0,89.70671029541643
83.0,59.713650190322824
67.0,67.2525003109082
67.0,33.13582294650365
34.0,23.017907130838637
34.0,48.79734179811885
68.0,72.47732069541377
68.0,44.27005961958497
73.0,76.05419059973809
73.0,67.29990185535547
76.0,81.44391774185203
76.0,52.525034099756965
88.0,95.21305515697327
88.0,-0.4375567967062466
60.0,61.932803882292944
60.0,49.6235209551524
74.0,79.22354004771478
74.0,70.22767663712892
22.0,22.212796287207027
22.0,62.585809979581654
66.0,70.62986645678978
66.0,35.5833305617665
56.0,62.51772210990549
56.0,75.09048605634524
55.0,57.67122150164272
55.0,90.03166103956971
53.0,51.40439703394634
53.0,61.360522583329555
40.0,38.38668799932344
40.0,73.83264797113355
70.0,75.41818897351408
70.0,67.04133634519502
53.0,54.65886625348088
53.0,62.49951751531029
70.0,74.52443797678455
70.0,77.52124963775407
72.0,74.69924189330209
72.0,87.87255489962524
70.0,77.0884929892589
70.0,77.21092862679302
80.0,88.92293288811067
80.0,70.63387405692129
43.0,47.22646086618278
43.0,62.39679297470019
77.0,83.17985909724393
77.0,71.95184624881529
67.0,71.17407285875805
67.0,39.123206598734896
70.0,75.60582009802994
70.0,71.01500007627993
66.0,75.43840552541093
66.0,61.32451166377592
71.0,76.0485417811712
71.0,65.39152143854864
63.0,64.21849720958267
63.0,57.36051930924867
60.0,63.82240315404442
60.0,64.74587558714484
71.0,75.31062499055673
71.0,71.01895748831754
36.0,31.187754741084973
36.0,74.59035923547742
67.0,68.7490249784558
67.0,57.89259001916946
63.0,65.89608755501098
63.0,30.496158623825522
23.0,21.53196783309727
23.0,26.13947353644761
66.0,69.91026553092269
66.0,40.82813083321855
33.0,25.483955154578325
33.0,54.589420766560295
74.0,81.69025760633394
74.0,87.42640352412462
71.0,77.0921402551773
71.0,79.23911824257323
48.0,51.597198232728886
48.0,71.57945726600019
63.0,66.05547296896117
63.0,75.79297851890084
42.0,46.11357800502651
42.0,22.45868399369448
75.0,80.40373248893962
75.0,56.406675467012974
50.0,51.49640474717933
50.0,50.546692507487535
62.0,66.65636706805287
62.0,68.31138201055757
68.0,76.68065704933508
68.0,63.20015396318598
44.0,44.173071347729945
44.0,39.471668370185284
50.0,50.78521208502747
50.0,59.10651014521011
15.0,16.345686729083297
15.0,73.14895672555872
62.0,62.075654211512756
62.0,70.87196214509925
60.0,66.71216398096055
60.0,82.60988004608271
69.0,73.99223534616777
69.0,26.871450475877566
29.0,26.115967835376352
29.0,74.45705058878747
65.0,67.57938462619245
65.0,59.91594403122946
79.0,84.92491693987802
79.0,64.8106825532804
72.0,75.99730327996815
72.0,72.37852169402976
69.0,73.58831190573613
69.0,49.0185999433329
60.0,62.04553688581399
60.0,48.962995493181495
50.0,44.30129511734111
50.0,75.83240733662245
74.0,77.58550829043043
74.0,70.18009530778465
48.0,47.25806759030223
48.0,69.57335077327457
78.0,84.02331073362382
78.0,25.22510961353828
62.0,61.4080992664031
62.0,38.61529519426671
69.0,78.24168831552328
69.0,66.28528640015548
74.0,80.0179070497436
74.0,75.30070947731588
36.0,36.135424055673354
36.0,32.8799509847546
34.0,40.73420143100441
34.0,73.01050494945548
70.0,76.34896578804262
70.0,57.539466669342005
59.0,63.077359825511394
59.0,79.93069416614458
65.0,69.99224388040983
65.0,79.49692255908423
46.0,45.27242311410595
46.0,78.46671249794673
53.0,61.23425850305773
53.0,81.79891215582688
60.0,59.004221453966295
60.0,74.66173556134106
46.0,42.92227860698779
46.0,60.2029248341006
71.0,75.10842829159589
71.0,66.28626019494891
63.0,68.2471830147386
63.0,30.520170017635223
39.0,36.88240830419386
39.0,73.33641170177918
26.0,19.950763003646898
26.0,53.05686932252155
70.0,75.66396285875123
70.0,81.57915469731228
68.0,72.64450499602219
68.0,64.46641481490349
35.0,39.81962777542128
35.0,83.40640965552456
69.0,72.6631267162582
69.0,60.57219697076056
23.0,11.564089190940592
23.0,47.629090864556986
75.0,81.31587129060767
75.0,69.27702411305455
43.0,44.107923173209485
43.0,58.66950760043238
73.0,78.88932736516199
73.0,82.28496232527061
77.0,82.09131800387337
77.0,60.74993744296006
66.0,70.14670445316301
66.0,62.07419686051338
71.0,72.91084168933583
71.0,50.85205917926078
39.0,33.46559670912916
39.0,82.7126839359268
72.0,77.18256917110011
72.0,83.63619367941425
58.0,62.28513745936516
58.0,81.85900529842428
75.0,84.9632636532566
75.0,64.51648243908818
54.0,54.10412815022073
54.0,81.07902713675253
34.0,34.744062516058875
34.0,81.37871149157218
68.0,70.07525426470164
68.0,84.44317368125263
71.0,74.33841239017153
71.0,64.36377330655887
61.0,61.67404859109121
61.0,65.37530727859013
67.0,70.71710564579945
67.0,82.84523304435498
65.0,72.2266437048134
65.0,71.82416131807798
65.0,72.40252004980857
65.0,80.61935470257441
31.0,34.578970530813024
31.0,68.03532146682909
70.0,77.10847051365329
70.0,81.71182692336924
38.0,34.73511939655691
38.0,40.18227354001925
49.0,47.504278287292266
49.0,79.66295592576523
71.0,76.45700626604395
71.0,65.9295200987782
65.0,69.38706153303178
65.0,36.44064398078507
44.0,46.412816064302206
44.0,52.484619794684306
68.0,76.45784276451582
68.0,62.40983661362583
40.0,43.08622819162895
40.0,38.140866445394124
20.0,7.958882138326146
20.0,78.3597269343876
31.0,28.40801050721052
31.0,73.88607907495867
65.0,66.7003773433517
65.0,40.74131712804024
66.0,68.52722747401458
66.0,80.79405296464694
73.0,79.83590066011931
73.0,35.76099225096192
49.0,51.768181170274545
49.0,71.70847234161408
40.0,32.99866672093282
40.0,64.07809862304356
63.0,63.93301721490269
63.0,37.61283650225397
77.0,83.2408823022347
77.0,78.5658618992
43.0,43.81552952083831
43.0,69.92086044289601
35.0,38.33402797327062
35.0,66.99020844978958
63.0,67.25577990411125
63.0,76.80285756264368
83.0,89.09875306393968
83.0,42.97439832205998
75.0,82.00980015285177
75.0,82.69085390964119
32.0,35.35001929603959
32.0,84.32039925358742
67.0,73.06250678670409
67.0,73.44708907025728
63.0,68.91746975372854
63.0,76.13225045721265
47.0,44.535204178498304
47.0,74.12651225148971
56.0,57.30739489706235
56.0,63.156583839301334
36.0,33.912823832303275
36.0,55.55577965268708
67.0,69.34624201156737
67.0,65.22417638086444
70.0,78.04504736275481
70.0,75.75017460788263
53.0,56.213761856326244
53.0,82.2087555645341
66.0,70.75611788182363
66.0,82.31272664058275
43.0,40.26607450797502
43.0,63.58951426391832
68.0,75.49879922634761
68.0,45.23212388140513
73.0,75.09922970199324
73.0,78.78818389517738
61.0,64.0037990339219
61.0,53.33615785599534
56.0,52.536224995141595
56.0,75.97276621268077
57.0,56.883167328828165
57.0,74.4006002338308
71.0,78.04588252132322
71.0,77.82177086469085
66.0,70.32236067090605
66.0,31.28378635698374
55.0,57.58735966448165
55.0,51.24358586137538
59.0,61.164412936752285
59.0,72.21700415166151
27.0,21.026073632063117
27.0,77.84312497233299
62.0,64.43869023993432
62.0,7.414496048476508
60.0,60.55944253953413
60.0,64.3508976230309
53.0,50.245924768262455
53.0,64.51312426689339
61.0,65.28234543041026
61.0,71.32409494760333
61.0,65.16922611123806
61.0,54.819450649431474
71.0,74.02291701721072
71.0,59.809900220975976
53.0,54.534914932970025
53.0,90.66846276931864
46.0,55.9250395034984
46.0,81.8006752734533
52.0,56.82578094452299
52.0,54.50357282558764
62.0,67.92817410114355
62.0,45.526307294756066
43.0,37.703318946415834
43.0,69.1419346384368
66.0,73.35155606095145
66.0,76.60056323209267
74.0,82.70570155518851
74.0,71.78530819418427
70.0,78.23867490592886
70.0,37.91322367091357
69.0,70.0120109908421
69.0,53.538989115265565
71.0,72.72923192302602
71.0,79.58049144388792
33.0,32.1338511572074
33.0,84.49313068008115
64.0,66.59191958380222
64.0,81.0626751445522
62.0,69.0568141821409
62.0,76.19268994228185
59.0,60.410329700144075
59.0,70.23158266612614
22.0,25.77492835665811
22.0,65.54599719208647
61.0,66.75423659115609
61.0,79.36478761671913
41.0,30.510345993838712
41.0,76.0580064712617
50.0,49.88849393712178
50.0,44.33513613120044
70.0,76.86752464422835
70.0,34.82509673410112
73.0,80.31082242320429
73.0,62.425448908743704
69.0,75.26062469027755
69.0,80.52205211849139
66.0,66.01858019480682
66.0,72.03455206934137
53.0,54.669376451381765
53.0,79.20806297434484
27.0,17.59743053479957
27.0,56.67604239630805
62.0,65.8499815488853
62.0,38.75992084565115
69.0,76.13781867543264
69.0,71.04625783665324
71.0,78.02846554344546
71.0,86.39955119480175
65.0,68.38878949037377
65.0,62.48450691440104
67.0,71.93167970647067
67.0,65.12118535869666
36.0,34.830737531772115
36.0,75.93953218442539
35.0,31.08546454271101
35.0,44.9621843573899
56.0,61.24255278255845
56.0,63.4600645303712
48.0,43.972924690116656
48.0,54.582861476260405
73.0,77.49463240715772
73.0,57.13560190342338
69.0,72.17104534213883
69.0,89.78908055901599
45.0,48.318189311631045
45.0,36.23837082691409
70.0,75.21896838242424
70.0,67.48501384826312
73.0,80.36436253676311
73.0,62.16525374477146
35.0,34.705203330351935
35.0,37.12484383389403
33.0,37.7647052603682
33.0,78.07514591456857
73.0,77.48358597633592
73.0,78.83405068857496
62.0,63.564868700018735
62.0,68.40361048710258
32.0,35.825748920228534
32.0,52.04234588408082
79.0,84.52440408592668
79.0,85.56591545767725
66.0,72.64045733244296
66.0,67.6821050172532
33.0,25.57736937453467
33.0,64.10770993102722
68.0,76.262129094388
68.0,19.571260777237853
43.0,37.41790439514307
43.0,13.283099319382757
64.0,67.74052911855807
64.0,78.04138985519467
43.0,38.98724432004951
43.0,66.44348055816602
46.0,44.61060093531461
46.0,86.99360665215823
52.0,54.12261566582907
52.0,7.121929172418561
72.0,81.07092581279966
72.0,62.61305024929288
66.0,71.89627697132113
66.0,57.81795723619399
49.0,52.35570957835023
49.0,59.27315052483698
67.0,69.91699358995317
67.0,59.747436770917375
62.0,63.72446144115736
62.0,70.98460234623246
67.0,72.39861558443505
67.0,51.92582276646317
70.0,78.61450447857248
70.0,56.763397691390594
44.0,41.66508775542735
44.0,67.6476548084753
67.0,68.94534008298274
67.0,55.22129394090132
68.0,72.57055479786277
68.0,50.58169027220106
75.0,81.04936504779937
75.0,79.10403665209293
38.0,33.098495137114185
38.0,75.67737197121716
59.0,65.71326892484342
59.0,70.73224056787609
61.0,67.0224719542503
61.0,61.47330854478497
64.0,66.33571060232373
64.0,57.029242551053926
63.0,65.46057995674465
63.0,52.39083223951144
49.0,50.6802908635039
49.0,78.46477707316961
60.0,67.4631562858687
60.0,39.93454051985145
59.0,61.090585303423325
59.0,87.40467127067603
45.0,45.658081991783604
45.0,49.76367851123916
48.0,45.585088064970535
48.0,67.58490888542445
72.0,76.1404378891545
72.0,74.89322432983704
30.0,26.260796401151595
30.0,35.32092011364318
71.0,75.79200157994859
71.0,22.216328244824126
57.0,64.29462430279807
57.0,66.3551068759815
61.0,62.749446344025614
61.0,62.37607505560203
61.0,60.504397567808894
61.0,56.551648798952044
33.0,32.1338511572074
33.0,44.7681328547377
50.0,54.57623176018399
50.0,69.21893631151238
71.0,77.9412188185342
71.0,75.1684399122492
68.0,73.09219265541952
68.0,86.22228755400039
63.0,66.7283135776322
63.0,73.11147853298172
21.0,13.341552120834308
21.0,70.80262520289153
40.0,36.212877494181384
40.0,42.880479169610965
63.0,66.98190002426207
63.0,66.93216680267238
44.0,42.51685153446556
44.0,66.88236910109754
57.0,56.02129640663679
57.0,23.168341398262328
36.0,35.86217073037341
36.0,78.28168963364755
51.0,55.82796591322176
51.0,30.11603124068762
84.0,93.03449624864697
84.0,86.7344522762026
11.0,12.09593560160613
11.0,61.103975062112795
41.0,38.03599751131571
41.0,44.2901078273494
72.0,75.69945957836785
72.0,75.77026447199648
70.0,72.9283646661616
70.0,40.59314930414149
74.0,79.09303437963905
74.0,84.92853852487889
73.0,79.54653972979332
73.0,74.05530791941453
64.0,66.2038784875134
64.0,82.17340327282221
64.0,65.66388075338159
64.0,74.44655072107201
27.0,13.831293966954945
27.0,72.70885005045602
68.0,72.24171346129992
68.0,74.10738157219095
52.0,50.930810039755045
52.0,75.941700055132
54.0,56.43496506848044
54.0,84.01554054584011
65.0,68.82742140844624
65.0,46.211431611520595
59.0,62.49776431268458
59.0,79.4742089775728
37.0,33.24670860605636
37.0,81.55471233176758
70.0,77.09729618167142
70.0,84.58136412031104
38.0,40.68168501834219
38.0,75.79833129329921
72.0,77.89793347926985
72.0,81.75647342294081
81.0,88.80874535509128
81.0,67.17216240702993
27.0,19.668253002974495
27.0,71.02092487194943
59.0,59.19084732865656
59.0,60.96381715817341
68.0,72.29630068578422
68.0,64.74890208716596
72.0,77.5540635439641
72.0,62.58128048425408
80.0,89.53821949802028
80.0,58.87571550174215
66.0,70.17952457130815
66.0,73.61053121955649
52.0,52.290074775900564
52.0,80.72404511232293
44.0,45.31037371508364
44.0,55.69865436199564
55.0,54.20795285674842
55.0,68.69129604059066
71.0,75.93904001836188
71.0,54.54105414419308
55.0,58.14448491824379
55.0,64.49660590419217
60.0,62.59166618448478
60.0,37.06038670385277
45.0,42.86384768350803
45.0,76.04144544928818
72.0,80.83843962146506
72.0,74.75131861460943
65.0,69.95456746786772
65.0,65.89916612110125
69.0,73.90342731290997
69.0,56.775159341158826
63.0,68.10049577336179
63.0,70.16993102699763
71.0,76.94608680418094
71.0,54.870367829637246
54.0,58.41231790932591
54.0,47.31981115891381
67.0,72.36750697711904
67.0,59.05197447644565
69.0,76.16729795861602
69.0,19.974692370148205
59.0,66.53159598491828
59.0,38.79720998929116
71.0,75.23566160208009
71.0,58.14448491824379
58.0,55.24774412000511
58.0,44.817269698637574
80.0,89.40698869601465
80.0,80.05616272910731
65.0,67.6931066897535
65.0,40.618333621993656
63.0,57.345955890316986
63.0,34.60728973669842
60.0,66.5898407984713
60.0,76.1158202551531
71.0,77.24525586362915
71.0,63.68911630571131
66.0,73.13170661737519
66.0,36.69205323850218
82.0,90.829746649931
82.0,67.24811262583961
56.0,55.89977845250115
56.0,60.52521266770691
68.0,72.82648160832304
68.0,47.45004484056756
69.0,77.57935573023803
69.0,66.57163156460439
19.0,24.42735764559461
19.0,40.14078956296612
56.0,55.7400991149417
56.0,61.403453889478385
63.0,68.86000240852275
63.0,33.89181969422333
65.0,71.77413659578536
65.0,55.78897724621163
74.0,82.52859591719374
74.0,73.9113467336905
63.0,67.88847089006498
63.0,83.49726373057831
63.0,65.50865655175005
63.0,43.77675030826367
70.0,76.99713860858054
70.0,69.08873936389682
60.0,62.40983661362583
60.0,29.183333875135986
66.0,69.54606300664562
66.0,74.12346020415981
69.0,72.92926518690774
69.0,31.730815463649378
46.0,48.47215274540628
46.0,17.814703713112124
68.0,71.24814662422153
68.0,75.27842062470967
86.0,93.4326212663052
86.0,49.9559476856943
30.0,24.32615002154921
30.0,67.6660927206687
67.0,70.86804694913405
67.0,47.257932400292134
45.0,50.2401207518231
45.0,59.36976793469637
53.0,50.943290054599174
53.0,39.59751260633806
73.0,79.52472799784465
73.0,76.2600038664009
57.0,59.12000329984295
57.0,76.29745689935385
36.0,33.36722565409457
36.0,58.929554781760714
46.0,47.97331559175592
46.0,59.801862937964415
64.0,65.52006272422494
64.0,53.88234772879298
56.0,60.600424313063
56.0,79.51674382747433
81.0,88.34496006015638
81.0,56.84289329795445
60.0,64.73098755636676
60.0,57.5946297136486
60.0,64.65940702521738
60.0,64.22130743556164
75.0,80.97216338757426
75.0,72.0303220609872
56.0,58.69030724297659
56.0,68.12137810666474
75.0,80.22706590732975
75.0,61.28781662840993
71.0,75.89746440326059
71.0,70.33325821693916
67.0,69.29064554329182
67.0,9.79499152395806
70.0,72.53723199319307
70.0,69.80008530459389
59.0,62.42781410549412
59.0,72.65813055721367
72.0,76.83589202511462
72.0,72.72002428191587
70.0,74.494438661358
70.0,8.427107573745957
52.0,56.75699543663234
52.0,65.24802042644501
73.0,79.55863420063628
73.0,47.61244992965351
70.0,75.74569942122037
70.0,79.36088840955125
66.0,71.22306164149569
66.0,62.50550597676522
27.0,22.372538449085994
27.0,75.41337395294238
73.0,79.22925111714187
73.0,57.67092670141875
41.0,40.6788502652397
41.0,86.04164977990621
71.0,75.92116614876966
71.0,53.56981434724264
31.0,29.6900934172387
31.0,81.97092472899806
56.0,56.12960391978464
56.0,38.12585072623335
44.0,40.35457159702412
44.0,71.43860834670835
50.0,53.244555069253295
50.0,76.84552863638834
42.0,41.98698945859047
42.0,60.53635457698988
70.0,70.82215221969085
70.0,63.72824406509881
69.0,73.68659367890785
69.0,60.39790223961444
68.0,70.13007782898268
68.0,65.0684056895862
32.0,27.2323448022986
32.0,33.66297003670212
72.0,77.7275560702891
72.0,75.25491540702967
69.0,75.32955308061844
69.0,55.53733400037464
62.0,63.03293998222097
62.0,60.61567148980254
78.0,85.47049212052463
78.0,43.577186893157034
34.0,29.336339702429598
34.0,33.491650133690825
77.0,84.68374874368743
77.0,58.21680587951289
47.0,48.395175832241364
47.0,64.52064718658676
73.0,81.18245884456923
73.0,54.30456278133295
65.0,70.12205784051827
65.0,47.3062714870706
70.0,74.71271890000128
70.0,75.11060012327334
71.0,74.79861878291592
71.0,59.253566205571815
45.0,46.24188164863335
45.0,74.99002782192741
46.0,50.28132712012274
46.0,66.8191041439315
57.0,62.86886337240679
57.0,90.60139293880974
50.0,50.15151600123596
50.0,62.11348443904245
47.0,47.87974797245079
47.0,43.772329748359596
79.0,88.64737924720623
79.0,68.75858643155453
44.0,41.98204715322885
44.0,3.8379155426557645
14.0,11.104748738328112
14.0,82.72923373487254
46.0,39.79917617395637
46.0,25.19690182373978
74.0,79.56852727988263
74.0,80.98647734099262
71.0,78.05810352238638
71.0,80.4413049301607
74.0,81.27321285351508
74.0,13.353508835691457
54.0,61.859721058070875
54.0,84.82784451128055
70.0,76.84179276111888
70.0,58.384472910142506
65.0,68.32326989397814
65.0,74.97345619092215
75.0,84.47774998848752
75.0,72.50368348391146
57.0,61.82362792476107
57.0,47.24813950373891
66.0,67.39511904086874
66.0,67.82392479837233
69.0,75.60837983540603
69.0,69.38192850231565
75.0,81.89460850855511
75.0,16.461007372816027
42.0,45.754319810500306
42.0,58.27117986899481
80.0,85.20589769770714
80.0,70.14910355185373
53.0,59.22880156888982
53.0,67.14399610821471
45.0,50.865531851117794
45.0,17.01817205367263
46.0,38.59000685543202
46.0,64.01170375622286
35.0,36.81191048482589
35.0,48.99853314249441
56.0,65.43065351631117
56.0,76.7886125809664
63.0,67.64175821792963
63.0,71.61543123216165
65.0,73.10646717417904
65.0,70.83473548537853
68.0,70.67980605041481
68.0,75.66399388298657
61.0,65.47107872633677
61.0,62.7051828384179
31.0,31.689542355247795
31.0,67.95209899453971
53.0,53.158385302799275
53.0,79.22134666610964
54.0,61.76463607761053
54.0,61.99410747818814
66.0,67.88746226660737
66.0,50.28967541841047
57.0,64.32906940093909
57.0,81.25622189945057
74.0,79.62769328365778
74.0,61.02440170409403
58.0,52.393090359331666
58.0,65.31776617010462
65.0,65.47599498535146
65.0,73.13195503149063
50.0,52.10546473838531
50.0,76.61199521805077
77.0,82.22751318897059
77.0,32.299538948904
66.0,71.04252635576597
66.0,59.90133500542447
52.0,49.08266786583482
52.0,58.521020571632846
62.0,67.46541633832766
62.0,18.9466834701729
44.0,42.882577580860755
44.0,5.170239472998617
68.0,75.67772745622904
68.0,75.09052173170693
72.0,78.76203328896389
72.0,40.350621984706606
70.0,72.13039963595725
70.0,73.2148511829443
38.0,31.74970009531046
38.0,64.24477019321597
56.0,53.504690711448745
56.0,41.756051021158214
50.0,53.778806763035675
50.0,64.86681878685022
67.0,67.22292097121192
67.0,68.71225356826557
53.0,59.353930450153086
53.0,77.47693741474603
31.0,32.24625309134524
31.0,89.30801004601756
73.0,77.46451888861054
73.0,57.3731660964209
63.0,66.24851193683537
63.0,74.25576181442312
61.0,63.73409021443575
61.0,59.61983477358535
35.0,32.9565788439773
35.0,57.93689858570025
64.0,64.690456716683
64.0,73.10197434622853
58.0,59.73189405605626
58.0,73.82966966338398
64.0,63.68662310028287
64.0,10.016876326330646
53.0,53.683035325263745
53.0,29.44519969484736
32.0,23.2158496161407
32.0,59.662884394018874
53.0,54.96206818839943
53.0,46.82564356385484
54.0,55.572911212694976
54.0,48.15230075309722
33.0,31.482376700825057
33.0,81.97287497130475
63.0,68.35305427663258
63.0,78.60054067408709
66.0,73.19347216126636
66.0,85.0831610023775
45.0,37.991107732440696
45.0,72.41830025253734
63.0,67.60044187424222
63.0,50.193663880894576
50.0,50.52032945546779
50.0,71.46497677119805
74.0,81.56800427317063
74.0,63.001563502709814
33.0,38.67550140807646
33.0,25.57736937453467
81.0,89.17387079495848
81.0,72.47157184614395
60.0,63.78130502485976
60.0,61.582871287858836
25.0,26.217507456672877
25.0,47.745706767327476
63.0,66.12860185463802
63.0,56.659066734734836
73.0,78.80303517440677
73.0,63.158375135286974
30.0,23.32693075915114
30.0,65.060322086177
71.0,78.08560190116049
71.0,71.28493998093342
31.0,30.314375928572986
31.0,77.28787239728462
28.0,33.27462946065981
28.0,68.3902510534628
20.0,4.601554954633912
20.0,77.30436384640666
80.0,85.19620144628232
80.0,56.898135242273554
65.0,67.898030282126
65.0,86.9636180028129
74.0,76.53788445677782
74.0,63.02922234590551
65.0,68.09971561893775
65.0,75.98234672371024
50.0,46.139497159673624
50.0,24.954193951969728
79.0,87.41050261706488
79.0,70.34957763075602
69.0,72.302455083447
69.0,65.29403918443404
58.0,64.1682910623827
58.0,77.9826838789914
57.0,60.86502751903561
57.0,7.588942442120754
68.0,73.39047146545971
68.0,73.84771832828187
61.0,64.43568594630887
61.0,83.22550024997031
65.0,67.9061315720142
65.0,64.71360918788031
78.0,85.91701721697996
78.0,51.98689748222631
32.0,27.41769743425897
32.0,46.545265215150664
48.0,48.935007983977584
48.0,58.82421167292796
66.0,72.76142992766461
66.0,34.84193558631489
65.0,65.74193873486195
65.0,64.59893579091107
63.0,69.39685416936294
63.0,40.66585650788937
56.0,59.56953522516807
56.0,12.68098090985012
59.0,59.85746556023287
59.0,82.19782745928916
51.0,48.06852709467836
51.0,71.2719597361571
59.0,66.0184560942381
59.0,69.55799356315691
23.0,13.71360330202998
23.0,71.6873111117323
61.0,64.64779014136866
61.0,78.29243366612593
66.0,69.3078991813058
66.0,37.16193018926316
53.0,55.48202650767121
53.0,85.26908289242573
62.0,65.92426596601018
62.0,47.13669272953092
12.0,5.340214191022312
12.0,72.75225227351399
53.0,58.98350860729511
53.0,45.48724887996099
73.0,79.5730265418976
73.0,64.31225886721728
52.0,48.7070919173384
52.0,63.59672833837112
74.0,80.2103947014586
74.0,67.69627214449758
25.0,11.010812140849964
25.0,76.5371796474775
75.0,83.26850055118342
75.0,66.51675486617609
73.0,82.990700933391
73.0,87.03899898339006
59.0,64.48997729175073
59.0,64.81228342958855
55.0,58.75079828406683
55.0,20.694960344786068
73.0,79.27566993995913
73.0,70.66307389239574
39.0,44.32849549462003
39.0,56.67348221002692
59.0,63.177050712093376
59.0,43.89404058437481
38.0,36.50367853868727
38.0,82.40504173239094
86.0,93.86569171078872
86.0,81.21733450255186
52.0,46.03022603680165
52.0,50.115149817480244
41.0,40.38223250648912
41.0,78.72057485817913
50.0,55.18975228194091
50.0,57.9773440300562
52.0,57.62008402573997
52.0,60.28655242147397
77.0,83.3147879979922
77.0,71.44682401357107
74.0,76.54505766922443
74.0,64.44368148842761
78.0,85.6256223536717
78.0,73.6221932991383
28.0,30.587679572600166
28.0,70.89908031933595
54.0,54.09075218264769
54.0,52.156487155219565
66.0,70.07831847508345
66.0,47.89252310787839
60.0,67.60411224445392
60.0,67.8132463122115
65.0,68.71498959619521
65.0,56.84598855457358
68.0,69.11918524509053
68.0,33.41409195344738
60.0,65.43077939087533
60.0,55.67791275649307
65.0,71.60685157544526
65.0,14.261221945997306
69.0,74.32343272340682
69.0,46.006081492914234
71.0,75.87871785082723
71.0,67.7677061210548
69.0,74.28725568841037
69.0,88.83903685779643
65.0,66.57589307817733
65.0,69.4222387952695
56.0,59.32206693033288
56.0,45.24080826334034
38.0,33.2677032107714
38.0,21.130971740455834
69.0,75.74262791327897
69.0,67.11168409867258
58.0,54.25893196154732
58.0,73.29097027564205
76.0,82.7869520055591
76.0,69.31118868902894
45.0,43.004253042716414
45.0,63.50079663753519
41.0,38.97287620101588
41.0,25.84739031661377
72.0,75.16730928084098
72.0,65.77597805301491
61.0,63.815455129044494
61.0,80.59884673031553
52.0,51.129125459289696
52.0,62.88432578050151
47.0,41.77755006223521
47.0,15.554935762240916
71.0,78.92061661051758
71.0,58.60762705328273
72.0,76.26787112049459
72.0,43.597689532049515
57.0,59.389003012311775
57.0,80.85323282643043
72.0,75.31431656067895
72.0,70.69273462149425
57.0,60.10069291258202
57.0,73.96375530616967
68.0,69.44020490951499
68.0,55.702277211220405
62.0,64.27624769294431
62.0,45.59344700941847
74.0,80.47950446344396
74.0,69.16875218032709
73.0,78.23879901901171
73.0,80.57713500310842
45.0,44.42595447807071
45.0,72.89370199501633
63.0,67.022732475424
63.0,30.191942795947682
63.0,71.06767235054667
63.0,69.97160037503869
65.0,66.85553241462645
65.0,72.78630599416778
43.0,38.98724432004951
43.0,75.54679300398772
43.0,46.019222754420184
43.0,74.52163288510718
72.0,78.51513455316109
72.0,56.21998770099111
73.0,77.86071383153234
73.0,72.83191099870328
69.0,72.38519081527238
69.0,52.00869253405841
64.0,67.83413303462874
64.0,83.75532546768949
73.0,79.34945220302666
73.0,28.07371349274922
49.0,52.49041723758182
49.0,65.25636500536461
62.0,70.21906712892928
62.0,28.69750510853936
48.0,48.16832678901295
48.0,73.16110500030123
52.0,59.544309230710326
52.0,75.97718825196034
57.0,58.929017146578644
57.0,80.10830060155041
55.0,55.09654530967009
55.0,71.38102440753192
43.0,42.75862341582666
43.0,70.63410225752875
39.0,29.091742372118404
39.0,73.79838270729698
79.0,85.77005592756473
79.0,87.53445377163484
58.0,59.36965028249
58.0,69.31022700064608
58.0,58.225647158919685
58.0,15.87390010500826
53.0,49.05437778281589
53.0,73.54753650706988
29.0,23.046139658626828
29.0,37.00781715576824
71.0,75.54917759267693
71.0,71.71078828944911
62.0,65.72017928950174
62.0,53.20195265140467
69.0,75.97254377311515
69.0,43.16171763610123
50.0,48.519089182835785
50.0,65.920796080326
79.0,87.59925402579495
79.0,48.046213618388094
64.0,65.18003175940112
64.0,85.40649738494574
74.0,82.19934289598433
74.0,51.430224954945174
75.0,81.47848919613222
75.0,67.91143354525917
22.0,27.789513086304567
22.0,46.49306545259594
57.0,56.65086276325127
57.0,39.6860456828731
65.0,69.35823538030292
65.0,74.3337873860296
76.0,86.10161926702654
76.0,55.7203899823092
70.0,73.74686839242793
70.0,16.252867402408583
79.0,87.32402487785737
79.0,35.968030888542614
64.0,67.05341591412508
64.0,34.227302379125376
67.0,73.45674412512528
67.0,64.58686020268505
51.0,47.531531875117025
51.0,64.55563488930187
24.0,20.03882336595501
24.0,33.64650192761354
64.0,67.295340365139
64.0,49.63386706826748
37.0,32.65250656033999
37.0,36.5584045026597
72.0,77.69255402510191
72.0,45.22221433354764
61.0,62.84330702599635
61.0,42.218989903743875
12.0,3.6381660749178764
12.0,79.10374382765258
79.0,85.29796829841627
79.0,73.1758484455047
77.0,81.94509866027096
77.0,66.05601336372575
35.0,39.43377696636048
35.0,71.43854592662126
38.0,36.438308774874486
38.0,63.3349676458966
60.0,63.153426189232675
60.0,33.83643389160039
57.0,59.57515638120941
57.0,90.53987365803158
52.0,56.17727350420478
52.0,69.01535980374916
69.0,73.15086080796141
69.0,77.99211195056341
65.0,70.92297266402113
65.0,71.62894314921135
73.0,79.39999427762473
73.0,78.52717073772067
48.0,52.385496646412264
48.0,41.12101434011646
76.0,83.83870971759774
76.0,76.03513113806588
21.0,10.596380707623155
21.0,80.74311946484227
74.0,80.22359698821725
74.0,76.32312122979653
58.0,61.53235948697517
58.0,71.23747931544364
81.0,88.07511333077838
81.0,72.14864226463175
65.0,73.11311002744395
65.0,51.06390561152398
69.0,70.11245567046717
69.0,62.894045431428026
69.0,76.46699698699115
69.0,36.94344148332448
59.0,55.10753225638791
59.0,27.68217622220658
35.0,35.6961572405653
35.0,65.90480988277125
35.0,31.111958808535576
35.0,25.196213216206843
68.0,73.47363544282678
68.0,68.55021119017943
68.0,71.9337470172697
68.0,22.476518669176585
63.0,69.2022973917845
63.0,53.26250074125289
51.0,58.99504836536556
51.0,78.31410922292974
72.0,80.78553466906936
72.0,51.78578533051996
61.0,63.911370496944414
61.0,14.803006868681564
50.0,46.010062061484916
50.0,74.4004265453172
26.0,18.275680453744258
26.0,37.45841558091399
70.0,71.69506506163708
70.0,60.455543502608975
58.0,61.713748234227296
58.0,77.45910854053568
57.0,61.02852494071959
57.0,87.91569164484895
79.0,87.67437115694213
79.0,39.954551941340014
62.0,63.91684728133254
62.0,90.32882132228286
61.0,65.80042964406954
61.0,61.82642110704205
79.0,85.28228096787598
79.0,64.05649166087778
65.0,65.6550765590016
65.0,37.49710627007147
57.0,62.161646186163296
57.0,59.929155600245
58.0,55.22292946846716
58.0,50.83283140137058
64.0,66.84732645271464
64.0,67.48501384826312
59.0,63.23427588496554
59.0,51.916480738524285
78.0,84.11696303989282
78.0,36.94499131655448
65.0,67.29439643273878
65.0,77.01024866372882
75.0,78.76452561293712
75.0,80.02092090149631
70.0,78.25543286645114
70.0,53.85917516618355
58.0,61.397445195952116
58.0,81.68024759697437
59.0,63.91276854517622
59.0,69.47831322032272
79.0,86.73361158950951
79.0,50.5434024590794
43.0,42.754129160144885
43.0,67.09617178603787
76.0,81.42171959172629
76.0,11.89731421566671
48.0,53.91088904475538
48.0,72.73768804008876
74.0,79.05021666078551
74.0,78.52830423628632
80.0,85.58504234618647
80.0,83.3861369125375
54.0,52.225161903804576
54.0,72.09147786695354
63.0,71.6511494042415
63.0,39.707471141187455
41.0,33.47595948240337
41.0,64.13341669180289
57.0,61.41121136139708
57.0,0.9902671911700054
51.0,50.94039516270004
51.0,57.489728407405494
64.0,72.53200284921769
64.0,85.20587118462066
77.0,83.45807937285656
77.0,40.98210799100417
74.0,80.04828986691126
74.0,55.3517386089535
61.0,62.56991123910376
61.0,60.01031777019392
69.0,74.38439015465724
69.0,33.9112053659581
69.0,70.70838445219306
69.0,65.85462926832355
68.0,72.59810950119561
68.0,42.523014009900066
57.0,61.86113867346228
57.0,84.78101736876152
64.0,68.77040817991463
64.0,79.1687288343137
86.0,92.19700654627434
86.0,41.24041231926708
81.0,86.57229705467739
81.0,48.770825557858416
81.0,88.49919170624446
81.0,70.79396433092472
41.0,44.950766795053255
41.0,36.2143659107511
68.0,70.38311184139621
68.0,48.583071987753726
60.0,60.33577673142577
60.0,43.20572118652257
33.0,27.842135079968386
33.0,65.13085261372754
75.0,80.93977297259278
75.0,63.24986423475866
74.0,80.91452433705791
74.0,79.48411102985676
62.0,70.92199368343836
62.0,74.30754395617254
63.0,68.20722403427385
63.0,74.64364371909909
28.0,28.540544037272582
28.0,57.225446967213486
70.0,72.72618925551058
70.0,75.06994216911886
75.0,81.007644408918
75.0,72.94802220143816
72.0,79.40003873440503
72.0,63.87641770925052
16.0,5.696190947399032
16.0,76.86081091011675
43.0,38.647449144550194
43.0,82.77003321201158
60.0,62.67306430163126
60.0,40.73420143100441
56.0,60.17631704551718
56.0,87.85881860355215
31.0,27.113521507000883
31.0,83.51921204257803
63.0,70.38707516756415
63.0,44.37729617688615
23.0,15.863836994922906
23.0,64.00882976080533
53.0,54.99141552953694
53.0,54.725172793518425
70.0,76.59707671978799
70.0,65.46714973156134
54.0,55.411785967339256
54.0,46.15376585042827
60.0,61.00840509829732
60.0,81.4926512968604
61.0,60.6863966010161
61.0,55.24104779362494
38.0,32.95174571137835
38.0,57.88579017763044
35.0,32.772380615095415
35.0,77.78877347665531
67.0,71.46018759260295
67.0,41.201956109797095
63.0,67.47199836565233
63.0,63.05241829958322
29.0,29.343903459894193
29.0,91.34671978001222
66.0,70.07127605918578
66.0,70.06577776676806
65.0,70.12495208892364
65.0,89.73453777236398
58.0,59.14721768553784
58.0,43.26221677544936
24.0,27.494048788555517
24.0,33.6226596335992
76.0,85.43694418659413
76.0,65.72042929604578
37.0,33.279983061848554
37.0,49.28487367698244
78.0,85.18733833835006
78.0,82.05285203794364
71.0,77.2630050841783
71.0,46.615122839066544
74.0,80.72546386304816
74.0,56.17747613677585
68.0,74.47473497500471
68.0,71.39825978144592
23.0,24.417439307292625
23.0,63.43833556714975
36.0,35.696751861117946
36.0,74.83632706578396
81.0,87.0621333342981
81.0,79.29462981577853
42.0,37.94844034542717
42.0,69.67944071903167
60.0,61.19883719363327
60.0,24.41034422469727
49.0,43.05641492237447
49.0,58.28123591887578
31.0,32.260929270588576
31.0,41.8524212756592
66.0,69.0262178377069
66.0,80.54697538141858
71.0,76.52660183016667
71.0,75.92533262911377
76.0,83.02075053977302
76.0,62.28851392194133
44.0,39.27522837055233
44.0,78.40685483838348
61.0,62.06560504496173
61.0,56.127553978683295
69.0,71.54948455680403
69.0,58.80291919093628
50.0,48.16854266356131
50.0,56.98702847312262
64.0,72.73464804687234
64.0,33.221519632834315
72.0,78.14350886129762
72.0,84.86804410532869
76.0,80.61661628139382
76.0,20.13015700013068
67.0,70.35171682590902
67.0,76.83431252705589
68.0,71.93205297891234
68.0,73.58133235820867
67.0,72.8876037342879
67.0,63.19480742242132
61.0,66.97556524247858
61.0,72.67699545190078
66.0,72.54761976431081
66.0,76.39402869947577
64.0,66.08660242563724
64.0,47.85831102968666
66.0,67.64110972936578
66.0,58.5394300287677
82.0,90.60630953432337
82.0,74.91649993198592
63.0,69.20409179227715
63.0,11.64911680613585
52.0,45.9183949753446
52.0,82.38392052294171
68.0,69.89826046012581
68.0,73.66796502170808
75.0,80.56932359830239
75.0,71.7782560484651
68.0,76.1474018600257
68.0,69.97504887665013
72.0,82.04602019245391
72.0,72.29717959690595
60.0,62.45985114776647
60.0,53.438132961548206
79.0,84.67728891112233
79.0,64.4139615499642
55.0,58.66261591748366
55.0,57.01280762721035
36.0,32.956223561265745
36.0,61.9578357949585
76.0,79.45312207696105
76.0,41.478642322359406
73.0,77.68929998244602
73.0,23.301752149991557
74.0,80.38469993993851
74.0,69.43995213686333
61.0,60.271492581217785
61.0,64.46972126943922
65.0,72.17877505478936
65.0,76.35867867821628
57.0,57.26017906216725
57.0,75.35847447066732
50.0,47.54816446335644
50.0,72.9672408826217
66.0,69.61170261542713
66.0,78.146190227641
49.0,52.683595089257096
49.0,27.829617351681975
63.0,70.11888416150197
63.0,73.29910654305553
44.0,46.396486423306555
44.0,66.67848252440439
58.0,55.620331170758504
58.0,64.56314793183248
18.0,9.8426042970965
18.0,76.47983545222849
81.0,86.27221950174612
81.0,14.873404033237819
68.0,76.6245084882072
68.0,71.73080041053043
63.0,65.34390798298637
63.0,58.16204433563058
59.0,61.212819751126005
59.0,69.41183363764895
78.0,80.95004015722009
78.0,61.15514175372027
43.0,45.256724735087744
43.0,65.95675987526414
73.0,76.74162302931848
73.0,77.4946453045581
71.0,79.28602861720168
71.0,56.352694235379715
51.0,49.33140678834417
51.0,14.72299732724025
70.0,75.2416098264602
70.0,75.24024637277546
61.0,61.670282166603045
61.0,70.94749883780861
82.0,87.44846417694708
82.0,89.60573232959132
63.0,68.00844891792616
63.0,84.38851984068378
65.0,66.20868171116769
65.0,80.55705791571262
68.0,71.89719393693025
68.0,62.00921680206568
64.0,67.1661818605603
64.0,75.1281377800251
63.0,66.36459591034304
63.0,83.37031110460674
61.0,62.93507651626783
61.0,61.48464224944473
49.0,43.13591573192679
49.0,76.57152652100899
23.0,29.1334746796137
23.0,76.19592227635621
71.0,78.8784240780717
71.0,66.23119870796711
54.0,56.450721377638274
54.0,59.668911062979475
75.0,80.9767978642804
75.0,72.6758215126759
64.0,70.34870982670725
64.0,86.21406993271563
70.0,73.5945861952797
70.0,76.22654688134566
28.0,23.370132881765926
28.0,75.74419731022493
72.0,77.94140308453728
72.0,16.94397311564819
46.0,48.09869012854563
46.0,65.00171392562783
66.0,71.52613304583457
66.0,70.22904191951238
68.0,72.80479692814532
68.0,61.168412059002435
68.0,68.32932513209352
68.0,65.91619484438985
62.0,64.2104422667606
62.0,71.22781434936917
55.0,61.27116533658153
55.0,52.560097850403224
66.0,72.46429615783245
66.0,82.85977243389499
13.0,4.732263068607665
13.0,59.24052633596682
81.0,88.13210353285734
81.0,53.32334305440497
73.0,78.670423849114
73.0,89.63107732093897
60.0,63.188705916919105
60.0,70.75886618956969
75.0,82.50305331031063
75.0,54.90868307313082
66.0,70.98909303186969
66.0,76.77460253583598
56.0,61.294988447288745
56.0,91.05360824460047
54.0,50.94284320560075
54.0,73.33119411758014
62.0,65.71755892052664
62.0,74.58459526531874
78.0,84.02937719060282
78.0,58.08414581852429
67.0,71.23433686025322
67.0,70.43037411217142
71.0,75.2287019101712
71.0,85.7668854367929
70.0,79.88873572731615
70.0,55.07109991768402
82.0,89.957728183411
82.0,47.798472429853234
70.0,76.7063622313778
70.0,45.39133265692749
57.0,61.035631104851916
57.0,57.83090607420013
54.0,60.4665618634852
54.0,74.98029771269353
55.0,51.250286988345295
55.0,78.31738032562163
39.0,37.478174714234285
39.0,71.81063670199137
65.0,68.3253380857318
65.0,63.970949279622346
51.0,53.919473018915994
51.0,80.16192568326483
84.0,87.86190943831963
84.0,47.370464465662224
60.0,64.0278781775504
60.0,72.80607220602911
53.0,53.88648510413299
53.0,66.35382051662913
74.0,83.99168731898106
74.0,73.19579329459555
77.0,83.56911125535049
77.0,70.4684063598815
19.0,14.208766775822028
19.0,9.615010104172939
63.0,68.13034035129738
63.0,69.73039074290165
49.0,45.89821854791313
49.0,52.040118384320124
71.0,73.47996855400174
71.0,63.458314904271276
71.0,76.41814873051231
71.0,52.46241423210171
66.0,72.22100362223915
66.0,22.407916176753872
46.0,38.17351665678956
46.0,73.2521141350689
22.0,5.67870877057544
22.0,78.24593036080256
52.0,56.160958642057835
52.0,76.27247447631873
79.0,84.18004769785011
79.0,70.70816177882432
63.0,69.47462265169992
63.0,71.13803565109549
74.0,79.53948793308041
74.0,60.66582317654968
46.0,44.918357891890935
46.0,83.67097773963184
59.0,61.64823013270268
59.0,26.925681544163297
64.0,68.28372336761544
64.0,50.14346292497612
62.0,64.46431390606756
62.0,26.187206616462788
64.0,68.97513644562088
64.0,66.14702672553625
68.0,74.67233101546674
68.0,62.99536577100923
61.0,60.0163275113249
61.0,75.49172367861019
54.0,50.87514767580575
54.0,57.217830103545566
26.0,29.084278037453828
26.0,83.58977572779872
60.0,58.27108568592325
60.0,71.87019173096127
64.0,67.85771343183245
64.0,80.53011151468462
56.0,52.797554629519425
56.0,52.541367424671705
70.0,77.89916343798473
70.0,44.63851764590123
57.0,57.05566555062478
57.0,34.208765735521126
26.0,15.87390010500826
26.0,71.38498384856223
69.0,75.25729530148715
69.0,62.47133292931443
56.0,58.65921609512907
56.0,65.03596235320731
66.0,68.99475342119217
66.0,50.61700498206676
73.0,77.30658628122677
73.0,73.06529864271027
75.0,79.46947297515521
75.0,34.73511939655691
28.0,27.151296123977545
28.0,78.6817403233049
30.0,27.73399862814182
30.0,76.56300795894248
41.0,36.95704748906297
41.0,80.95382289318633
37.0,34.44445330090008
37.0,26.783019227984425
63.0,66.00242425304498
63.0,84.46493493458729
75.0,83.86396289528301
75.0,45.28416924858726
32.0,29.374147353499552
32.0,67.56854459572975
72.0,76.02008221287235
72.0,55.94413658718656
67.0,71.78834083975772
67.0,60.82481784008024
76.0,81.53261099754656
76.0,60.543332248677075
53.0,56.78182609660092
53.0,56.77480453166572
70.0,76.34073713106869
70.0,83.2310332100896
58.0,59.927963411539395
58.0,90.52718929890557
62.0,64.73130737970666
62.0,66.46868764104698
64.0,72.51564751800163
64.0,65.95590882677533
62.0,64.28118790705463
62.0,77.11848808243303
31.0,29.638294031903797
31.0,75.63542444168633
65.0,70.70150922643217
65.0,70.19659679357255
77.0,85.01966497313441
77.0,76.67245021617993
50.0,49.92699044583634
50.0,67.24720601490287
37.0,32.2697946568627
37.0,77.29351127908274
21.0,19.238961710315664
21.0,81.53263760401688
72.0,75.38651538153658
72.0,16.291826237838166
76.0,82.22433573767137
76.0,58.911185037256644
71.0,76.55516245691149
71.0,70.89365196570282
70.0,72.57177571037107
70.0,46.10894392404282
74.0,78.95925516530889
74.0,65.40066287296992
70.0,72.74695769260325
70.0,77.59209085693664
80.0,84.64757907645668
80.0,71.16378268530724
61.0,65.53851635008516
61.0,79.27169551859481
71.0,74.40133743862424
71.0,73.97741986425109
58.0,61.75282776537205
58.0,82.76364189450686
76.0,82.40134420593631
76.0,73.57448207973869
70.0,73.80509464043837
70.0,64.95914711812662
54.0,58.18615126437669
54.0,82.58616804469966
63.0,70.22650030060589
63.0,62.9285020964071
68.0,71.18175831057579
68.0,23.07690877805362
71.0,75.95862240453584
71.0,79.38302699105554
38.0,31.892383192795705
38.0,29.89759662991139
33.0,33.11964030696407
33.0,56.02445353191746
63.0,66.43249432349188
63.0,22.6581822601932
81.0,90.77595833230572
81.0,71.32998662529218
77.0,84.67751970868176
77.0,63.786146371223936
34.0,26.871450475877566
34.0,80.3883152424649
61.0,62.336947215720045
61.0,69.65932252402109
76.0,82.19096544824674
76.0,80.65444171882143
62.0,65.26910983021696
62.0,42.16883796937719
73.0,79.35802970560377
73.0,57.82643416829217
68.0,74.16903531241945
68.0,60.27333924034076
66.0,68.88809439383238
66.0,33.930819240681444
66.0,71.21711399626543
66.0,63.07127845311879
36.0,34.24823363232895
36.0,63.71648174742205
40.0,32.33254302750163
40.0,78.87527866211286
64.0,65.01928298994574
64.0,66.6084747347063
46.0,46.876009887667124
46.0,39.02436367220133
69.0,76.12905960448899
69.0,16.063039472210846
44.0,39.19248959176747
44.0,60.34574741291914
69.0,77.64610728112547
69.0,39.23763824541345
76.0,83.29068285054751
76.0,45.17096954450295
70.0,77.82150470507696
70.0,78.87645608148637
79.0,85.21913044270491
79.0,80.2118429324691
54.0,59.84481130834638
54.0,83.29998323896427
44.0,41.55172878113825
44.0,87.99798119799277
76.0,81.44850970178675
76.0,60.39631773024013
75.0,83.02047633183997
75.0,42.904736036507984
73.0,77.78335629436236
73.0,54.85722146878169
67.0,71.252561131498
67.0,45.96059309055738
55.0,56.43024418259955
55.0,42.240186128356015
70.0,74.97170682044901
70.0,42.94050947096076
43.0,40.62773174310365
43.0,44.21311645133113
68.0,74.48875483158605
68.0,87.39030786423831
33.0,31.310964102653372
33.0,64.7689442175755
71.0,77.41312220072052
71.0,77.75000987181022
42.0,37.41273588751591
42.0,52.84540418847257
55.0,57.80340856811034
55.0,50.47765982602607
53.0,53.10969440635574
53.0,58.74511783250949
58.0,61.98641259735717
58.0,42.1167923176144
65.0,68.57614291385727
65.0,69.09718962823217
48.0,49.94132260218498
48.0,52.939957384963066
63.0,66.0522947508884
63.0,38.69095221682096
54.0,49.70394084300358
54.0,79.81999434204596
58.0,59.529412027915896
58.0,77.50283025292521
67.0,73.48539820913447
67.0,67.71988083836817
53.0,54.71549861749986
53.0,60.19956116661092
72.0,76.27511858065714
72.0,64.03963830188621
43.0,45.55919890291784
43.0,56.256089477017895
65.0,68.99977438229564
65.0,36.85090292478992
49.0,50.16496067959048
49.0,58.927185415584574
62.0,67.15980280048473
62.0,64.69383175613166
49.0,46.99295241742499
49.0,13.341552120834308
64.0,69.3282788661354
64.0,73.22696070338532
74.0,79.64556181231944
74.0,44.68173894875781
68.0,75.00007667679108
68.0,79.90886086176971
71.0,74.37741278744693
71.0,76.05763376669819
36.0,30.663916928974572
36.0,60.70311502015335
62.0,66.23764029648908
62.0,74.41938096908865
61.0,62.72731982819124
61.0,38.62427059634757
57.0,60.1812595051382
57.0,51.15244330127314
62.0,64.98638202681315
62.0,67.36694669161255
65.0,71.27005103744494
65.0,34.821479574204375
64.0,71.8847536719021
64.0,72.35079193300311
71.0,77.50570021423562
71.0,74.12291148413868
64.0,69.60906280175328
64.0,60.88852894315329
36.0,30.444913428329926
36.0,96.84738784745178
46.0,46.69161991091926
46.0,68.01846781293813
60.0,58.28227322836432
60.0,76.30253048656635
67.0,68.90628785436354
67.0,73.22229108881243
78.0,83.76950311510058
78.0,78.29603610352899
52.0,53.194945757235246
52.0,77.01930747469959
67.0,72.58147380776114
67.0,48.12336823971094
48.0,46.37759984207389
48.0,74.69017643262112
61.0,66.69736592693556
61.0,78.88125981038758
71.0,72.80914215566901
71.0,76.33484363747112
59.0,61.5335999213828
59.0,65.49049368961329
56.0,60.95826794912267
56.0,61.68528026706315
37.0,32.65250656033999
37.0,74.54126156832274
67.0,69.44553333267214
67.0,49.90588616596159
52.0,52.24009754947019
52.0,61.184001832226784
70.0,75.03647480341334
70.0,74.15131572690711
70.0,76.61998264350444
70.0,4.341879386289577
74.0,79.4376890931012
74.0,57.491949354357075
37.0,39.59235406238025
37.0,86.9346884322137
76.0,81.77328860937388
76.0,68.43467089802778
58.0,57.3163437315219
58.0,71.4170652012478
50.0,53.898084166006186
50.0,66.22069157333084
67.0,73.40989397096797
67.0,71.46357417851021
52.0,56.91655271549729
52.0,55.954142783549685
28.0,12.103607147610148
28.0,37.066396575645
61.0,67.9859426466756
61.0,73.61482551161134
32.0,32.618992166232545
32.0,70.24061973501762
62.0,62.89477198318315
62.0,58.04151515352481
52.0,55.39167632808841
52.0,63.9793292914714
36.0,31.391239523920547
36.0,75.39883129811147
76.0,84.51226586179439
76.0,80.73160621680591
63.0,63.95111808253358
63.0,65.60258640326748
68.0,72.97659135834073
68.0,53.25790120815827
63.0,63.129195884388594
63.0,73.31746463499843
71.0,75.25581980240867
71.0,56.86470706354066
67.0,72.71642693364777
67.0,68.77313661564227
65.0,70.33800153572861
65.0,43.1852193403555
43.0,40.401219715632294
43.0,73.40429971824437
16.0,16.73326925375801
16.0,67.07532536677019
68.0,70.71643589609391
68.0,70.04514869339346
42.0,36.983274805900464
42.0,81.2275321805983
27.0,14.445321661748892
27.0,72.62838086368072
57.0,56.5172896453015
57.0,31.574060741882022
60.0,61.47931783629218
60.0,86.2039296718512
67.0,72.73388799623541
67.0,18.484813737379795
53.0,50.646274282445745
53.0,26.877062223095606
68.0,74.8355445169172
68.0,52.63868200758992
55.0,59.871411721108814
55.0,89.79520359179048
30.0,16.37898037222766
30.0,16.26266776565086
68.0,73.80135918153303
68.0,69.81076016217389
47.0,45.49977022746032
47.0,75.79290536354597
62.0,67.4461678014892
62.0,41.67486845651547
73.0,79.11391363195827
73.0,79.65665801011363
69.0,74.21987098762366
69.0,20.31754931774566
55.0,53.689916463693635
55.0,52.75652433593012
61.0,66.0857846707973
61.0,78.99656811428929
33.0,22.932204963178208
33.0,52.24036741580443
18.0,9.8426042970965
18.0,50.56237849144998
60.0,63.88833490140826
60.0,65.63761238669036
74.0,79.7820874629461
74.0,68.24973984053526
21.0,28.553911209921182
21.0,70.20199783041352
50.0,55.52517108450769
50.0,61.30202416347208
82.0,90.21492779768431
82.0,75.2980786541055
62.0,66.64286595118278
62.0,73.47262743188128
35.0,44.59313700112921
35.0,71.33780138962157
70.0,77.96858530131345
70.0,60.49161653080927
41.0,39.205475381365375
41.0,20.630694604189898
35.0,33.842172566128454
35.0,52.290074775900564
63.0,65.59393286561135
63.0,79.54268702784191
48.0,46.390354062603365
48.0,78.62137065390408
32.0,24.679588119125242
32.0,40.860434031903026
74.0,79.32228714929244
74.0,62.063230407219976
76.0,80.48362159859158
76.0,71.98453144802215
76.0,82.88529255666441
76.0,85.23029073971395
62.0,62.44080370663488
62.0,77.54591660063346
75.0,80.2046075488833
75.0,68.28807419300034
55.0,57.79528392792929
55.0,52.44614222614274
74.0,80.42893557411844
74.0,19.283613008747977
48.0,49.733301914408
48.0,79.2184397698141
70.0,75.65436744812644
70.0,76.43407904306508
33.0,31.74900807726158
33.0,61.10220616417672
69.0,77.88430011986395
69.0,64.35963631580182
28.0,17.57320328742594
28.0,62.189922339346595
69.0,74.91674438918909
69.0,66.13512223288097
46.0,50.76996029532211
46.0,71.18835692071997
72.0,73.32730045817141
72.0,57.076556827329966
70.0,76.1318895518425
70.0,66.73250725625411
38.0,30.310086187175614
38.0,78.32276556605893
47.0,42.92587412644514
47.0,30.992854189517004
66.0,65.28583245411295
66.0,84.17754285457733
39.0,28.88371968463082
39.0,70.72954928937042
72.0,80.99435374212635
72.0,75.91767818834171
40.0,39.59089551736213
40.0,72.72581692787986
77.0,81.82272116845877
77.0,67.03890084855027
25.0,27.184943088301452
25.0,63.683481810170804
77.0,85.78825671608257
77.0,76.16649895126437
67.0,72.42968766837174
67.0,85.89851234506159
40.0,33.07967240330913
40.0,78.85363985026021
66.0,68.06600791453849
66.0,71.44487556727131
77.0,83.94517194127616
77.0,43.986336109547096
62.0,70.45594159151409
62.0,57.134654049731694
77.0,84.69795214661946
77.0,45.925207060820185
64.0,67.54931281765846
64.0,73.40602710808116
72.0,76.57546502263187
72.0,74.03951177812542
38.0,28.373126538987947
38.0,70.05209044121295
41.0,36.87295837389678
41.0,75.10007249730188
66.0,67.1266481295558
66.0,55.307795373614056
76.0,80.93655314889628
76.0,23.530599171328276
33.0,27.406768925657616
33.0,82.50850550214807
62.0,66.76528965443543
62.0,62.389045932546196
49.0,46.21082878835563
49.0,82.04377242958208
54.0,57.82708923791722
54.0,67.75527327952324
52.0,55.07055888463884
52.0,69.17661983362115
71.0,79.4921807072289
71.0,92.61954970132393
46.0,46.866361831926156
46.0,84.08911189593005
67.0,73.42910735595507
67.0,74.83865339718471
78.0,85.2565506695629
78.0,32.37369089182624
76.0,85.64429667542493
76.0,71.55340418119556
67.0,73.20334332626163
67.0,51.04367890039504
68.0,72.48721282166349
68.0,83.66214005833166
40.0,36.39437792687443
40.0,84.8130438939587
70.0,78.37501443799704
70.0,59.15691709558001
46.0,50.632755345190844
46.0,75.38192374013329
40.0,38.14807376632018
40.0,58.50335850499539
75.0,82.37758443435911
75.0,73.22528816735672
69.0,74.31585029263243
69.0,71.82045345041962
60.0,64.0217280705553
60.0,12.452982149021068
54.0,50.35811337123221
54.0,48.75192314712939
56.0,59.773549009256044
56.0,30.030318425346877
63.0,70.169659262398
63.0,8.154187649755556
75.0,82.52595111513034
75.0,62.34223330692993
57.0,53.43006161334347
57.0,66.27133313092384
74.0,77.72745412773986
74.0,80.70230438423084
10.0,5.680661971676102
10.0,77.69288658247041
38.0,36.34638609456965
38.0,42.89448102474046
77.0,86.14516442583596
77.0,75.02802144351517
73.0,79.23706173094024
73.0,68.03880967881088
17.0,11.531745761381273
17.0,37.02615253393077
79.0,86.26246340432596
79.0,50.84125605874817
82.0,89.52784981150938
82.0,68.25695727992075
60.0,59.909505538551116
60.0,84.94802564374197
77.0,79.69539245569308
77.0,72.38173006278964
73.0,79.82844163003506
73.0,47.81087481685677
72.0,82.18849333248488
72.0,76.16172070231596
72.0,77.38299779470361
72.0,61.847955997653
72.0,79.85636098891212
72.0,70.74111314466558
57.0,54.85459282678579
57.0,76.01412315657848
64.0,70.08304142509024
64.0,80.88616497005751
37.0,37.61877651703304
37.0,72.27919760216076
58.0,63.9611777801681
58.0,81.44850970178675
37.0,24.306549194762397
37.0,45.13364089048321
61.0,66.9754265952862
61.0,81.51786122148633
73.0,78.83426924416125
73.0,86.80690804688555
66.0,73.77294704195515
66.0,67.74433548650342
47.0,48.68305134368279
47.0,69.24249737385821
72.0,76.67638561009039
72.0,52.71540545030882
39.0,40.37623909293109
39.0,62.540138272929426
62.0,66.45782601078008
62.0,61.88223928325823
84.0,91.92664725240485
84.0,58.99422925384221
67.0,75.59526266261014
67.0,26.231762838667862
63.0,66.83130466146991
63.0,61.61457091278953
83.0,90.02882601904872
83.0,80.35777608029059
60.0,61.0381499467091
60.0,75.2645102856149
64.0,67.62970963958134
64.0,34.289571742354894
52.0,45.257197806879674
52.0,78.87246805293404
52.0,55.23065166971344
52.0,56.93207354911567
61.0,63.79169187169384
61.0,65.84873762529708
71.0,72.69725317805268
71.0,69.5462100971082
56.0,55.83682772277007
56.0,73.13167157310886
28.0,17.336022122930956
28.0,49.426463046522315
77.0,82.52539396320242
77.0,9.296607645846336
59.0,66.43636542030106
59.0,56.256089477017895
56.0,58.18535649664136
56.0,75.00018098217146
62.0,63.725128886923585
62.0,73.67656038288936
78.0,86.52044573198941
78.0,27.150555072238944
68.0,67.62517690465876
68.0,78.85171621954635
42.0,42.565700576791755
42.0,19.830975912745657
77.0,81.35583426117154
77.0,54.0251993263451
63.0,67.64626106245458
63.0,65.10933604132805
48.0,43.48284104734364
48.0,74.83882378094006
42.0,40.72959203843175
42.0,75.79334929721057
45.0,50.419517831687756
45.0,66.08536089811287
72.0,75.6336719694765
72.0,67.29350746600528
68.0,70.17670534133043
68.0,71.05157961809823
66.0,71.61242385355683
66.0,56.06708125645997
68.0,74.06295540032193
68.0,89.40883859123272
48.0,47.7252583820823
48.0,75.84517593514465
71.0,76.89351713639809
71.0,78.07802827556657
77.0,86.4470754294747
77.0,79.80772207396683
55.0,55.66962866286849
55.0,21.786908326171897
66.0,69.02643396722556
66.0,80.31599180092849
57.0,56.94637285807022
57.0,29.63377621743348
69.0,75.66745783934994
69.0,68.9123257501895
59.0,60.99938837104742
59.0,80.82976491215163
71.0,75.81584067237105
71.0,60.94802774587981
57.0,59.57078755537191
57.0,61.281489900504596
68.0,69.90114954943795
68.0,39.58344996307659
63.0,65.83515115453605
63.0,47.29696236420534
69.0,72.4852465200218
69.0,48.282363432952366
43.0,39.5962086630409
43.0,67.65279339279067
69.0,73.89338749184117
69.0,47.61459196233051
64.0,69.01607778276855
64.0,52.30120991551729
61.0,64.16696360954325
61.0,50.837636668882055
57.0,60.93736930616859
57.0,68.80968967361974
80.0,87.65037464400064
80.0,84.72073619566203
62.0,66.1984994926255
62.0,45.73148867520479
69.0,71.19630612650815
69.0,22.973684812982583
59.0,64.13958216110814
59.0,67.72762767422807
78.0,86.97424039086224
78.0,48.60779399623755
53.0,54.06973025936338
53.0,60.19316714954226
67.0,74.17071062496098
67.0,80.91854751674884
76.0,83.72883187986241
76.0,75.2230095509239
48.0,48.65388004572861
48.0,78.81435434668992
35.0,34.67567072040856
35.0,43.10260602169228
67.0,75.69871334405104
67.0,69.03961748412786
65.0,70.79744602420863
65.0,70.51183754416326
80.0,88.0503206459885
80.0,81.5477732353666
71.0,75.38591805136036
71.0,68.13314122059222
44.0,43.62324459436087
44.0,80.86184539212132
62.0,65.82357039905918
62.0,21.98972483323746
74.0,77.99906325726187
74.0,13.98607349292206
76.0,80.78774182897644
76.0,31.04219332610063
62.0,64.67546947976541
62.0,82.1689086468968
64.0,64.11512950419711
64.0,45.12779280617957
56.0,57.721747939028035
56.0,78.8574438534352
38.0,31.14441507987857
38.0,46.71665573713864
54.0,54.77986622378296
54.0,65.67611128273796
75.0,80.79361910537187
75.0,54.769228035277706
39.0,39.469192425677875
39.0,73.45006649385783
68.0,76.02162260969482
68.0,36.07179230922668
11.0,10.526108394524954
11.0,66.80453182418495
73.0,79.14150036586955
73.0,78.29586866604473
23.0,21.956541573258278
23.0,65.83705265261375
54.0,55.40973215994683
54.0,86.31809328493011
60.0,62.89493851099303
60.0,77.24823124744006
64.0,65.83066285557896
64.0,84.58801894342196
25.0,28.046016915407733
25.0,74.04974155529038
52.0,52.48653337618214
52.0,78.01530091069719
67.0,71.71988878844775
67.0,43.22802196353979
48.0,48.99266319825483
48.0,64.364516435403
46.0,45.325500595888116
46.0,63.296342145148685
78.0,84.66417821139476
78.0,80.32445381995495
70.0,74.46900118868626
70.0,81.0976090624145
68.0,71.23389860193481
68.0,84.59214057367166
70.0,74.09518910534109
70.0,42.94007908895355
65.0,72.4299491668807
65.0,80.55627346034635
66.0,70.25532056122944
66.0,54.501092359797326
35.0,26.27782012337724
35.0,32.816815150468585
55.0,64.03690282907468
55.0,32.61300669524434
64.0,66.73662989331325
64.0,57.07897286791331
62.0,64.64260910981159
62.0,70.92081378772787
27.0,25.3401797543425
27.0,56.52397656562135
71.0,74.58055157430812
71.0,66.90465450669103
67.0,68.52590388758631
67.0,81.80003694677595
77.0,83.78084897903011
77.0,84.05165561834139
55.0,57.80757943247846
55.0,74.71517707679175
69.0,72.5635999797546
69.0,68.84441443751007
52.0,53.85486250758481
52.0,63.31145559924636
73.0,80.21244038496081
73.0,86.96922572019201
17.0,14.824662954836072
17.0,40.83729496093093
62.0,65.39415256388719
62.0,63.842606701172485
63.0,61.639610640298315
63.0,77.1859193514046
57.0,57.84534014303034
57.0,75.99592340825222
56.0,56.423766877328944
56.0,69.19626683836105
65.0,67.95718486766361
65.0,66.36660919450486
83.0,90.2797612535557
83.0,49.72130560440536
46.0,47.43635906998571
46.0,58.69674046687243
42.0,35.416651159419985
42.0,76.37993287767688
44.0,49.0081520175151
44.0,69.55164639835897
26.0,18.523345809784246
26.0,73.50519629103536
63.0,70.97089263761535
63.0,43.81372214742993
58.0,62.1321790870694
58.0,57.64072141611928
52.0,52.147274242436595
52.0,88.39602017340547
42.0,38.81674399087615
42.0,89.42254942207813
37.0,40.29931694630693
37.0,30.31210451201622
79.0,86.96845474198017
79.0,46.16042910223496
53.0,52.49848601091924
53.0,25.26519530724414
30.0,25.765555890827216
30.0,23.05539725561323
41.0,37.3784180817712
41.0,53.15373643216293
69.0,72.69531164741869
69.0,9.824282455882383
68.0,75.46394081829317
68.0,67.99638083493562
58.0,57.808841921308556
58.0,86.87430474632657
44.0,47.51294993406839
44.0,80.04128472939328
68.0,74.83849479965727
68.0,42.92227860698779
48.0,47.48416606583652
48.0,78.77574246331284
41.0,46.78896330294975
41.0,13.341552120834308
61.0,62.77120927997839
61.0,69.34073807446777
68.0,75.12175570187799
68.0,54.705365615166784
50.0,48.33525245392275
50.0,16.94514706141274
63.0,64.8331191960566
63.0,74.15638619439028
56.0,57.272531236334146
56.0,72.57100398061812
69.0,73.68503638788019
69.0,32.522427280261354
68.0,75.14983880843647
68.0,65.03169420860308
74.0,77.25046826042109
74.0,77.69352972351624
66.0,68.19405109668884
66.0,74.74004018748155
46.0,47.78647768242513
46.0,74.70222844180938
74.0,84.12924746802662
74.0,60.58310146545267
70.0,76.4908685619111
70.0,74.1609399085794
67.0,71.77982516874988
67.0,56.29283631879974
81.0,87.34488413991784
81.0,61.61737894895225
65.0,68.8534516363905
65.0,83.48486189263872
45.0,39.65628064912363
45.0,52.858621068624075
74.0,83.82255623032142
74.0,40.101049789059346
70.0,77.33430082589945
70.0,28.11462725364686
31.0,29.953634247636728
31.0,62.021423733771314
57.0,52.43140822712576
57.0,58.912781752276544
63.0,65.02429841166128
63.0,27.487127303616035
31.0,28.151503519544065
31.0,70.66722618578734
77.0,84.15233647964112
77.0,72.11941298031007
66.0,69.51401944230065
66.0,37.19091670440059
70.0,77.72094401745085
70.0,60.23730940399207
64.0,70.34017775371404
64.0,60.036165612697005
67.0,74.38351209151915
67.0,74.15022042230271
56.0,61.48201652473864
56.0,40.924233166103534
79.0,83.25065446174801
79.0,56.26697522302959
66.0,73.55208462464213
66.0,72.85665870798834
72.0,77.77135779177905
72.0,42.336722891725174
76.0,81.5928686006365
76.0,58.44575251460634
54.0,59.24002218832692
54.0,70.91105248715809
21.0,19.706799426824205
21.0,53.67046098570205
65.0,67.5464971586062
65.0,76.4624757983903
63.0,64.75019060023772
63.0,66.53589951051123
60.0,57.02354427576324
60.0,42.52644529598592
73.0,80.01414545997375
73.0,10.46275376491775
19.0,17.90032518770397
19.0,70.05239714242089
47.0,42.597116385726565
47.0,71.4674137120171
44.0,46.48488871285525
44.0,80.71342123194063
43.0,39.2055416204081
43.0,51.71486536935481
59.0,58.80103389100475
59.0,63.68523560009305
67.0,69.83281833534886
67.0,79.13090492587651
67.0,71.04953723778965
67.0,69.69571814009424
58.0,61.46231885414937
58.0,47.19254635707841
30.0,35.44574866600965
30.0,78.00340798835094
50.0,49.288364743334625
50.0,61.39892858273373
46.0,40.820913122344905
46.0,76.17402087658519
57.0,55.16441165655118
57.0,13.176002392876114
65.0,73.00863669213447
65.0,67.1147918980875
49.0,49.84321583630458
49.0,36.50821402721755
43.0,45.37855492010385
43.0,64.43952755129186
66.0,71.13958572892761
66.0,62.44809564363209
23.0,13.190621818066063
23.0,73.71513589177476
66.0,70.79273105716692
66.0,78.74793237203704
67.0,72.21720054013105
67.0,74.90622036029089
36.0,40.841260543879685
36.0,69.05061530728614
47.0,47.44407227680858
47.0,67.5258667054228
63.0,64.25820309966377
63.0,45.070016624148934
50.0,51.72585438475693
50.0,57.812934554608375
28.0,18.18151434141248
28.0,18.760998175331963
56.0,63.79593221594291
56.0,28.57653442285988
63.0,64.15363638360338
63.0,21.773043228258928
74.0,80.09655829876272
74.0,33.11890173511898
42.0,44.73153632043005
42.0,65.48074865467254
68.0,74.74767963446925
68.0,61.09338911625861
40.0,34.87642544269977
40.0,12.310098071152197
60.0,63.41459103728579
60.0,86.56707004714963
71.0,77.51339324016527
71.0,45.144274326813445
57.0,61.87726959967699
57.0,76.99930432650143
51.0,50.44605075390223
51.0,67.80672383869432
65.0,70.13307793242757
65.0,69.46308387574328
66.0,68.0546903960585
66.0,33.842172566128454
66.0,69.89592144219989
66.0,75.67570260095954
63.0,66.4139569846256
63.0,78.3972259842688
79.0,85.53856451332314
79.0,63.773496550370965
69.0,76.44158384691951
69.0,61.360522583329555
63.0,68.87532088083765
63.0,60.02227337483356
32.0,34.61875282896801
32.0,69.35025312206835
62.0,61.5447690670905
62.0,54.73564256725575
71.0,74.97845103381758
71.0,42.64287433664214
52.0,53.626523037284585
52.0,82.926525377291
35.0,36.91270647782227
35.0,50.39584262276645
65.0,69.06003202736832
65.0,77.69062655982981
59.0,63.75397548748322
59.0,43.10659950135937
70.0,73.03084868233418
70.0,40.46934897849712
41.0,30.02433121440697
41.0,80.47608962157472
45.0,47.62090536657223
45.0,80.23784203236374
77.0,83.00876132092486
77.0,82.46222365697861
66.0,67.99817516214051
66.0,89.73893510603381
43.0,45.91908028462052
43.0,70.9201490180181
66.0,67.22026679462095
66.0,44.346601107809306
51.0,47.22497286514539
51.0,83.1867637149033
59.0,60.60273246023394
59.0,42.26579134805041
59.0,61.651466585748324
59.0,69.95792575296184
57.0,59.994986051572766
57.0,63.511528079955895
71.0,79.4869738939309
71.0,62.05039703049721
13.0,9.276355748517346
13.0,71.77635269125466
61.0,62.540531906076865
61.0,25.954800386285058
71.0,74.7156011242576
71.0,31.74970009531046
60.0,63.143517689841815
60.0,65.97013789624282
48.0,44.91037448716315
48.0,44.12286019527693
72.0,79.55681307319702
72.0,79.23880934250474
74.0,80.13410644650202
74.0,70.58704758386722
57.0,54.03980791671455
57.0,76.92660618481699
44.0,46.739038010831734
44.0,68.13592666218392
55.0,54.482014461935705
55.0,73.04147260885674
60.0,61.89314356374308
60.0,23.250182023129412
61.0,64.36557102500484
61.0,69.99086659655075
58.0,55.41325427875796
58.0,47.85013362734844
59.0,63.41794125363106
59.0,16.164710834395294
67.0,71.48807040409827
67.0,63.808398496624534
59.0,66.39401647651971
59.0,26.871450475877566
70.0,76.80163270417319
70.0,43.430120574382556
79.0,85.65124755091534
79.0,29.14149254951161
77.0,83.50616671880249
77.0,66.85364565834652
68.0,72.97750662238155
68.0,68.3198286693493
69.0,76.69424175018173
69.0,74.021052062987
70.0,74.76205342641668
70.0,74.01043790197895
13.0,12.291653426232642
13.0,52.805484967051314
73.0,80.04616426547358
73.0,70.98952387221885
48.0,55.90907531459601
48.0,59.90133500542447
45.0,46.931932604097256
45.0,80.31904654951092
71.0,74.74004018748155
71.0,39.0418317409451
54.0,57.38595273764082
54.0,56.43424476691797
65.0,70.12591256515503
65.0,73.39308084958401
46.0,45.24108456009054
46.0,63.66891489167938
62.0,61.85035431364099
62.0,37.90853911156967
50.0,39.777627164765136
50.0,57.73259779029888
34.0,34.15308339938258
34.0,64.40480756846563
57.0,59.813866996745105
57.0,83.26797083626934
54.0,59.67099881316096
54.0,70.86486365683953
48.0,45.0857906131634
48.0,59.90387263159778
72.0,78.50836265209165
72.0,82.00806438079178
72.0,78.77630426459984
72.0,37.32245550946129
78.0,83.52505124695244
78.0,63.64933438059478
72.0,75.64623203594988
72.0,71.37226375550387
74.0,79.68056092546419
74.0,72.51084939484906
47.0,46.70113082681138
47.0,17.59743053479957
30.0,17.574482889797196
30.0,67.7220687635953
51.0,49.53062227764025
51.0,55.81490502537139
64.0,70.88169884599137
64.0,44.494440902648364
54.0,54.72989937933448
54.0,60.101151580583064
67.0,71.2803243316838
67.0,80.22582641277086
39.0,40.42005435445196
39.0,68.48615065225857
66.0,68.76994361613492
66.0,61.32560936629346
76.0,81.01064019247207
76.0,71.31223097620284
57.0,61.451682770199
57.0,72.05084349554608
74.0,76.90855556796998
74.0,87.77897034914707
79.0,85.0800374013321
79.0,80.62639272665893
59.0,58.12906474748945
59.0,74.25226048775659
60.0,60.99472524968911
60.0,55.04924541170527
19.0,8.837468583549764
19.0,44.822294867448704
66.0,73.7831684421572
66.0,89.29885963314001
54.0,54.23410152214893
54.0,82.37050877524803
77.0,83.07819625549098
77.0,50.41144712878145
72.0,78.30444863797572
72.0,53.811213992037096
54.0,59.84465851832448
54.0,73.54550762998116
39.0,39.20938052770049
39.0,65.74837154949029
70.0,74.03316431816631
70.0,49.60189256385286
64.0,71.48695201780555
64.0,83.95675663546848
69.0,74.562306318764
69.0,63.6884609542567
29.0,23.000006904818747
29.0,26.888356646182956
43.0,44.00802211937071
43.0,68.69330284138198
61.0,65.79950000649143
61.0,53.95921962818454
75.0,81.3251090813506
75.0,58.88408506804541
67.0,69.45701241762134
67.0,71.06979700411932
68.0,72.79714137212193
68.0,64.73918247766824
42.0,38.18873508777398
42.0,74.46798484089311
74.0,82.48750511976624
74.0,76.78721402913396
65.0,68.78941372035791
65.0,86.8582436600758
69.0,73.44437777635181
69.0,73.30999713206455
74.0,82.86484591848665
74.0,57.774575643823766
42.0,44.64780315531664
42.0,54.37948088653951
74.0,80.58639386253299
74.0,65.33430259825536
64.0,65.28762623429492
64.0,69.38789571735526
52.0,53.41396302200832
52.0,37.45585883458733
76.0,79.26644907292268
76.0,71.1066518841568
74.0,81.82265215053309
74.0,22.445100812763712
55.0,57.52169833020224
55.0,38.34544763624734
40.0,39.45979891948093
40.0,50.31064614075717
36.0,29.222908830260508
36.0,76.06082569587892
54.0,52.215389621826716
54.0,54.928474201554536
66.0,70.39287075486408
66.0,18.12459274318752
42.0,42.04136917637146
42.0,18.614638968027748
42.0,47.01479925376805
42.0,56.656967689148985
70.0,75.63625634549896
70.0,21.846348933719582
61.0,57.30450540273284
61.0,73.44029480289367
49.0,50.10227307393046
49.0,54.486756948945356
73.0,79.27112991412667
73.0,78.62246488759422
64.0,66.32982252285188
64.0,26.29009409706765
76.0,81.7386143550604
76.0,52.31117182201717
35.0,30.47736472973719
35.0,74.72199213590153
53.0,55.58137545717017
53.0,61.5335999213828
42.0,38.79720998929116
42.0,59.44111059813196
65.0,67.91533595141408
65.0,77.71019285658247
62.0,68.69113978675625
62.0,52.86826469729834
64.0,65.37486421340645
64.0,61.750342685670944
63.0,68.2664177413443
63.0,73.25493502510585
47.0,52.18587996720066
47.0,79.33494580971615
71.0,74.61544838637946
71.0,68.013016926987
67.0,70.99894614503484
67.0,34.566741040228294
56.0,60.08731759269199
56.0,72.69725317805268
73.0,78.66226554132379
73.0,65.41276311012155
69.0,75.87042967954613
69.0,68.00522393178181
79.0,85.5529759183018
79.0,2.7523971130027007
68.0,74.70932209471806
68.0,43.203622278297246
74.0,78.03193587242748
74.0,48.026652260636695
66.0,74.53316670468519
66.0,67.01165036420991
61.0,62.838306195627354
61.0,10.949857651369143
64.0,65.67999183525768
64.0,58.02711745808159
80.0,85.93667000444594
80.0,34.9688679109567
41.0,38.281631856217416
41.0,60.030086649044165
80.0,85.86378050166991
80.0,37.24706147969704
52.0,49.566633553503664
52.0,82.14168551455344
35.0,37.461537884018185
35.0,38.1517369601259
62.0,66.55950556329162
62.0,38.433956800240765
29.0,23.58898175188574
29.0,79.16128532003677
73.0,76.49673460092566
73.0,77.28569940089722
62.0,68.86172652004001
62.0,33.39079374909625
72.0,78.92274646604307
72.0,67.12094992861608
53.0,57.13179942327912
53.0,69.22531838994468
49.0,47.51781415750111
49.0,44.344010803679396
71.0,75.93644661216786
71.0,74.8524275613949
49.0,51.99950437040485
49.0,45.8225465773005
66.0,74.29757859960665
66.0,10.175181310172263
35.0,34.94841755267066
35.0,37.56766756476122
69.0,75.44322416774611
69.0,67.82046029055681
66.0,68.24904487972736
66.0,37.73441721281421
54.0,54.261343725333575
54.0,71.24222379050542
53.0,54.27513684140382
53.0,54.682663209365785
48.0,44.74362479097948
48.0,75.18247177715506
79.0,83.59795975765172
79.0,56.85083831554459
64.0,65.77900657348715
64.0,67.50518780880185
64.0,67.97529915873656
64.0,69.15605224808513
68.0,70.98964862438316
68.0,80.78817018418073
61.0,64.48484218403587
61.0,67.10351826386056
62.0,60.98513900997705
62.0,60.09096773642659
29.0,24.460806670976865
29.0,86.0779825179477
68.0,74.29193632633923
68.0,84.21285553353277
71.0,76.8937804135669
71.0,69.5498970209573
35.0,39.538031700379236
35.0,69.9124461875287
74.0,78.27071523258115
74.0,69.8725243306036
38.0,36.30196741704373
38.0,37.429563178709714
59.0,62.82651056172949
59.0,70.40892787955738
44.0,41.719737332186696
44.0,24.74755186904207
66.0,67.39858960372783
66.0,50.83366376358077
53.0,57.708470854117024
53.0,75.77864241002976
51.0,55.747945911482475
51.0,63.01652870215321
55.0,60.27278499835364
55.0,84.95115113926391
62.0,62.402108624365155
62.0,92.2624656732612
70.0,78.78066064562688
70.0,80.81754129462098
61.0,64.47609216242779
61.0,59.83417711231573
64.0,67.08341967449843
64.0,71.00560623796326
69.0,77.7126596536387
69.0,68.57252776837635
60.0,62.874105075885836
60.0,55.575938917817155
46.0,51.00010246786019
46.0,54.89141614804623
79.0,85.53932408892075
79.0,46.368949731523344
61.0,65.5054786931156
61.0,44.44039075314305
58.0,63.94885506118578
58.0,75.72686819138323
76.0,81.0497862939655
76.0,74.67461381739963
61.0,65.87217299772374
61.0,71.5155752899114
37.0,36.57587441699417
37.0,73.51729828303075
55.0,56.3240209423339
55.0,64.73772935260052
71.0,77.20310887920817
71.0,65.34717205349705
39.0,40.12343130688754
39.0,73.5474091063603
57.0,61.89244792803947
57.0,67.05190560835024
51.0,53.66106365645982
51.0,68.98732013533447
72.0,76.85095919410867
72.0,60.3933345719102
33.0,24.41880197674959
33.0,39.92634692331882
77.0,83.66713565221875
77.0,78.6156315453581
42.0,40.491657197045924
42.0,79.40755469202463
54.0,57.194398321002154
54.0,72.74707672398108
56.0,59.34117118789635
56.0,79.4715962370708
57.0,60.39782478423729
57.0,83.06668982584341
45.0,36.13066901495256
45.0,75.48261921498835
82.0,88.9307735922194
82.0,67.5186041636922
64.0,67.5143938913431
64.0,81.22735171474812
57.0,53.45858051553017
57.0,44.07234555880251
61.0,67.0918031859897
61.0,82.67056817062797
54.0,55.4793928925925
54.0,46.189175543494116
66.0,70.10624919945121
66.0,87.34770883060088
72.0,75.66496862926402
72.0,82.16324353614192
38.0,37.796475757176836
38.0,71.35425270622437
66.0,71.73085246457953
66.0,50.91524487583689
48.0,49.456289028898084
48.0,75.59089893946032
80.0,88.32231049338634
80.0,50.14524067261726
57.0,61.197001892708386
57.0,43.11103510600401
65.0,64.31790270782341
65.0,74.88387940444397
68.0,73.31277548800591
68.0,65.38507071871356
64.0,66.49678744387137
64.0,56.543719017339185
56.0,57.125396382839995
56.0,58.09696443753336
74.0,79.02263589211015
74.0,64.8407371481261
73.0,78.91034962432059
73.0,64.05281800188123
59.0,62.21162141304512
59.0,82.69850833838393
31.0,31.973291557238838
31.0,69.12386597474665
65.0,67.39067153184112
65.0,70.40918546638267
54.0,55.0147608917481
54.0,85.01599576509318
45.0,46.64429332328211
45.0,22.150354731613504
57.0,57.08988512448292
57.0,60.48012912461047
32.0,35.019705244428394
32.0,58.15498087458184
60.0,62.828777453656016
60.0,53.50954381018238
76.0,81.40170715682387
76.0,66.97289870759238
43.0,35.23307270137474
43.0,61.22002455249611
71.0,74.90033159358353
71.0,73.67939933764359
65.0,71.59111848143016
65.0,79.29803164955177
67.0,70.60902023665562
67.0,45.160378276334825
53.0,54.830358565091615
53.0,74.87038668605555
71.0,75.56858142015807
71.0,82.89864429349643
37.0,32.75712926498511
37.0,62.20468142099509
43.0,46.64884510763801
43.0,40.36344967591225
34.0,30.701713263443423
34.0,79.16835974482888
70.0,78.96203579760595
70.0,61.771151299134885
44.0,36.889859044028356
44.0,67.72616737764457
64.0,67.56962594838825
64.0,76.49200894150619
52.0,54.18843343901699
52.0,71.6080881632405
64.0,67.61857315296697
64.0,50.3776043997799
65.0,69.64809837643503
65.0,63.95707652332533
61.0,59.61801307674665
61.0,60.40224356694978
53.0,56.063693910364066
53.0,74.98206645684178
46.0,50.138817674521135
46.0,51.710597843391895
56.0,54.979845846746855
56.0,66.1090305061291
36.0,39.42964670969582
36.0,75.0995642262555
69.0,74.92752394944284
69.0,84.62796906469282
58.0,58.94158471355729
58.0,77.28578078396691
37.0,35.62213474373158
37.0,62.29910968909314
70.0,73.02007357254439
70.0,52.013437540593884
74.0,79.08744618571518
74.0,71.97901044523974
66.0,68.9650586878148
66.0,69.68955618051137
57.0,58.76595758512349
57.0,78.6352084924884
48.0,50.91638294228835
48.0,58.22491472311032
83.0,90.29268675443359
83.0,51.10861856261744
68.0,71.6760704423113
68.0,62.138487835673686
45.0,42.337452710429375
45.0,67.75350827656428
76.0,88.00014104008255
76.0,82.436086997156
60.0,63.514318225836405
60.0,75.87589210460436
29.0,16.092187044330558
29.0,72.55155323236067
70.0,77.21338443904722
70.0,62.333376239461074
66.0,68.8328890234605
66.0,29.005243602247106
71.0,75.87397704270518
71.0,47.8092226115491
82.0,87.58725170862829
82.0,70.76215166679799
69.0,71.94837951915099
69.0,58.917980785455086
52.0,49.1834126609013
52.0,78.40410059468076
55.0,56.67837278641042
55.0,59.01314859109192
71.0,77.56014576198055
71.0,48.82216456491051
69.0,71.94088932845477
69.0,47.25806759030223
78.0,82.77467912386317
78.0,79.34105420759533
57.0,60.410802275603146
57.0,63.422541310847464
66.0,68.44923227099656
66.0,71.55470667821095
56.0,59.20656998508247
56.0,22.6581822601932
40.0,43.84182553235968
40.0,75.75689531187328
49.0,48.898147760932375
49.0,67.53703249175214
69.0,71.2459763492991
69.0,37.99844073886038
49.0,51.360590470929424
49.0,49.924323358982065
65.0,68.85000009938864
65.0,82.40241695974441
62.0,67.90687694531692
62.0,73.29170817919135
61.0,65.76298258469109
61.0,72.93970736046373
68.0,68.62130080862175
68.0,30.055065320883273
69.0,72.54068337315431
69.0,66.60760789683371
32.0,23.917770515356324
32.0,52.05008805354771
69.0,72.15780551266397
69.0,71.32894448187324
67.0,67.64064946805877
67.0,74.65419880961235
47.0,40.76228155531754
47.0,70.24686177407642
61.0,65.12326073172142
61.0,65.73181671737353
65.0,67.11941172785919
65.0,60.85914542054991
32.0,24.755137338201678
32.0,60.028579275836194
67.0,72.39621487087368
67.0,43.69138243885345
48.0,45.94390194471373
48.0,76.29647525294746
68.0,69.86088676035365
68.0,63.72622315056202
57.0,59.83271523627815
57.0,84.74893477062261
43.0,44.80414404397476
43.0,70.13420546377313
78.0,84.041499958354
78.0,56.95154194394621
63.0,66.1070112160076
63.0,71.91511566325386
50.0,50.387084762939764
50.0,66.23025730974894
37.0,37.993298731492416
37.0,52.3757038103476
48.0,53.46939131108854
48.0,68.77732963851702
64.0,66.64837505756998
64.0,68.87603791678123
57.0,59.68659115306764
57.0,12.760088546333805
37.0,36.811829690812544
37.0,74.72809011472043
68.0,71.7577282184966
68.0,81.5207149616549
60.0,60.3645784795541
60.0,79.70925183780918
66.0,72.29216506958704
66.0,44.944574614846545
65.0,66.81408798389174
65.0,63.716398572050366
48.0,49.83332492955452
48.0,54.484667602503976
75.0,80.4686001797096
75.0,68.67816767626994
63.0,68.22565333527206
63.0,27.01995500164287
54.0,59.98105974186359
54.0,63.36882435380522
77.0,83.7523346440056
77.0,70.47399517762295
42.0,38.37178139880268
42.0,48.4666934492206
22.0,13.635623168472762
22.0,46.783336836366516
53.0,54.58543083204091
53.0,55.704282095367546
61.0,65.41627922538953
61.0,70.52858108795965
74.0,80.98878788267064
74.0,84.25614988404476
54.0,55.49548625225276
54.0,51.44024869679208
66.0,68.02671188763867
66.0,75.74829540626985
57.0,59.897150511178324
57.0,77.52689609383293
47.0,51.713093878511245
47.0,62.09060645834046
54.0,57.376906379870206
54.0,71.17804990622176
74.0,82.18219455251847
74.0,19.881841017472823
61.0,63.64172260356861
61.0,82.54378394194873
81.0,85.69401817070423
81.0,80.3409457572597
61.0,67.63201726833279
61.0,83.23217789095406
58.0,58.71674858936308
58.0,44.526517918589434
53.0,51.54852710293915
53.0,65.36535181422892
49.0,45.58867282943146
49.0,66.34787092533446
58.0,56.454616211994164
58.0,63.332449590707256
71.0,75.2172233941995
71.0,88.54403208411384
63.0,67.89911747893854
63.0,84.4421760030686
59.0,58.761247451046245
59.0,12.111025659569918
63.0,67.20141616903555
63.0,80.90376618303492
64.0,66.62960868272461
64.0,38.09147167595103
64.0,68.56143567987993
64.0,84.05294033080952
45.0,44.42305202354572
45.0,67.47537904391191
73.0,78.26275342271703
73.0,67.20141616903555
58.0,61.02300236664382
58.0,62.9911827078534
60.0,63.03724560653711
60.0,34.82460451442694
71.0,78.07209812513486
71.0,67.02072174545924
25.0,21.110347646874402
25.0,25.016772034632424
52.0,53.30978704520584
52.0,43.54028717756512
61.0,63.96348111269009
61.0,77.310135624211
36.0,29.58011374746792
36.0,66.00409033070702
78.0,84.58049478704316
78.0,63.276513495254676
70.0,78.00272650273757
70.0,55.37999027994175
76.0,82.32921917867588
76.0,56.22951491917178
43.0,44.89408568113953
43.0,68.16689315341966
45.0,42.10571579855696
45.0,45.81604056481336
72.0,77.86544025031196
72.0,63.137317885100344
70.0,77.07336373403103
70.0,65.4429427307632
46.0,43.78721330162864
46.0,37.138623207884905
68.0,71.5447203219635
68.0,56.01489095554791
59.0,62.67339849821116
59.0,72.44605655379257
28.0,21.69591104835274
28.0,6.4714785619115105
47.0,46.15957775074253
47.0,83.32326409842773
64.0,70.42526520269371
64.0,53.787863515927825
34.0,34.243309314840815
34.0,69.50114302250256
60.0,64.23150333582623
60.0,77.4322332663387
76.0,80.93700228619383
76.0,93.34974611183992
28.0,34.719441899219305
28.0,81.19944434464622
50.0,51.91876211117142
50.0,67.55247878309359
30.0,21.21219097411887
30.0,68.72453112657354
72.0,78.58272882174339
72.0,63.28327815823587
68.0,73.97129668597336
68.0,83.30275564588061
56.0,59.710457434066655
56.0,70.27668722020451
55.0,55.12758497171592
55.0,62.41715132765154
75.0,78.68240658356956
75.0,53.98327350722565
47.0,45.97616827733498
47.0,12.000607681143322
47.0,41.64501993101851
47.0,78.82724731266035
60.0,54.90387831358237
60.0,81.44639985414477
52.0,58.866060425876185
52.0,66.20710416144397
50.0,50.454073401937194
50.0,79.01743806444819
77.0,79.02132697961576
77.0,37.99603540462533
62.0,63.41772254718029
62.0,57.36343760179864
73.0,77.17037096131213
73.0,65.7518710113336
41.0,44.115331229681544
41.0,33.569332611962864
54.0,55.94035597972612
54.0,62.73925669112435
42.0,32.99049713801605
42.0,38.538579890585936
37.0,39.32336925432321
37.0,73.19695362701827
60.0,65.15154926599104
60.0,78.25829058651033
62.0,65.71153762979907
62.0,31.932019736708924
75.0,82.04211259859636
75.0,91.9012319634902
68.0,68.71201221667059
68.0,49.87309050488983
69.0,76.91926902655376
69.0,36.02854486534528
67.0,72.33482910426727
67.0,22.947732664304795
57.0,59.87083508540786
57.0,76.78022260392322
43.0,43.45082167971174
43.0,56.29241709936832
74.0,82.54038468976302
74.0,77.5196657422494
58.0,59.643398905442155
58.0,69.89212825494309
78.0,83.56786453260423
78.0,42.010238572443086
59.0,62.06908018263027
59.0,78.7318537795345
29.0,31.307400753737625
29.0,68.44455769546192
50.0,49.13940457008755
50.0,85.17857082498807
57.0,58.18428960458982
57.0,76.47301764566805
41.0,39.205475381365375
41.0,81.0498681975318
72.0,78.40578167397467
72.0,75.01495749547479
67.0,74.10701652221121
67.0,29.728435286479055
43.0,43.37403093798821
43.0,42.181728122941706
66.0,69.41756039158088
66.0,75.45485399037466
57.0,62.215738975750014
57.0,54.09864143927723
54.0,60.089820094110564
54.0,71.18571632913523
68.0,73.15891281238959
68.0,56.30395434047364
76.0,84.38002849055613
76.0,74.32375486874054
68.0,72.25562382940188
68.0,78.20336302185609
30.0,28.67313568150678
30.0,12.310098071152197
47.0,50.8866133592403
47.0,82.6607534620992
41.0,42.67391049087439
41.0,68.52495800174682
76.0,81.39950237109508
76.0,55.86548669891181
63.0,64.01543485390471
63.0,76.91092688736597
76.0,80.40995050686718
76.0,59.320108040814546
40.0,42.95403533623295
40.0,79.89079733471016
66.0,67.83139948009921
66.0,66.04620726809713
39.0,32.569211103651526
39.0,52.032698069599405
58.0,60.32777916678896
58.0,7.70177839969233
70.0,75.34571225507938
70.0,75.8860988317033
61.0,59.661709996837146
61.0,47.22497286514539
60.0,63.64583709301445
60.0,74.13856886813699
53.0,54.683574390576155
53.0,2.2780452908085635
48.0,48.860728706492466
48.0,55.977399115455114
63.0,65.31593273922755
63.0,59.61085513765795
66.0,70.63239809999766
66.0,83.41077851390128
25.0,29.593301556672372
25.0,48.77378142136058
30.0,23.65892250627701
30.0,81.50173157376088
69.0,75.52205487126633
69.0,74.76084131141448
12.0,3.6381660749178764
12.0,44.48751104379005
57.0,57.94208168406544
57.0,80.6095780448685
71.0,77.35263944367983
71.0,80.37039164006899
66.0,70.66684840269033
66.0,54.969485572523126
28.0,27.917502937979975
28.0,70.11307949768633
46.0,46.34727071244009
46.0,81.52258679904759
80.0,88.72521284476346
80.0,61.65941611770171
61.0,64.45074473321927
61.0,44.9411369914273
74.0,77.95764377326299
74.0,65.42895382574318
61.0,62.75308483329985
61.0,68.73424380929305
78.0,84.59226173933524
78.0,68.52222428019206
66.0,69.37501740090755
66.0,70.91946531456267
73.0,80.01986185708381
73.0,44.34613078360201
69.0,70.03023867940135
69.0,24.768459289344094
70.0,69.61196298048606
70.0,77.06576962472673
65.0,69.85154742909452
65.0,65.44689844233795
37.0,31.04219332610063
37.0,49.58056954976587
63.0,62.36030192520366
63.0,58.96361573325254
67.0,66.19263788373547
67.0,75.79730008137864
76.0,82.09923298245548
76.0,4.972160751765784
41.0,37.392879122386034
41.0,25.79397820620403
74.0,79.37453977695606
74.0,64.40368278112282
73.0,75.19216043029923
73.0,76.06253403960073
52.0,52.88375380264711
52.0,44.31262248112682
61.0,64.55852574813406
61.0,64.49402771353726
70.0,76.40951927750586
70.0,55.344743166406374
66.0,69.11041961326788
66.0,74.72637612561272
42.0,37.25653468561302
42.0,56.59821464411385
76.0,84.16808455289146
76.0,59.617414197527296
25.0,24.12664032282845
25.0,80.12910985001969
78.0,83.43133173733065
78.0,80.64043304349849
53.0,55.470505503131335
53.0,39.765527693175954
18.0,12.931404991849774
18.0,67.3107224255968
60.0,64.95980724434753
60.0,51.06441468786301
53.0,60.19919233467118
53.0,82.77027906595293
29.0,20.74311758198104
29.0,76.31247276386023
49.0,49.8873918918834
49.0,35.85005254858214
72.0,76.1952779166831
72.0,80.65182724281249
85.0,94.6651429880813
85.0,36.93666735787019
60.0,64.97823037518418
60.0,49.0800223999629
77.0,81.97364715681368
77.0,76.24925000370706
65.0,73.83787345997843
65.0,61.047303281544885
27.0,28.269215180216236
27.0,72.14331883699089
39.0,40.56807298114887
39.0,52.74698264267823
52.0,53.62467823402278
52.0,77.72272214004306
46.0,46.73260488430634
46.0,61.93607431202054
58.0,62.43327627653679
58.0,68.70674962375034
74.0,80.13241607783493
74.0,63.74076471122629
69.0,72.17861364016403
69.0,44.834236476304056
72.0,73.58383403598663
72.0,73.32707855306262
7.0,8.596344584250176
7.0,54.428816397536195
74.0,79.25446207785302
74.0,74.88499882917068
75.0,80.92594913839486
75.0,22.344122007530302
66.0,69.12109078206697
66.0,58.42676090852228
42.0,43.17719110885963
42.0,19.438740682453158
65.0,68.80190674910972
65.0,58.08545449087683
55.0,54.8317619615342
55.0,42.98374750523823
43.0,39.363183288054074
43.0,55.87963697144079
70.0,72.66191270461053
70.0,68.18017558147699
45.0,52.63704363471038
45.0,69.40180751253666
42.0,31.973205451243587
42.0,43.72308782164657
71.0,78.42993933943279
71.0,77.00027766610071
67.0,72.91362210667978
67.0,70.97036670758393
68.0,75.69876104233504
68.0,69.20643090024464
51.0,51.92244230593087
51.0,77.16057700315702
73.0,78.78208190617124
73.0,55.93031294201552
76.0,79.92194439134312
76.0,58.09149940252087
71.0,75.09681374990186
71.0,23.82877363773298
32.0,27.06581036324559
32.0,63.54892558765579
35.0,41.70550604394714
35.0,59.74668849804965
61.0,63.53344671352039
61.0,63.48468111378344
74.0,81.01615506756218
74.0,70.36644448077044
86.0,93.18642459982016
86.0,63.72409215698275
62.0,65.61614513936269
62.0,83.0817606448548
64.0,70.86406305270583
64.0,54.345322443873386
47.0,42.27135676951718
47.0,55.804101122784175
52.0,55.55610915356044
52.0,36.1628392574641
48.0,47.7252583820823
48.0,51.41247908882474
67.0,73.36276141789676
67.0,77.81573529466789
78.0,84.83571135675345
78.0,57.33493588772433
72.0,79.40003873440503
72.0,66.3477644464702
72.0,76.92442760199032
72.0,85.38151924215884
45.0,44.80752482948856
45.0,61.471431590184295
70.0,74.49958918961823
70.0,76.50748750307065
50.0,52.605396645182964
50.0,78.75332161432527
67.0,72.1463144836091
67.0,38.18407117110553
63.0,67.02569362833412
63.0,60.41283610351326
26.0,29.511281724564867
26.0,31.169954565005128
70.0,75.65862742725426
70.0,44.66464726885113
38.0,42.99572580958369
38.0,77.59456693359363
78.0,86.9384486609805
78.0,54.35766467211096
57.0,57.911161884813396
57.0,59.284162632786945
74.0,78.39923981350535
74.0,55.85524003764209
67.0,70.53557417190456
67.0,56.43319415993989
64.0,68.42522610110336
64.0,80.5103687784424
71.0,75.95887735896707
71.0,48.582374035710984
66.0,67.15450234365153
66.0,46.202118557262054
44.0,43.24992022803724
44.0,61.290910189682506
75.0,82.0081237098193
75.0,33.21676613878378
68.0,74.04236522517328
68.0,79.58713037223367
60.0,59.81853219116158
60.0,36.0729202217986
28.0,29.076554449947594
28.0,67.29372115664768
39.0,38.613988049470265
39.0,66.61642497700569
46.0,42.76342388024875
46.0,58.186248270703516
71.0,79.65299119415067
71.0,57.99103487421638
74.0,81.74184092390288
74.0,36.234266772205956
75.0,82.22126508100985
75.0,69.65833786072727
52.0,56.47041456860188
52.0,38.13844981188163
50.0,50.86256620180757
50.0,74.45645212328975
61.0,67.39255338623616
61.0,76.65363291867527
71.0,76.10403881866455
71.0,81.73851615872098
51.0,53.61429742265051
51.0,40.59314930414149
58.0,65.12292613328304
58.0,61.072742517822405
74.0,81.08101039640366
74.0,80.601314216545
62.0,66.94694527604156
62.0,44.67692631562426
68.0,72.49448862555926
68.0,49.77970345008748
57.0,56.67713568130773
57.0,37.63199590284137
62.0,64.87002834039009
62.0,71.41656973200264
53.0,52.764445122466554
53.0,41.08862677398923
42.0,43.18984658562147
42.0,55.569830904160995
71.0,76.13534714291455
71.0,32.580778042079714
63.0,68.97048881968595
63.0,65.19527312907309
43.0,46.87507944363807
43.0,64.68549774791398
51.0,55.55518334749593
51.0,47.974880461514715
78.0,83.29889036620034
78.0,80.85681683311992
59.0,60.74136907058136
59.0,35.14299600333311
63.0,66.61811332136165
63.0,79.39597613413696
62.0,66.84340389950023
62.0,72.73724102053546
65.0,70.85365536976354
65.0,74.70603139572268
74.0,80.37385425254018
74.0,76.98285463985343
23.0,21.757286390866568
23.0,85.88043794834499
44.0,43.77847591100141
44.0,80.78742381563217
55.0,59.56820501542359
55.0,54.944624794636866
46.0,40.78014169543121
46.0,46.257581833698
59.0,62.978528255847095
59.0,28.48315329055447
78.0,86.66836401653018
78.0,70.56427118170382
73.0,77.98207920152072
73.0,80.94080493805808
65.0,66.51646919676966
65.0,67.90768717279587
42.0,47.047304901886946
42.0,83.92090431033671
64.0,64.80885851585447
64.0,62.82253558662751
61.0,63.86381449899841
61.0,81.81283660677633
75.0,78.63834330154333
75.0,66.5370839791953
61.0,63.407817794614004
61.0,30.813077642342535
70.0,78.14816482215309
70.0,67.51709284997037
22.0,14.661744437520383
22.0,45.166046483905575
63.0,66.34448031830306
63.0,29.791622988668337
66.0,71.56244377021596
66.0,68.69520860190096
46.0,46.67306865913088
46.0,55.38695136653439
67.0,71.35224403836622
67.0,47.57854294262671
65.0,73.24149068282554
65.0,71.04538811100008
19.0,11.195928113615423
19.0,79.52400435517228
76.0,81.18828042865903
76.0,63.80324826864046
68.0,72.67568686065113
68.0,69.97319655450366
12.0,5.918479583879673
12.0,49.95714438840582
65.0,66.58891994634348
65.0,28.98431219932388
61.0,67.5389593920184
61.0,61.339078304878
76.0,83.37460044570611
76.0,51.86669699628982
36.0,32.97152596199669
36.0,34.87642544269977
63.0,67.81389839839346
63.0,65.96420727772608
54.0,58.593558143630446
54.0,74.95784815827847
77.0,82.14974700917594
77.0,73.75045966134627
32.0,33.03065583203738
32.0,55.53806864373979
62.0,64.02791559483126
62.0,69.70171746718972
72.0,78.01480027606948
72.0,41.12101434011646
78.0,83.93530423338927
78.0,80.95361783874472
59.0,64.93791236512413
59.0,65.77117314451436
63.0,70.33627566990782
63.0,76.50092990545954
37.0,35.80170974653436
37.0,38.05791526080725
62.0,62.36306714901093
62.0,39.60086899205447
62.0,64.68706962203635
62.0,40.64663514935927
54.0,54.32636783628902
54.0,90.2501103280639
18.0,16.048669731873645
18.0,79.38666225249506
70.0,75.03742669386014
70.0,41.43201082639388
49.0,51.55976708152076
49.0,67.8837660965516
18.0,13.855866185803563
18.0,72.23515342358877
71.0,76.9295062388831
71.0,64.17308403984038
66.0,67.7823539639993
66.0,60.70632160619306
51.0,52.85906325200722
51.0,45.015271689197846
39.0,33.40068085217251
39.0,62.19618452345645
40.0,35.690652872435805
40.0,70.7108526126928
86.0,91.73142913715265
86.0,77.93386964837111
57.0,58.459935598007576
57.0,69.20372583398847
53.0,49.37642417562881
53.0,74.73722476457766
73.0,80.30751928989469
73.0,76.88935750777273
73.0,78.12721002043583
73.0,50.51892433953634
73.0,77.29039045233372
73.0,59.77966379382673
27.0,26.34771810906409
27.0,68.17203193058566
66.0,69.66371227480971
66.0,65.65287542849671
38.0,39.51197200142292
38.0,76.05564868246734
69.0,74.7181286932003
69.0,35.23726482110425
70.0,76.54087408803332
70.0,51.31221063707255
69.0,73.97129668597336
69.0,49.40063276937042
61.0,64.81859943664068
61.0,79.40811443761157
37.0,31.37431553595502
37.0,17.41735446968198
72.0,77.5956946551716
72.0,74.00899885839209
72.0,79.86559673288889
72.0,65.42884890975824
82.0,91.37868898527444
82.0,84.19440565878875
52.0,56.87847494229419
52.0,67.75956371553588
59.0,62.34815753733204
59.0,44.27452222491888
63.0,67.50975738722144
63.0,65.99252002704986
71.0,77.83377767052923
71.0,55.510783803582285
65.0,70.3287834288497
65.0,60.01249842037845
60.0,63.76021095887046
60.0,62.92773264705488
68.0,70.02395475224012
68.0,34.69304073057947
36.0,31.49851904034182
36.0,32.18963478247599
53.0,55.55381603166052
53.0,81.32202553287419
64.0,70.42535165763275
64.0,55.62545971483047
48.0,47.943234146545024
48.0,48.38578359341017
65.0,67.83139948009921
65.0,70.07769992447544
82.0,89.95214232331983
82.0,61.29645864068317
29.0,22.050430478006263
29.0,11.564089190940592
63.0,70.06293678867661
63.0,62.41102856589532
63.0,69.55351722805977
63.0,71.70437422367047
66.0,71.67142326847056
66.0,81.80098907478362
21.0,18.443443247619314
21.0,77.64610728112547
69.0,76.79411920655025
69.0,54.64557331133909
52.0,51.324707137687426
52.0,80.29822679548181
77.0,80.82183016315184
77.0,78.67218000747073
54.0,52.56694283929187
54.0,55.27933678892333
57.0,58.45399856775157
57.0,42.22536218973545
71.0,77.07382129462627
71.0,47.92420229926654
64.0,66.23241625926363
64.0,-8.605402789145899
55.0,52.42895287395521
55.0,55.7559014854599
70.0,75.72459114131442
70.0,72.5509998708389
72.0,74.7636049279995
72.0,10.281173926001145
52.0,52.31117182201717
52.0,70.76397184104349
78.0,84.44378254100894
78.0,61.292489809134565
75.0,84.29161680878741
75.0,51.641129844388274
62.0,63.07127845311879
62.0,82.84518649396222
79.0,88.05915864730264
79.0,71.97658065237545
38.0,40.91359897544908
38.0,62.78557838442083
48.0,43.35463979461264
48.0,67.57298972507937
74.0,82.00946186764395
74.0,77.66929879788688
68.0,72.57461161421713
68.0,52.956034762611466
19.0,10.641750066702116
19.0,62.003146051684155
76.0,83.63443309904517
76.0,83.1813848766779
35.0,33.842172566128454
35.0,70.27877977659426
69.0,70.04042376672311
69.0,70.69496737696738
41.0,37.72368983115882
41.0,84.22047444236176
51.0,53.78610039939855
51.0,70.41611077433379
61.0,65.36229683622577
61.0,61.50827437010469
77.0,84.47521905565173
77.0,63.054664602599644
63.0,66.99598980573688
63.0,78.55939718709192
46.0,46.77745399239524
46.0,39.70325331910294
52.0,51.56932026310932
52.0,93.32783210271867
61.0,63.210688178664384
61.0,35.37572865376541
61.0,64.54371149380529
61.0,61.92336088222828
72.0,77.94121264828789
72.0,53.06866737293052
69.0,73.2379051372626
69.0,45.57908685476633
73.0,79.83667135557391
73.0,69.45447927587435
49.0,43.48130092042834
49.0,68.7289510626631
77.0,81.58914027514743
77.0,68.61611498576883
68.0,69.97170880030643
68.0,75.51219093186421
68.0,72.11353230017681
68.0,67.99542487628878
66.0,71.84817911510493
66.0,61.651466585748324
68.0,74.10894360536452
68.0,77.8018163742185
66.0,66.33300805028517
66.0,44.45539560992012
74.0,80.321339827082
74.0,43.04279310549839
65.0,71.42485558914194
65.0,62.39977768205068
37.0,32.448853762203726
37.0,65.64714024519549
70.0,78.49130976263086
70.0,74.37603932103667
76.0,83.86486809566128
76.0,47.40665061654846
72.0,79.86251899954095
72.0,65.78300319186792
70.0,76.69692025054309
70.0,86.10070771146718
71.0,75.13403558307022
71.0,79.22010128864076
81.0,89.01322180672076
81.0,85.41312321891581
51.0,54.46770602009019
51.0,39.36699510158758
53.0,52.657583633783645
53.0,58.67703974447852
78.0,85.4533965859336
78.0,47.07554515365803
38.0,39.39882072629524
38.0,2.953031282666018
50.0,49.70012959228296
50.0,70.3126002592079
60.0,64.2053420683809
60.0,19.16687455473948
66.0,68.47930625476289
66.0,59.280615146941955
48.0,44.20944657713619
48.0,70.8987655694059
37.0,40.5469303861301
37.0,79.11783347241482
66.0,66.41099472224238
66.0,69.78855823229111
59.0,63.771952634578156
59.0,75.07402468360311
66.0,68.64123693655574
66.0,44.07728298559459
78.0,85.72414437656522
78.0,73.34312997660237
60.0,66.47748900886927
60.0,49.02263572788439
67.0,69.09454096432307
67.0,81.1565947018587
60.0,61.3993450267979
60.0,64.76627913178305
73.0,78.66014987376082
73.0,60.28172414457043
75.0,80.24840744309682
75.0,60.44348247153533
68.0,70.07328995859797
68.0,64.92393708895531
67.0,71.79511602491323
67.0,55.11195316097621
36.0,36.692672260833945
36.0,65.76671484750227
31.0,28.194471649668515
31.0,68.23696655618357
50.0,50.86256620180757
50.0,50.876876344312564
58.0,60.7376628711325
58.0,64.09794214898636
27.0,25.20846879828963
27.0,32.62923545977242
37.0,35.72965523913189
37.0,33.356189318793156
63.0,68.1947498663385
63.0,63.547030341535105
26.0,27.082549695585385
26.0,41.02277536564691
69.0,73.15834707423556
69.0,49.44947836535215
68.0,72.63119709896876
68.0,59.49262062032017
66.0,70.11647465402586
66.0,83.37031979527347
43.0,38.047552507491275
43.0,80.90897257393777
15.0,9.753207939415518
15.0,38.17532131889874
83.0,89.08737141967919
83.0,69.5942065076693
75.0,84.46771319299097
75.0,80.14704601805613
44.0,44.81517565772765
44.0,63.86167640988259
64.0,70.97701500752743
64.0,83.27642189184337
18.0,7.70177839969233
18.0,18.148100294169808
31.0,29.095430826138283
31.0,80.55204184588098
10.0,4.165525231792685
10.0,78.40338938708317
38.0,39.00699963835609
38.0,68.00346241779783
64.0,69.27870843451308
64.0,37.55616494567653
76.0,83.00864965385597
76.0,52.29624867028326
52.0,55.10952238959368
52.0,66.82312988564593
55.0,60.85172631894892
55.0,72.803342177805
65.0,69.32397425340218
65.0,65.12303199308616
37.0,35.159606280240325
37.0,51.29596074433567
74.0,77.68459514635492
74.0,80.99551278690325
60.0,58.7267261033208
60.0,60.0962283320909
48.0,42.301458764555264
48.0,47.298328218036545
76.0,80.64678653466456
76.0,74.86951333815762
19.0,9.423215869976218
19.0,77.11682207136192
63.0,65.3349983242494
63.0,76.51457186338325
64.0,65.48622702736134
64.0,73.2402492520502
52.0,52.890365728184634
52.0,73.52151115004733
69.0,76.11319260277025
69.0,64.39827109447691
42.0,43.474722353768925
42.0,54.66067997458504
45.0,44.80752482948856
45.0,20.33290500281521
69.0,75.58140121792684
69.0,16.60587473583041
70.0,76.82221560040279
70.0,67.96767832690267
80.0,85.44347987711046
80.0,7.70177839969233
81.0,87.20152245454256
81.0,28.920069176206596
57.0,57.43478736518529
57.0,50.42924942434689
74.0,77.86629774109338
74.0,39.15981144154375
81.0,88.67965044761291
81.0,55.52531452773718
24.0,24.76194409984521
24.0,63.33086210370351
13.0,6.283099385150933
13.0,51.89837948687199
63.0,67.2325646315972
63.0,37.488464813956114
72.0,76.82218490467613
72.0,52.16661589254494
78.0,85.66830195219842
78.0,76.16728562118175
76.0,82.7046625852609
76.0,57.43473214112754
35.0,31.487719066286843
35.0,68.59466351906116
80.0,84.76778413633156
80.0,57.96066242479503
74.0,77.10678324765217
74.0,43.9126377639119
68.0,74.41590388632073
68.0,59.89130351011289
35.0,33.842172566128454
35.0,75.6605180091268
64.0,69.59740145757803
64.0,75.07259284998327
51.0,51.4552792294794
51.0,72.69858278490386
47.0,48.98150268415952
47.0,73.04598626793705
51.0,55.791162386911196
51.0,45.32088712527366
78.0,84.63738090418974
78.0,39.904319357268264
60.0,67.83958769649672
60.0,26.70429293372348
50.0,49.25473274704365
50.0,68.90370932195918
68.0,77.77530726659518
68.0,66.92012630900257
48.0,50.6661249880471
48.0,47.64038568021056
69.0,77.08369588654608
69.0,79.99357642610852
63.0,68.66619101430763
63.0,58.88167566020377
62.0,67.65618228121849
62.0,76.47572227221531
54.0,54.231498028519525
54.0,71.68064369715609
69.0,72.66645215247092
69.0,71.38779391113957
52.0,50.61424584301443
52.0,76.69731688486542
47.0,42.43028189049693
47.0,68.69933468201106
80.0,88.83368438202132
80.0,89.62213050125843
64.0,67.28844324501966
64.0,69.9375992006353
73.0,78.57164576758026
73.0,76.29107052936695
70.0,74.36951948170753
70.0,72.0748912001037
70.0,77.92968594827454
70.0,70.25458418788799
80.0,87.72379659757797
80.0,71.0520538625322
51.0,58.44579735958297
51.0,73.8679044506581
52.0,55.547653898887745
52.0,42.981560955455734
71.0,74.34243560483884
71.0,62.49689121853345
67.0,73.8546354437471
67.0,74.92665855911787
50.0,42.32199308250813
50.0,41.34972188889674
70.0,77.33167954263496
70.0,55.46277418882846
77.0,84.1443675906454
77.0,26.15969932215785
69.0,74.36604184707613
69.0,68.20711790496887
66.0,69.01323330080828
66.0,62.61268131598683
68.0,71.2270766057024
68.0,74.74369609412645
71.0,75.49773936802671
71.0,57.770258355103806
68.0,70.45954215728085
68.0,51.547220571837215
73.0,80.72018593070948
73.0,66.16320585167597
76.0,81.19260096699145
76.0,53.3473438495771
31.0,21.511911142588986
31.0,52.39110147782009
77.0,85.2948050923938
77.0,83.34059020118178
46.0,46.26972221841527
46.0,68.13708433552546
48.0,49.768377349846105
48.0,69.15232938042107
69.0,73.18172556469693
69.0,53.47191929086688
64.0,69.24423511550339
64.0,69.79487179495652
59.0,64.17321091794861
59.0,75.28030196922174
66.0,69.0062343931329
66.0,70.05479406304204
61.0,67.03993828479935
61.0,53.171414612617525
64.0,69.05982092987631
64.0,85.14501038373845
59.0,64.91723529563694
59.0,82.04208497940601
70.0,76.16031761874848
70.0,71.50790199447681
77.0,82.83323872443322
77.0,51.078125463276194
75.0,82.27487135894978
75.0,79.31122733505532
3.0,0.28525453554954083
3.0,56.342586821684904
41.0,42.85742105734499
41.0,60.98961586651018
61.0,64.46809523288391
61.0,75.27862170532183
71.0,79.85418960084382
71.0,86.30061037750386
42.0,43.299304851482816
42.0,65.12169549815019
76.0,83.37966148008763
76.0,45.5837654349757
79.0,85.45206454038555
79.0,82.07394699965334
72.0,74.93376024191423
72.0,61.442303278153645
72.0,76.93137910457784
72.0,28.998547429946257
27.0,21.71171297082077
27.0,77.21728214448308
75.0,82.82773196487386
75.0,40.80283907662755
60.0,66.57489408609587
60.0,66.37677413256483
43.0,47.91692361005431
43.0,44.84433823270763
27.0,20.33290500281521
27.0,82.50056997700176
72.0,79.72122238335862
72.0,55.75795527376033
24.0,21.892336797304495
24.0,65.99478173973642
55.0,55.795539956467564
55.0,80.89252296350679
49.0,47.408876119690774
49.0,10.596380707623155
62.0,65.54384721382758
62.0,80.74608360063348
70.0,73.2804982262686
70.0,75.09435614395301
44.0,45.12909264841386
44.0,57.398528547025535
56.0,57.07706496207936
56.0,53.51187826612869
44.0,39.8407682233576
44.0,65.48247216613328
67.0,69.71605891534409
67.0,75.53024949817052
46.0,43.1969711600218
46.0,58.153887720947125
31.0,23.32693075915114
31.0,80.0368898903024
65.0,69.41899279310087
65.0,50.6772488828542
57.0,57.86621652435173
57.0,60.03689627681297
55.0,54.91102581266614
55.0,51.49218624329109
62.0,64.40093972127926
62.0,89.15869596621593
53.0,56.34036261614813
53.0,54.00122758078976
70.0,74.61788577138537
70.0,84.57116804388602
42.0,40.98210799100417
42.0,38.09147167595103
26.0,26.579723099635885
26.0,64.31741147017686
50.0,50.259043476925854
50.0,51.161428452486746
62.0,65.43717685616537
62.0,74.20373338067373
69.0,76.622349635982
69.0,41.24041231926708
41.0,37.44675115197987
41.0,67.86965795517648
58.0,61.0016216583291
58.0,46.24042708801511
67.0,69.01082847678339
67.0,52.532177929739134
60.0,59.42656775680484
60.0,66.3505341729026
73.0,75.656216045809
73.0,84.07160641288073
22.0,15.814233742195881
22.0,61.99608704840347
58.0,60.908320777443976
58.0,48.51377229465851
61.0,65.47107872633677
61.0,68.89948191019442
26.0,19.950763003646898
26.0,12.931404991849774
24.0,15.978154095621562
24.0,61.15962256755307
62.0,64.00280332120974
62.0,54.39641957793259
67.0,72.75885449912971
67.0,63.20491749397178
55.0,61.92314545821415
55.0,77.85696506376706
49.0,49.332716913969364
49.0,53.329835917628714
53.0,56.48467629168681
53.0,53.96263123798548
56.0,58.66015650489021
56.0,52.557533963510764
66.0,69.2261276343657
66.0,81.33491533869085
20.0,5.92694030390885
20.0,60.77734029579773
72.0,78.6750930423674
72.0,80.56908812744939
41.0,38.53567803760802
41.0,36.48473252137711
67.0,68.47981982180215
67.0,17.615977417707597
74.0,78.48439195348925
74.0,83.66343395931437
69.0,67.03177370418933
69.0,29.095430826138283
44.0,47.829981193655215
44.0,32.16260501913945
72.0,77.3271590314522
72.0,77.83410559983548
63.0,68.49889533003903
63.0,77.18539701132693
57.0,60.66262227822938
57.0,79.00131269174011
56.0,52.39578431525837
56.0,62.98249704631843
71.0,78.91379889590218
71.0,55.71458650645701
58.0,60.68187453337748
58.0,80.22207447876104
60.0,55.98570452983711
60.0,70.36755367216745
65.0,68.98866026842097
65.0,49.03284282407702
67.0,66.06134055063228
67.0,11.337122534909497
56.0,58.645667516273306
56.0,61.106723067855796
58.0,62.493879934091694
58.0,81.5379412294563
48.0,50.421767612937856
48.0,75.7619191692915
49.0,49.37224430672637
49.0,28.99524263065871
74.0,79.96485757913706
74.0,29.52597218534936
73.0,77.5404524304588
73.0,78.38574217505567
49.0,48.69694673638884
49.0,80.08798901965798
72.0,78.72836895657758
72.0,77.47683198692829
35.0,32.31260083267745
35.0,71.04938269125967
67.0,73.36760422717435
67.0,78.13945879402928
68.0,73.33339118203878
68.0,69.08773548384022
63.0,67.15794630539534
63.0,64.50561920878306
66.0,75.25122371693857
66.0,33.802062729774434
33.0,33.953247875786474
33.0,74.75216453959581
50.0,53.56673605523292
50.0,62.3486780036493
30.0,28.73449654698652
30.0,80.06617465789043
43.0,40.967285336658904
43.0,76.90035650287626
65.0,69.89619847992248
65.0,75.14209849258549
59.0,59.762746328564674
59.0,76.13778144822356
62.0,65.83069900963363
62.0,73.6646975423169
65.0,67.00688744780535
65.0,81.2822875894492
75.0,78.98770656239373
75.0,38.08945153004578
51.0,49.45142074995891
51.0,61.86100698730911
51.0,53.14763992280109
51.0,65.37564713230938
64.0,69.64992710969699
64.0,69.6812901344552
79.0,87.68749905074856
79.0,72.32080655087759
52.0,49.08031114147019
52.0,60.257452293270944
72.0,79.2205424990396
72.0,28.233344264444327
50.0,49.95880219091856
50.0,80.74797069972453
38.0,37.58509160862201
38.0,68.76215381344366
74.0,81.47137839926427
74.0,76.99974113588144
72.0,76.04781713917777
72.0,66.83698107954024
73.0,76.85704509874552
73.0,88.30286599835148
58.0,65.29006971589098
58.0,75.88469611740561
78.0,83.92224723169454
78.0,69.8395353778389
74.0,82.70860681283074
74.0,78.3724310026405
72.0,75.72098874254215
72.0,81.55620072763702
52.0,53.69280844760033
52.0,61.30464511502464
58.0,57.31253213975384
58.0,71.24659014174506
56.0,56.63176478555988
56.0,78.64926980247986
44.0,44.05386729904933
44.0,60.74419625466618
62.0,63.80641088914797
62.0,53.27786168685702
71.0,77.06775676264164
71.0,70.17766688708912
39.0,37.08603552280141
39.0,76.96558971179257
68.0,73.30919460657651
68.0,54.53236961731693
74.0,79.31274909770167
74.0,50.413547735455154
68.0,72.30542546180658
68.0,82.84303014401485
73.0,78.20350047574192
73.0,12.103607147610148
52.0,54.44656030147485
52.0,70.9051684121855
41.0,39.48264886594501
41.0,79.45752040549866
68.0,74.14038568299708
68.0,87.76971112959689
70.0,73.39505174689327
70.0,67.78180819840486
68.0,72.96742319990358
68.0,54.8862194327852
63.0,62.55690514187506
63.0,88.7684595124204
67.0,73.85680012519299
67.0,77.254003568791
67.0,76.33717281367984
67.0,59.85530165787378
67.0,71.51973587798682
67.0,32.38275384936554
40.0,42.26693378145126
40.0,61.874302301059174
59.0,64.27533555139951
59.0,55.85230130772351
69.0,75.59460782800846
69.0,81.07776428678756
71.0,77.40749888648276
71.0,64.28222363477727
71.0,78.46128613636228
71.0,52.27894391977361
74.0,80.44075319083197
74.0,66.5176387243111
71.0,78.4136330487384
71.0,1.7436352344745387
29.0,28.71330380530594
29.0,16.463703503576426
80.0,87.98410293161169
80.0,57.476690995621425
39.0,40.201489012043
39.0,67.78815010647713
65.0,68.11773369217474
65.0,61.19151082346457
65.0,71.52613304583457
65.0,63.577969165363356
16.0,12.460264729762457
16.0,39.438419841597124
71.0,79.32184915937711
71.0,60.726092679930844
68.0,70.90888908446868
68.0,45.25485560898187
68.0,73.90559463039767
68.0,92.4036872148223
71.0,76.16458149311825
71.0,60.50732345963985
54.0,59.29372181693316
54.0,19.634361474585205
65.0,69.96659114890474
65.0,54.5095620911344
78.0,83.37848083254084
78.0,68.25014869254238
59.0,63.765908914912984
59.0,54.77627085743359
62.0,64.09619188937182
62.0,63.1735325530866
76.0,83.4823324223907
76.0,52.45799995598304
78.0,86.22452012126757
78.0,66.54083860663025
73.0,76.00740794696804
73.0,37.28225778643872
57.0,56.26553567802614
57.0,47.81279478879111
74.0,79.4849132975649
74.0,58.36353809614843
49.0,51.11046382463047
49.0,61.51108921091554
65.0,66.7803967242092
65.0,72.37229441687316
68.0,74.35973615129893
68.0,9.753207939415518
60.0,65.7032182375699
60.0,70.05829518910559
64.0,70.38676835510677
64.0,45.37085141824582
38.0,41.64138740043455
38.0,74.97553832102454
43.0,48.87903379094848
43.0,64.42895089357842
75.0,81.50173157376088
75.0,59.62758482508832
59.0,64.50410786650451
59.0,27.350650485293386
61.0,69.45291066582593
61.0,81.9199765375322
56.0,54.40339035523118
56.0,42.727226560902125
42.0,43.465529027735954
42.0,59.515721400032476
68.0,73.43841063928505
68.0,19.59943402399017
63.0,68.2152396248328
63.0,67.09247337230522
65.0,70.31855275273989
65.0,62.8344162833244
41.0,43.347766870011355
41.0,50.655715674654914
71.0,79.64328724881216
71.0,71.37213510538038
56.0,56.963808913194725
56.0,72.34794192285204
69.0,73.321335300464
69.0,76.51506237358149
68.0,71.94208941306329
68.0,38.392055442209255
66.0,74.40608703018665
66.0,70.22319873708466
46.0,48.338796941511134
46.0,69.06625284917732
67.0,73.53086188082614
67.0,66.88909701622475
50.0,49.9879292787881
50.0,61.02852494071959
71.0,75.7985424786329
71.0,76.10634092885277
55.0,55.36119833190003
55.0,17.011045937327196
37.0,32.956223561265745
37.0,73.9927968660354
69.0,75.07175853700505
69.0,45.8491712140833
78.0,85.37871161464551
78.0,93.98325836123718
74.0,78.77361654622518
74.0,43.93418545099951
60.0,65.17263516085416
60.0,49.02373659868397
58.0,55.103664600670356
58.0,73.67492842395467
30.0,27.00109206351368
30.0,42.12677846617646
70.0,74.93267812459095
70.0,32.17798082248976
62.0,67.80243555380008
62.0,16.88688291864179
75.0,82.4938672955538
75.0,44.52714073261802
74.0,79.16064566030025
74.0,44.91336319541335
74.0,81.84365028236635
74.0,59.88939471203906
54.0,56.64719084236714
54.0,65.9512079275055
54.0,55.702277211220405
54.0,74.68064293882338
42.0,38.201164737981685
42.0,36.61677484576768
64.0,69.48230508799304
64.0,76.19676425143388
49.0,52.451675643193994
49.0,57.73629152640325
50.0,50.92512360216705
50.0,43.97724907272129
83.0,90.66892420672741
83.0,57.80118708635075
57.0,60.921776248326864
57.0,76.03051887722484
52.0,52.89771555830475
52.0,68.064614785287
26.0,11.195611110903826
26.0,81.72959382154443
71.0,76.24670575783034
71.0,54.762352302911836
75.0,83.30036951558395
75.0,73.68710578872123
69.0,72.51375482370668
69.0,33.684969051332644
73.0,76.78615159173847
73.0,68.91921807077574
62.0,64.78282973343931
62.0,17.55477916607464
34.0,18.445848025205066
34.0,67.973493422476
61.0,64.47913445153256
61.0,77.69184282646745
72.0,78.78128829587308
72.0,69.5916694669321
56.0,56.64727274199146
56.0,86.4945446040814
41.0,37.58599835403385
41.0,80.97483621931639
74.0,82.92209933032586
74.0,61.58636416934769
82.0,91.78696210150855
82.0,62.93066961730608
68.0,71.5174306309193
68.0,67.44698983505845
76.0,83.66611245640075
76.0,89.58164926059857
68.0,74.83170700835814
68.0,81.53035512256946
45.0,46.41301489573931
45.0,32.54675787149955
64.0,67.72793258746674
64.0,43.5035844438417
73.0,79.99904155070004
73.0,48.972006948663136
60.0,63.893174461720605
60.0,26.41047721613353
47.0,49.523152168980005
47.0,35.288751874414686
46.0,41.952757811175104
46.0,69.10022160472255
68.0,74.99898876471815
68.0,79.14781770989907
66.0,68.08643662762375
66.0,64.04567392430556
72.0,76.76292179358461
72.0,32.60301240907842
44.0,43.37020315547875
44.0,78.6035237490999
73.0,78.7564678240762
73.0,61.92941166613042
71.0,76.44313025485667
71.0,85.01786117996193
71.0,77.21115586334105
71.0,64.85294189648965
68.0,71.75124570934912
68.0,36.551499776063224
61.0,66.23508575790277
61.0,34.35074217185695
46.0,51.96165579999422
46.0,51.214967242567695
55.0,54.67581396855394
55.0,70.40856107118191
53.0,56.72165443717381
53.0,20.767097840252234
69.0,74.76894315035395
69.0,30.15514834008269
69.0,74.29670853343112
69.0,28.814069177583747
26.0,31.37887454797135
26.0,23.930097632792013
76.0,81.74149023185544
76.0,64.63689255088059
69.0,72.18318973129493
69.0,16.598502151730088
75.0,81.4576638668662
75.0,45.766102270668625
65.0,68.08606980665337
65.0,45.56303255614711
63.0,67.0165807033028
63.0,70.96784943599499
71.0,75.1867754575357
71.0,59.94689038126768
58.0,63.06699239996732
58.0,50.741974273213145
20.0,-0.32744939996172207
20.0,26.569464300083382
40.0,39.75040922977581
40.0,0.4906201428843815
69.0,74.77596034299256
69.0,50.837636668882055
69.0,70.06846386209895
69.0,68.99045119238201
42.0,37.60211747919794
42.0,60.68275269349368
77.0,86.06309278080943
77.0,53.48894395096306
70.0,74.88499882917068
70.0,53.84407839513659
67.0,72.0829852013378
67.0,77.58957280186428
61.0,63.65208708771081
61.0,73.27877726085933
82.0,87.7042488431079
82.0,46.52955056100029
64.0,73.46689548786549
64.0,74.41590388632073
54.0,52.902095311778055
54.0,67.45478376225361
73.0,79.21087819339755
73.0,56.06219963127006
40.0,40.00786023218842
40.0,39.34600326188439
79.0,86.55703946854902
79.0,35.797743811754515
29.0,22.704133318604306
29.0,21.21219097411887
61.0,66.54860933450811
61.0,3.6381660749178764
57.0,57.309550588042555
57.0,59.49059877867154
78.0,84.67088830036954
78.0,73.73288634662919
68.0,72.20445999776774
68.0,71.55718832255144
65.0,68.0366198476068
65.0,63.42627037254482
69.0,71.79997287081437
69.0,50.82070466387455
22.0,10.781795023828295
22.0,76.95299257618302
68.0,70.79023086453384
68.0,38.5423845906501
59.0,62.06586780308464
59.0,53.912072194945495
18.0,8.44606921512218
18.0,57.500186031317696
49.0,50.87609437444013
49.0,52.753217182411845
42.0,47.48839577361167
42.0,83.55466410174324
41.0,36.76111366594711
41.0,41.222421555451206
63.0,66.72615571450092
63.0,34.21286265112968
43.0,48.24613093294016
43.0,71.69588269614087
70.0,75.55654186633683
70.0,44.46021401022364
60.0,65.31363621246652
60.0,61.675690132157456
71.0,79.55778806041678
71.0,74.68349469798432
73.0,80.08898397276585
73.0,62.3442236795708
54.0,57.793533689257686
54.0,60.89176705363121
62.0,67.39414234918547
62.0,50.871925059127705
37.0,29.900963352672875
37.0,72.76786560666636
65.0,63.181078623868586
65.0,71.17927851928874
37.0,37.56766756476122
37.0,69.20621371336887
75.0,84.0189914634177
75.0,76.56396541144699
24.0,16.461007372816027
24.0,64.03233281457881
51.0,51.398384470274095
51.0,57.97927562286117
65.0,73.18818738071303
65.0,33.18074071857711
66.0,69.75251859996428
66.0,51.69556774874809
63.0,68.64509081770649
63.0,65.48536293181661
75.0,82.56528594777939
75.0,62.976292390676065
72.0,79.60264473085607
72.0,51.16242359578996
46.0,46.85423012881034
46.0,13.818985290460319
41.0,41.03481625297843
41.0,51.915236036897
65.0,71.35276481639613
65.0,72.14759803241498
58.0,56.96587597102956
58.0,83.11862938503026
63.0,63.47853021949447
63.0,23.61502287484751
75.0,80.9801294732734
75.0,55.76020124381125
46.0,46.86680808714442
46.0,65.41012096546211
73.0,79.44083587161367
73.0,59.05800039198283
78.0,84.12371681553253
78.0,74.58307086191405
39.0,35.4459741039326
39.0,16.84211033317291
42.0,43.36673496452971
42.0,85.7592495763613
28.0,22.404516852482004
28.0,70.25900061040642
53.0,48.962126213334614
53.0,67.26514888298215
43.0,46.4407118017437
43.0,54.652998357116076
49.0,55.22044296952515
49.0,77.83787156193813
38.0,27.68281321111982
38.0,69.60642864284642
63.0,66.54291428469611
63.0,50.53580685922418
70.0,70.81346094113951
70.0,58.55091708194533
58.0,58.08158265079709
58.0,61.54017875516115
24.0,11.195611110903826
24.0,65.43590439294894
41.0,41.61301314973167
41.0,44.69910624074902
56.0,61.40333198619368
56.0,65.50041165682808
54.0,55.45896101037198
54.0,67.35997626893004
75.0,80.71837585057017
75.0,67.26067603185567
67.0,75.09284811035621
67.0,61.29204349045182
64.0,66.24653055020411
64.0,61.986491588929425
56.0,57.366755110892996
56.0,87.05648308238682
24.0,22.14390501068783
24.0,75.87606849628469
46.0,46.952621855098926
46.0,61.84058703400484
68.0,76.83559220411331
68.0,73.62693647430092
66.0,68.76840273561282
66.0,60.015322837533574
35.0,32.14170432016169
35.0,71.07254459195656
53.0,55.10434763274452
53.0,58.313587066428056
54.0,56.52986948229693
54.0,71.97805453409762
68.0,71.62261151820934
68.0,73.04728349303497
67.0,66.28936154377465
67.0,60.27905323244158
79.0,86.14385402391025
79.0,87.58657824964598
64.0,70.03342558680242
64.0,25.501879880458716
72.0,74.69863404736827
72.0,40.12924823506336
42.0,44.71892266167475
42.0,75.2454430394377
73.0,78.78982808350906
73.0,67.93650988204138
58.0,56.54705313726549
58.0,62.40959207571399
11.0,10.725673298541778
11.0,82.17150781449482
62.0,69.87935272279265
62.0,20.810487892051412
66.0,71.88633737624008
66.0,68.13663405389678
43.0,43.16171763610123
43.0,70.18067695468545
38.0,34.43130144182862
38.0,68.28527666885566
44.0,46.84805907321129
44.0,47.89806448063183
26.0,19.16687455473948
26.0,67.98641575324262
71.0,77.76401071345742
71.0,69.0779936367357
71.0,77.76536446712026
71.0,82.85555258989177
71.0,77.02666999620402
71.0,52.340202915013606
40.0,38.02767762075922
40.0,73.49900415670993
59.0,64.8690826997439
59.0,72.73382541317
83.0,90.13808687548402
83.0,40.97758032591355
73.0,77.83235020746605
73.0,12.437996866818423
63.0,67.5695417271669
63.0,12.668703243555683
73.0,77.82125140210593
73.0,45.22928841240133
53.0,56.34827573379329
53.0,65.56101564870971
38.0,31.14441507987857
38.0,89.99392982237288
56.0,59.54358526169915
56.0,50.844104396638556
66.0,74.45958971958851
66.0,72.45639143036487
60.0,62.85778303928549
60.0,64.08938116304938
74.0,83.85851717407604
74.0,7.588942442120754
63.0,62.02248336593158
63.0,56.317772691436744
43.0,36.489449446564095
43.0,75.08349895167981
79.0,86.97429891607936
79.0,64.03663849839802
16.0,1.8877576801650093
16.0,70.75327886528385
35.0,21.024040668037742
35.0,45.45011206706863
32.0,17.725010335111676
32.0,56.850510712630694
26.0,15.49106698146278
26.0,77.9390427090683
29.0,30.13647003877054
29.0,50.5777060436036
78.0,84.10960184806419
78.0,37.3784180817712
53.0,58.22879517336247
53.0,60.64678382314469
63.0,61.92287326103491
63.0,89.77059908922536
35.0,26.87718928730112
35.0,44.048607994676615
66.0,69.77917760742696
66.0,83.22332258124044
44.0,44.73786766055491
44.0,77.5146917008509
26.0,23.144967699839924
26.0,82.21864579995378
61.0,66.66618960788946
61.0,81.09443728827591
67.0,74.16969082621273
67.0,48.17299842677414
62.0,63.51087104220005
62.0,79.1245441783592
59.0,65.92207418235483
59.0,86.13744208934685
67.0,72.73619318483793
67.0,72.14357058892205
56.0,55.31054518487031
56.0,76.520793863005
76.0,83.99841649817529
76.0,58.38418497804702
57.0,57.953723439513794
57.0,74.00072949231753
57.0,60.19262653200872
57.0,73.43544060223019
76.0,84.13709262636291
76.0,79.9990079304161
70.0,72.76283695184975
70.0,56.42567209688224
23.0,16.561482356286206
23.0,53.83334227333444
68.0,70.58046997407092
68.0,47.41745248901714
66.0,68.57901697298314
66.0,22.19470943966877
53.0,56.99874785939295
53.0,32.70953306455476
53.0,56.25549881724908
53.0,76.0904624962896
55.0,58.47485095036603
55.0,40.81574916171644
68.0,74.41221000843433
68.0,16.461007372816027
68.0,70.06968216465066
68.0,73.19224766242411
26.0,27.829226778128543
26.0,82.50114567676735
48.0,44.96784865908114
48.0,74.8793305543823
52.0,46.18233016950239
52.0,78.58888748296289
62.0,65.43227025954968
62.0,73.65892669383362
69.0,71.44535552830973
69.0,21.131552602580143
70.0,75.83408215225643
70.0,71.94676243807339
34.0,34.72841614463567
34.0,75.66006572709477
58.0,59.03531328023399
58.0,66.20553186223702
51.0,50.362071455708474
51.0,74.33216244705909
65.0,64.61579065295734
65.0,61.401223529107824
73.0,79.21034851428783
73.0,74.49363508536555
75.0,84.78996775482597
75.0,58.27610356960861
62.0,68.27460188038327
62.0,78.81446099959118
59.0,60.73003511310054
59.0,88.52078424246349
41.0,41.68745106095173
41.0,61.81915050923658
34.0,31.804854584596512
34.0,65.22989972074305
24.0,20.817533148734242
24.0,63.81932189705128
59.0,62.79563151815398
59.0,63.28120038575423
33.0,31.80874322948108
33.0,69.08358081154319
75.0,81.18141248042036
75.0,66.85141623943463
49.0,47.415453850652
49.0,22.413320372131523
62.0,65.07836482277048
62.0,77.75834264202064
77.0,83.23435113123759
77.0,61.60912629477707
70.0,72.60912197214742
70.0,77.00046672417233
70.0,74.04162357832678
70.0,61.83934910601948
33.0,37.7780622665594
33.0,71.28251795521675
54.0,55.82184563744164
54.0,52.26882522404571
68.0,71.86694974639562
68.0,72.87698967775867
50.0,50.86256620180757
50.0,92.83219211131012
50.0,47.00760210496537
50.0,58.60696858436154
66.0,68.71660508919081
66.0,50.721199974232604
82.0,88.37934678741709
82.0,81.57417619648373
14.0,7.103503373762919
14.0,60.576379221445734
46.0,40.0718080335738
46.0,61.32651380561015
21.0,20.736596621857245
21.0,58.36880728887019
58.0,60.714787456047986
58.0,89.28394924466465
53.0,55.45896101037198
53.0,67.71491091594078
45.0,44.63384771732569
45.0,56.480418023474044
18.0,16.048669731873645
18.0,64.01784556466458
73.0,76.77607719988026
73.0,62.7704347473225
53.0,47.65307293708452
53.0,81.33062340021013
42.0,31.61437103444382
42.0,85.37292447015665
65.0,67.00568841157389
65.0,56.18583353374851
53.0,52.95795563926151
53.0,65.62840102246105
75.0,79.99243715106121
75.0,30.950251893729956
65.0,69.4683032504388
65.0,18.443443247619314
31.0,29.301638286275704
31.0,71.35170748136466
65.0,70.34307443795683
65.0,74.67643474620252
65.0,71.3800259025557
65.0,60.881359436289245
60.0,66.34573057719803
60.0,61.99421592664845
43.0,42.1427193596453
43.0,56.8126539496526
68.0,75.039570425845
68.0,74.57397296327667
66.0,66.04793694195831
66.0,67.80477394223777
64.0,63.666901901591984
64.0,42.088546221452816
65.0,70.09613199499529
65.0,57.461736975868746
47.0,44.90567327050729
47.0,45.32248519596163
30.0,34.9177556992866
30.0,31.082521198032055
65.0,70.78036743497427
65.0,78.4704469227151
83.0,89.51570862978315
83.0,65.76720538363509
68.0,74.62678032155674
68.0,62.77304547606269
71.0,77.69675870914409
71.0,60.19316714954226
79.0,85.90637060162868
79.0,66.59114477570984
64.0,71.52263546016047
64.0,15.113281477340593
84.0,92.18301926862227
84.0,74.11668328270855
49.0,49.84405204264084
49.0,84.61410677580005
53.0,58.79290477423041
53.0,54.57463839547614
11.0,10.100968011960845
11.0,62.13969271186579
41.0,39.120892710979206
41.0,77.56564290613215
76.0,84.32544268223813
76.0,69.95545246442805
75.0,80.10939420052722
75.0,61.92941327748957
60.0,63.64384962803848
60.0,35.183858991061584
78.0,84.69641860338044
78.0,56.95805824970665
74.0,79.01192791222542
74.0,31.88189841204536
47.0,42.43028189049693
47.0,68.05451506813
48.0,50.6661249880471
48.0,82.21985989718814
54.0,52.67109091115026
54.0,62.161646186163296
23.0,13.176002392876114
23.0,61.39001347117886
75.0,79.81822872438931
75.0,50.47022499661267
70.0,74.88088837528926
70.0,79.98035053291414
71.0,73.14901218854754
71.0,73.84315395249598
67.0,73.11079083720284
67.0,28.47789139533154
66.0,70.14029701874978
66.0,64.12685380906078
61.0,64.61970329585205
61.0,35.253985925597874
66.0,73.76880552766869
66.0,49.64964268953116
63.0,61.10537569698795
63.0,63.268587584280226
71.0,75.46310477386277
71.0,78.53798618234981
67.0,74.70051806998953
67.0,46.45145036494222
53.0,54.77323382588668
53.0,42.91509598705983
59.0,62.99386658113502
59.0,65.94719897491103
74.0,80.65136015593072
74.0,59.68330776410329
67.0,72.21642912831089
67.0,70.54211424540267
74.0,80.5121831793607
74.0,34.46870321936399
53.0,54.45053978649622
53.0,49.8848906341521
65.0,70.80834357367968
65.0,63.343346483800815
37.0,37.036372405537065
37.0,65.7998287239709
64.0,69.17085445609837
64.0,85.87736312215827
66.0,72.56937721869087
66.0,86.55404430287336
73.0,79.98598336878871
73.0,80.41281359809813
73.0,78.37603155471686
73.0,61.73644999644404
41.0,36.244576478597935
41.0,65.87312029321959
70.0,73.37226578796424
70.0,79.26432760084015
53.0,58.006550064392115
53.0,62.57682369193407
48.0,47.577612281827896
48.0,33.687499683013584
70.0,78.29016679599681
70.0,62.203519514659604
70.0,78.03971887017798
70.0,83.93041723945669
61.0,65.90772168063063
61.0,22.56278743439418
79.0,88.43810028231229
79.0,67.54825616186588
73.0,79.78077217252559
73.0,28.290512196242503
66.0,70.81722908791
66.0,75.88466779783073
67.0,74.58592203657281
67.0,60.898588067421656
38.0,36.79382009738174
38.0,54.60320311220107
71.0,77.35034600198162
71.0,71.7145248679069
69.0,74.36545987447425
69.0,53.55572070602767
69.0,75.38001166920486
69.0,77.4039876334869
65.0,71.8859824932814
65.0,15.340832266324696
67.0,70.86902915647579
67.0,82.1393693119453
70.0,76.09981705184407
70.0,41.923908437249736
61.0,62.175775231508055
61.0,85.22107639161885
71.0,75.20024485549214
71.0,65.37109496416963
71.0,75.45367737415711
71.0,70.4920201386177
57.0,61.486749460963665
57.0,50.144089248973785
71.0,74.38804076892183
71.0,55.39252958545296
54.0,55.822810841350815
54.0,80.72761916040423
31.0,18.002004796498
31.0,48.10962246649268
69.0,74.71995367967901
69.0,58.38479383993956
74.0,80.16465085125805
74.0,80.47792271750376
68.0,74.21578033190929
68.0,55.89293102234569
73.0,80.03045450214188
73.0,73.92907249723709
55.0,56.88452758462603
55.0,70.67988013861805
63.0,66.8200149478348
63.0,46.810113992512754
58.0,57.53697535729691
58.0,76.23536563849109
67.0,71.8253705723846
67.0,54.58028306872768
59.0,62.12698791466096
59.0,77.99519787746885
70.0,77.76749767602922
70.0,61.83580169931713
55.0,58.69285422337788
55.0,77.08270587235666
10.0,5.1143074570899785
10.0,35.23726482110425
74.0,79.92363444313395
74.0,53.597996984139286
83.0,90.65353401140732
83.0,70.87648555150315
74.0,77.5508864584454
74.0,38.81135268876642
73.0,80.05462487081081
73.0,52.340202915013606
58.0,56.07942315850988
58.0,21.11282331355659
37.0,34.040188888808245
37.0,61.68528026706315
78.0,82.7866724479793
78.0,49.114225646981254
68.0,72.16539076583899
68.0,70.5333060546701
53.0,56.27951205268306
53.0,52.12125811436107
80.0,87.55553577225896
80.0,33.232780054434045
63.0,68.66066755211517
63.0,76.74676076161478
19.0,17.86030199400301
19.0,70.6492957259826
65.0,67.07739971242864
65.0,77.59084851809462
68.0,73.15122394862539
68.0,19.170198891693246
56.0,57.865782416476634
56.0,22.962410018352955
51.0,53.936478037986205
51.0,81.61158531234094
31.0,34.50495671917241
31.0,68.28946511621785
66.0,67.72749331584606
66.0,-0.4375567967062466
41.0,43.381788783825925
41.0,67.2399764177099
47.0,46.44720991529732
47.0,72.19465068415292
73.0,79.0815549054227
73.0,62.801804226932916
15.0,1.9623000162521862
15.0,79.96453828676516
52.0,57.765929302621146
52.0,82.29727460177742
76.0,85.78479869527575
76.0,70.18518771526993
73.0,80.43627436820793
73.0,71.12151421197183
6.0,2.953031282666018
6.0,37.388220704785624
56.0,62.46582208623829
56.0,49.34037824864282
68.0,74.13995987862535
68.0,66.6359576903431
55.0,51.815857177276825
55.0,12.668703243555683
68.0,70.77859605407286
68.0,68.16155339577585
75.0,84.0719147713026
75.0,70.79853630400038
61.0,67.79711395745102
61.0,85.81161809278439
78.0,83.62644433696204
78.0,36.59480342566616
74.0,84.07930391414556
74.0,74.85531278704144
36.0,31.869613887068397
36.0,75.27221066200548
61.0,63.05891595138576
61.0,47.30038823934535
70.0,73.83223835768075
70.0,43.16672529474562
34.0,24.981901074946848
34.0,76.14274915226889
71.0,74.31689949813966
71.0,75.28506028566608
59.0,61.21120129609483
59.0,65.16139290809491
70.0,73.5670885408154
70.0,78.3594811424428
66.0,73.12661994822645
66.0,79.89144923350557
58.0,59.2302664680584
58.0,80.47583129368826
39.0,35.84984835146952
39.0,76.31706933248131
70.0,74.86957937195825
70.0,57.08996106960649
48.0,49.12579170467427
48.0,71.3473172010589
51.0,52.508975667198115
51.0,45.448184760144215
52.0,53.8619510121805
52.0,70.10022699743894
79.0,88.79169411726895
79.0,79.74955381255154
52.0,54.605276821353016
52.0,35.36475572475126
56.0,60.786221033347545
56.0,69.20183880823771
74.0,80.19077677472512
74.0,35.31751767929069
77.0,85.86855693518027
77.0,75.88543836477561
59.0,63.293188008116374
59.0,72.56944151766709
74.0,82.14264590159547
74.0,89.41542162984564
63.0,66.8831187901144
63.0,60.89011308575624
42.0,36.54245853133091
42.0,67.27023473049803
75.0,82.87417977511376
75.0,76.77331397268455
62.0,61.85771817409977
62.0,80.71294588127932
15.0,15.797006212508677
15.0,58.170924873005276
64.0,66.88962920352384
64.0,61.01736222805454
69.0,73.54716903516567
69.0,54.11678028542144
74.0,78.46048072860378
74.0,62.84256151960068
43.0,41.07521258803354
43.0,77.09947269153872
44.0,46.26691666769125
44.0,48.52895262209705
30.0,28.999251320348094
30.0,71.03616109556054
77.0,81.18690318598254
77.0,75.47202933567957
70.0,76.08150211309902
70.0,55.32436167112343
75.0,83.11625751073831
75.0,55.231852570500564
27.0,25.682846554558807
27.0,68.88671138854795
68.0,73.11776262359967
68.0,71.24029045510622
67.0,73.55923498020513
67.0,46.500397192795845
55.0,53.521369576896916
55.0,37.58526067622154
68.0,73.96759615963202
68.0,76.79309009801892
29.0,19.386795231613803
29.0,86.60259554402512
29.0,28.7421638615466
29.0,56.77911944175622
60.0,68.63510203427307
60.0,52.484619794684306
43.0,45.74862853989384
43.0,74.98010621494393
45.0,48.19990564676493
45.0,81.65869764344546
70.0,72.4776020479975
70.0,70.83281261131623
64.0,69.58209891501781
64.0,83.40276335316747
46.0,45.186689571302566
46.0,16.252867402408583
64.0,64.04730023184356
64.0,49.22858524421906
45.0,42.653536439757374
45.0,64.08640686885116
63.0,64.64170346276279
63.0,75.66479156522121
66.0,69.38457240058125
66.0,52.962298026479914
35.0,25.32022677715827
35.0,64.6005463252443
83.0,91.65762631007726
83.0,82.66196312745762
76.0,82.93977704370013
76.0,42.092900514554344
59.0,63.74032838399813
59.0,84.33233678154943
76.0,81.97352578409652
76.0,50.765007267466956
66.0,69.42630531424788
66.0,66.65233253432172
49.0,50.598716192071834
49.0,82.97784543024682
54.0,60.75191453738887
54.0,72.73645975448369
64.0,60.922145297316604
64.0,48.428605137840464
78.0,86.24516881555763
78.0,36.3894639091053
76.0,84.1302498132028
76.0,77.24494031381494
84.0,90.86817307935587
84.0,89.49856707220744
23.0,7.875182374969086
23.0,72.8188664959074
50.0,50.602957503703465
50.0,73.05149937464228
55.0,56.19184508521437
55.0,45.476365462855824
66.0,71.98464760087694
66.0,29.05012162020438
50.0,49.93705959012601
50.0,75.70155444242414
50.0,50.797186790194075
50.0,68.0164960446412
47.0,53.64469243368541
47.0,79.71084274915421
64.0,69.29074511696331
64.0,63.86326732285846
54.0,54.88437538524232
54.0,76.87980976052143
73.0,79.98084647168861
73.0,51.45564292783877
56.0,63.313758337571755
56.0,76.62776132954508
60.0,60.75944836131316
60.0,68.65232768146672
74.0,79.13043128324591
74.0,57.995877032783426
68.0,71.14310585401233
68.0,41.61977494402862
82.0,89.64706154164963
82.0,66.50992829405646
42.0,41.98041795862457
42.0,80.08778572717165
52.0,48.51404731775739
52.0,49.55334564225893
67.0,71.17435119943576
67.0,76.20997637309335
48.0,54.49272351444648
48.0,64.54135520357278
38.0,33.54133314081366
38.0,81.61249710098178
39.0,42.52737115147778
39.0,71.45572545923989
76.0,81.50806043973228
76.0,72.9498555489144
28.0,14.226169605092139
28.0,79.4571140882648
74.0,81.77680933312973
74.0,60.108471020987
37.0,35.287917420788915
37.0,67.32004531004014
61.0,64.97895292098036
61.0,54.515490093415735
68.0,75.49028695457224
68.0,63.95618777334977
61.0,59.39182534387339
61.0,46.15571649688064
66.0,71.73166555946739
66.0,53.00720948998912
59.0,62.73925669112435
59.0,86.5948012843649
26.0,22.763633698344222
26.0,66.85710816532588
66.0,72.39234498127757
66.0,63.46618796350566
70.0,75.78527157584898
70.0,64.02291840435583
30.0,27.616217442291656
30.0,34.93793502753425
47.0,46.21373941562115
47.0,72.06282734742882
58.0,55.24901422277935
58.0,51.94082112569987
31.0,28.195371109589985
31.0,77.33006623208195
71.0,76.7650946296871
71.0,72.08085431424394
60.0,59.65408600552274
60.0,82.21465207205767
55.0,55.93016476425373
55.0,59.825420364709885
64.0,69.72349650074534
64.0,82.85731915927306
60.0,66.69511023898804
60.0,42.834122852714984
53.0,53.26235337085086
53.0,81.3906078852977
67.0,69.85635736215181
67.0,63.888530681201246
77.0,84.39418368994637
77.0,69.6178343718297
64.0,67.16786114652933
64.0,78.81303886268427
39.0,29.49738065889113
39.0,53.560812952270794
72.0,77.8946013263274
72.0,76.44547370989193
64.0,65.5272417303762
64.0,49.60471097409936
65.0,65.38397207729435
65.0,76.34777422854472
13.0,9.276355748517346
13.0,37.08608813016366
57.0,59.661227036286846
57.0,77.74564966172181
66.0,71.99531116131249
66.0,34.603195402166534
66.0,72.10785115229578
66.0,83.44728284387224
28.0,21.971116226916365
28.0,46.06766835787374
64.0,68.31540678279549
64.0,42.884106547529655
53.0,59.50344981976946
53.0,72.71878882720625
55.0,59.0493261418888
55.0,85.97555122537398
72.0,77.53813366760255
72.0,61.547082155640055
79.0,87.10269935384639
79.0,53.01103874654916
59.0,65.47574843259656
59.0,71.1449605224069
55.0,53.20942827693034
55.0,65.76671484750227
71.0,77.3249182290146
71.0,60.10564484771709
61.0,65.11141971486279
61.0,63.433881927876655
55.0,50.606983313219416
55.0,63.788188100213915
67.0,75.6199686918074
67.0,74.70084480067356
46.0,48.1868961143108
46.0,76.50077106118795
18.0,19.830975912745657
18.0,52.09539568327426
83.0,89.50875021631037
83.0,51.07184157779449
68.0,75.65384479472067
68.0,66.48482579789578
51.0,49.41470714513321
51.0,27.838234989535636
50.0,50.825846179948485
50.0,85.25923290387192
70.0,77.25032830457855
70.0,64.03872289914608
75.0,78.98399075992683
75.0,72.01972017731924
68.0,75.18220270964599
68.0,83.07434796488349
80.0,86.8370707579756
80.0,78.12763792627572
68.0,72.62344378954128
68.0,43.3892230246405
24.0,19.1144854877287
24.0,73.76925078329805
65.0,70.32619694982242
65.0,76.5056234399608
29.0,30.734769323363537
29.0,43.4785361136519
61.0,67.43522513232881
61.0,77.08765044844472
74.0,79.54229622903
74.0,35.24378872602489
71.0,75.99193244462043
71.0,69.69454126731586
33.0,33.738852656696224
33.0,53.28961698184543
58.0,59.532802909927796
58.0,60.697399428112135
79.0,83.35009910124313
79.0,48.29222728390454
34.0,39.19559597225134
34.0,82.94486181129417
61.0,62.3847943509777
61.0,62.76483429889339
23.0,17.567177007910516
23.0,48.40232638791696
83.0,92.97867595851471
83.0,26.640434130407073
74.0,79.51954589972178
74.0,74.00372035342394
63.0,63.33010288031454
63.0,61.483269467750915
59.0,59.61983477358535
59.0,83.20451244745175
14.0,5.395669454291692
14.0,77.52600079708839
70.0,71.80319814073727
70.0,65.49268429205091
62.0,60.878248321310025
62.0,71.5194503154633
68.0,72.52862374071208
68.0,77.090999897296
46.0,47.574264196714864
46.0,63.5915477312887
63.0,66.26452574684043
63.0,76.03106992763475
66.0,72.87479387045408
66.0,63.81267393212471
72.0,80.18563808388461
72.0,82.28975642520157
53.0,56.799932096169016
53.0,76.79597440794589
29.0,18.22319362111881
29.0,84.86876454036138
74.0,78.54205612356475
74.0,74.73165523332801
76.0,78.94877386495119
76.0,79.45831546185639
51.0,49.44485235987236
51.0,85.02215904417278
46.0,38.34847918976931
46.0,80.42744045001353
56.0,58.62451362793803
56.0,90.60838225861136
74.0,81.422074960185
74.0,75.40816813621439
22.0,14.967888457888535
22.0,67.59044926781587
75.0,85.02090178884612
75.0,72.18813410203734
68.0,74.13852005830893
68.0,74.26317992997156
79.0,87.59162964026166
79.0,70.35934882514448
67.0,70.23173238068489
67.0,70.10160744365737
56.0,54.62359133663858
56.0,62.70603232988708
56.0,62.295764149243325
56.0,69.7835293910286
71.0,76.18889541925142
71.0,44.11309209141217
81.0,87.319304858505
81.0,61.54574354316787
55.0,53.2479037853783
55.0,83.84280289249466
58.0,61.13520526784271
58.0,32.02362840120128
70.0,74.74597978834032
70.0,37.19091670440059
60.0,66.37858147661251
60.0,79.67258589610884
63.0,65.5762519890364
63.0,33.55766875325526
46.0,52.10424013904708
46.0,71.01967835137077
68.0,74.83187926240225
68.0,71.22661648034205
74.0,80.84136818836367
74.0,66.11633517873747
27.0,19.200606003132407
27.0,76.73421754090049
73.0,74.60287430843943
73.0,70.11760247352265
73.0,77.41138530298622
73.0,55.37999027994175
55.0,61.245128935140826
55.0,50.27436685531205
29.0,34.40982369841072
29.0,46.19966746239595
73.0,81.12810208218258
73.0,58.629246692449726
71.0,78.6256822404963
71.0,57.376906379870206
70.0,76.85480769410901
70.0,75.4719841846105
35.0,37.90106867533552
35.0,73.1053687966774
63.0,62.38623618975606
63.0,71.95777018473734
57.0,54.62565805146022
57.0,81.86506777045065
68.0,71.6409659328807
68.0,48.44170276438098
25.0,27.088952487301583
25.0,77.15779166234046
57.0,59.05272566581431
57.0,78.49768494346858
46.0,46.49633064001915
46.0,48.455776001711115
63.0,65.92562158270476
63.0,66.27185467930519
66.0,70.30640288756393
66.0,30.71881137519989
40.0,48.57310954813431
40.0,91.52576307607723
56.0,58.870931709478555
56.0,79.31825241910354
64.0,68.92430490288314
64.0,55.734891610278
64.0,70.45151701526635
64.0,42.99416144226052
69.0,75.99176493182341
69.0,40.14807086439089
66.0,72.81352162263585
66.0,73.55865402588881
73.0,77.83199797352626
73.0,81.63078810455374
67.0,72.86998789359592
67.0,70.80354621319611
53.0,52.494988077026335
53.0,77.05996695127453
73.0,78.1020816765062
73.0,8.997039390438033
74.0,78.0024060088532
74.0,69.84353029865412
29.0,30.596772496978588
29.0,46.49736752321098
62.0,63.026687851565384
62.0,70.37295779340718
21.0,8.427107573745957
21.0,69.9723752681054
51.0,54.53633380938413
51.0,63.35977587284577
62.0,67.17286015816143
62.0,22.572669857430526
52.0,54.31288002084989
52.0,47.54857963531492
85.0,90.11118350042352
85.0,71.96754932438546
65.0,72.9018351908361
65.0,20.57135205024474
66.0,71.32771387819258
66.0,68.9986085824143
76.0,81.374421981284
76.0,72.0292170385843
75.0,83.16361801022606
75.0,65.24744929623051
60.0,61.74162254648735
60.0,83.68856724766022
66.0,66.01603559428457
66.0,50.73629914936981
25.0,14.883917178904824
25.0,15.29727410810267
70.0,77.46824666820436
70.0,17.567177007910516
64.0,70.34210416493318
64.0,49.7723984013453
57.0,59.018511622143706
57.0,52.431408052926656
61.0,66.50336066966935
61.0,73.87885295614717
67.0,71.499765706826
67.0,89.15826578425981
59.0,65.64995687194983
59.0,47.803162244151
58.0,59.64682814148807
58.0,78.5208219933591
66.0,71.34735707577363
66.0,91.57791860540584
40.0,37.601368726250314
40.0,74.3960311076338
63.0,65.85282096482621
63.0,24.86555485533728
44.0,34.52927807657716
44.0,51.16894667645124
65.0,69.78880020140969
65.0,55.993750328282204
76.0,84.37107103212458
76.0,74.93992044398891
65.0,63.499885841123444
65.0,66.62525756524599
70.0,74.545353450265
70.0,74.69559120138769
58.0,62.0301356480644
58.0,86.83250793275107
74.0,84.3916721108593
74.0,86.94990038850756
37.0,38.81314468293198
37.0,33.3436708941079
71.0,76.25813495336962
71.0,57.45164832200669
39.0,35.4459741039326
39.0,71.92908792076702
73.0,81.44050081229938
73.0,53.16243058039407
69.0,74.52079900349639
69.0,85.82667644268935
64.0,70.20278761700695
64.0,61.51258266687614
71.0,75.27620872844403
71.0,52.76077417174264
31.0,25.27932554134952
31.0,59.28036744503868
70.0,75.5308863204761
70.0,72.29823184305161
66.0,72.10774656543424
66.0,69.24682528072356
67.0,71.6947119488637
67.0,90.87683564677337
33.0,25.295872661861722
33.0,48.254375837403416
62.0,63.76148188046136
62.0,56.132084412034374
72.0,78.71864895878451
72.0,87.3173124394931
74.0,80.09282108157021
74.0,36.244071582369884
61.0,60.42831766010369
61.0,61.31833203701598
31.0,33.166324143730606
31.0,48.126289819869555
29.0,23.443164498866565
29.0,71.72085588361773
51.0,54.09105366033316
51.0,83.25911558670208
72.0,76.86484341383351
72.0,70.15629411172364
47.0,38.41942906507353
47.0,74.75146012569189
66.0,73.44196359012022
66.0,72.15308711412428
54.0,52.68241342723661
54.0,94.61296483006333
59.0,60.56498499071705
59.0,77.89133404416089
45.0,40.270597499550945
45.0,74.05782225677979
55.0,55.89491880626133
55.0,74.30919610367266
45.0,45.626548243776085
45.0,63.40088750829676
66.0,67.86744413934963
66.0,59.78872386417038
62.0,67.59792554316226
62.0,79.87617966153516
76.0,84.02200135804793
76.0,63.05877634979976
63.0,69.20000147727109
63.0,31.016830130331982
43.0,46.440968745838404
43.0,51.91476510394432
45.0,48.3745563391721
45.0,10.408633446081751
53.0,58.317114067864225
53.0,39.689760953016616
42.0,42.73022074402263
42.0,72.11761655973203
32.0,33.427171214862426
32.0,65.85130877465099
66.0,69.29534054535452
66.0,50.0884597621976
58.0,62.60850892905847
58.0,50.38425057100642
22.0,5.549596509673279
22.0,62.415135486399436
64.0,67.55915269138939
64.0,65.85489055057911
50.0,54.32344915284801
50.0,57.45419960366701
71.0,73.80183647962644
71.0,66.03686544535412
79.0,86.90218598938662
79.0,74.48252055264692
67.0,73.3091649474581
67.0,33.3810109203514
70.0,73.00696777992141
70.0,20.423023072499177
58.0,54.777377907721814
58.0,35.09976676393529
61.0,63.25814810494717
61.0,74.63733477667853
63.0,66.8280373593226
63.0,74.63717626135161
63.0,69.23610159538794
63.0,81.35810191359423
45.0,34.2574151998665
45.0,78.4309604769897
62.0,65.51244566588207
62.0,47.457989261177374
76.0,81.09733283772073
76.0,73.37842775869387
26.0,23.068115146063462
26.0,27.141392462423028
57.0,58.65921609512907
57.0,67.38435954730579
67.0,71.0626307095082
67.0,75.98469034902814
75.0,84.34208882789085
75.0,85.42112593618288
66.0,74.66093234660798
66.0,71.99394161873244
44.0,43.67544608007205
44.0,72.56425952016451
35.0,32.31260083267745
35.0,81.26249989505936
65.0,63.766725387035024
65.0,73.2146015718406
78.0,85.11977134035772
78.0,62.14957069478112
78.0,83.83309235619782
78.0,21.804970689309698
67.0,71.2688431112303
67.0,57.44906840460601
69.0,75.26675391415876
69.0,45.00075128644937
44.0,44.711181878149716
44.0,42.18313961528315
52.0,50.10130152044218
52.0,71.37687355679657
74.0,80.11274946259778
74.0,79.27377876577674
54.0,56.33329882425528
54.0,63.35350820111705
41.0,45.66274314773449
41.0,81.84303040668107
58.0,56.78296392981548
58.0,88.4625141848552
67.0,71.62433554955732
67.0,53.34284494814938
68.0,74.73551064772852
68.0,74.9654578491328
80.0,88.35542227083175
80.0,81.15168741683271
79.0,86.21231478535213
79.0,59.56421100606889
57.0,57.32902471103034
57.0,66.35243642500012
83.0,88.76862086038562
83.0,26.742442102257314
13.0,6.283099385150933
13.0,22.96964628245587
50.0,46.97852278151703
50.0,56.9344845297652
59.0,55.38324602297297
59.0,67.20744307674784
41.0,43.06274901696247
41.0,76.47990281115466
54.0,54.37281416897412
54.0,59.96792785718708
29.0,29.516565917192793
29.0,72.32201852028658
71.0,77.04284260610922
71.0,56.66083454061203
68.0,72.42097729991173
68.0,84.47656146556739
66.0,69.03011785481351
66.0,55.16454246920068
74.0,79.62692260977667
74.0,70.66345877364887
61.0,65.76217900924581
61.0,40.881877610247216
64.0,67.37574552913509
64.0,47.94740232606313
53.0,51.83653859230526
53.0,76.43905356488108
50.0,47.375165656412776
50.0,5.918479583879673
59.0,58.90583356849754
59.0,89.4658736979224
44.0,45.83901920338354
44.0,46.68835412690805
73.0,77.25636174908232
73.0,55.43847996353065
62.0,67.47975572785765
62.0,76.64480792656059
80.0,86.87226205494034
80.0,80.92637953682652
72.0,75.8331288860092
72.0,39.886893134315244
69.0,75.54132757679162
69.0,75.82640189077466
67.0,72.84955720530388
67.0,64.98714414229181
70.0,75.83344825886138
70.0,58.02577970410249
15.0,21.181708856129717
15.0,52.290074775900564
24.0,24.683817752219227
24.0,61.27356079940756
61.0,61.38489636989874
61.0,82.54624159101166
64.0,67.82203089068565
64.0,31.0070692756442
75.0,79.86279372757514
75.0,75.30484306547538
51.0,53.16273455133006
51.0,77.72245277494306
58.0,62.398544733133065
58.0,59.40725323742981
65.0,71.2850617598657
65.0,65.2113912635308
65.0,69.7104320267378
65.0,25.22510961353828
71.0,77.8231376887706
71.0,79.37775684483296
73.0,78.79907710860448
73.0,36.78366754795712
39.0,31.12060972832421
39.0,24.703458692087054
33.0,35.75509072898706
33.0,71.49652413365237
79.0,85.93368668087044
79.0,49.2248662396089
44.0,42.882577580860755
44.0,65.34634119522406
58.0,62.28631900461778
58.0,40.70782949543718
63.0,68.25078242684174
63.0,77.71947517274918
47.0,47.94791206344223
47.0,56.005371082938325
53.0,53.34626316261074
53.0,52.36213735275783
45.0,48.39914690676585
45.0,77.72153029348038
57.0,54.11678028542144
57.0,76.4585210754417
62.0,62.369712861243556
62.0,21.787834669931954
28.0,23.43974048833769
28.0,7.414496048476508
72.0,76.62529584903098
72.0,78.85298133438607
57.0,60.72956857388317
57.0,72.67127394436238
66.0,73.94386950360462
66.0,47.902278041763054
58.0,55.63629990399778
58.0,41.61378684096883
70.0,72.9644979697643
70.0,88.69305668715697
28.0,28.194471649668515
28.0,47.816256694284505
45.0,45.50544940368792
45.0,70.15806359457304
23.0,20.500537124003245
23.0,64.47858389712104
80.0,85.47424172160356
80.0,83.01076777338983
27.0,21.208729243384653
27.0,63.87879201236291
38.0,34.5320081144248
38.0,59.14962725598264
69.0,74.21872442347234
69.0,8.596344584250176
49.0,53.318537688454
49.0,43.95844482741148
69.0,72.88993896080439
69.0,74.88037916070948
47.0,46.25515089949738
47.0,62.90246583430877
46.0,48.02710460440261
46.0,31.77198285981916
72.0,75.76536975089556
72.0,58.9873549326158
76.0,84.77124946269157
76.0,64.47507162346778
73.0,77.07213788204689
73.0,84.62655052892404
51.0,48.97071040006409
51.0,78.36904765129157
57.0,62.25735950710856
57.0,82.72424762028248
76.0,82.71936012542557
76.0,66.69034880950642
48.0,48.24066456455279
48.0,64.07813560903219
66.0,70.63079960158728
66.0,78.40092641953919
61.0,63.11362691131694
61.0,77.55819850486677
70.0,71.3007546683379
70.0,54.589420766560295
59.0,59.71306293865473
59.0,13.831293966954945
58.0,64.57880318680697
58.0,75.07864928644807
73.0,76.99803256533562
73.0,58.68921100790226
62.0,63.87195358260283
62.0,92.51284021619165
72.0,77.8597622000961
72.0,53.52650236683547
26.0,29.493636351196812
26.0,73.80936103021912
67.0,73.96207481921232
67.0,81.64269984866701
25.0,24.417439307292625
25.0,40.46021611161973
69.0,75.1020207766955
69.0,27.240250470886735
77.0,85.3390164004714
77.0,60.08296883677144
66.0,72.28027206570238
66.0,72.5374611205188
73.0,78.21177661381097
73.0,82.28806748552637
47.0,46.71403583332574
47.0,73.03795573740359
57.0,55.84904397286641
57.0,31.894251806752038
85.0,92.2880710132261
85.0,52.366479277939106
48.0,42.61650301836994
48.0,81.55441091479082
73.0,77.2130359462476
73.0,70.40829397774161
64.0,65.15093287382336
64.0,57.86202758352226
21.0,21.02514309074394
21.0,78.58581198831013
80.0,87.04143232347172
80.0,74.89114463493286
35.0,26.602673445772894
35.0,51.882295723976654
71.0,79.38027330976661
71.0,66.20678560828969
65.0,66.71917148399501
65.0,74.2640500960934
49.0,54.005646778078074
49.0,66.03629374796134
73.0,80.14399073583593
73.0,80.01590980040055
49.0,45.702836551142695
49.0,76.78773584776002
59.0,65.48463196678853
59.0,72.24072451951639
52.0,55.98215591550951
52.0,83.1676159796304
65.0,69.66447223474552
65.0,79.81997127856562
65.0,69.28647489454721
65.0,63.932668894765015
71.0,75.14687551165105
71.0,77.39310049777941
24.0,21.09183522772969
24.0,65.24926340763687
72.0,75.85491556830056
72.0,53.1795059541476
34.0,27.712615803789447
34.0,54.881100697900365
77.0,83.67837657952441
77.0,64.71332055239355
73.0,78.61181324725447
73.0,63.58671703605626
42.0,39.07435177555186
42.0,36.1130880119191
73.0,80.87884683414717
73.0,56.64282613216227
68.0,72.14542882241949
68.0,61.935603225602165
59.0,61.82261877033142
59.0,35.333282435786884
13.0,5.053352223889647
13.0,36.68692849849538
65.0,69.32976154304333
65.0,70.78313982599155
53.0,56.88135432095777
53.0,50.602957503703465
61.0,63.59667304566108
61.0,83.27451018933778
55.0,57.109365929346495
55.0,25.493304327854787
55.0,56.83856428151938
55.0,73.3646521883017
46.0,45.10993432175076
46.0,75.69908576905488
59.0,62.201659193169064
59.0,77.69129252756403
68.0,70.20930577385786
68.0,74.51342224272491
56.0,61.55803210127988
56.0,83.13699635093963
75.0,83.29419975883985
75.0,59.31674842160294
26.0,16.844636791619905
26.0,32.219105661684125
57.0,55.444666146601946
57.0,88.1617285326497
70.0,76.0465799419838
70.0,70.36611096674852
63.0,66.37486676575713
63.0,73.38175398154681
71.0,76.7090212202774
71.0,76.83362630744057
77.0,84.81131929367524
77.0,75.227461582474
62.0,59.745085251604905
62.0,53.04692381508488
79.0,88.74120077689827
79.0,50.720602529320104
45.0,42.397566937975455
45.0,27.203950600464623
70.0,77.2240072315368
70.0,68.19661594095084
67.0,69.64342320869861
67.0,70.12826766850844
37.0,32.65250656033999
37.0,77.67852885433967
67.0,71.58211211071853
67.0,50.90133719143978
46.0,51.20103142917907
46.0,62.768241941359406
66.0,74.42020889510098
66.0,52.17035936551207
42.0,38.654598602057945
42.0,61.408495477606664
62.0,62.98059150356568
62.0,51.720415153988654
61.0,60.26729028808944
61.0,42.034716961989034
36.0,32.467470639204635
36.0,61.70098970910209
67.0,71.32266212627547
67.0,60.17784326339353
56.0,53.88405409635823
56.0,83.68747993215322
66.0,70.38466266500615
66.0,70.46175212545586
69.0,73.99317153663418
69.0,84.1375042787472
59.0,63.44782261773162
59.0,64.12799095730043
42.0,41.98041795862457
42.0,80.80329175178457
73.0,80.99251891534675
73.0,46.38631773005039
66.0,68.54359099322892
66.0,47.92745781907928
80.0,87.34396024571026
80.0,88.65292566421004
72.0,78.7674961742303
72.0,75.17180322542526
69.0,73.08716727166319
69.0,50.07523702141282
38.0,39.904333001714065
38.0,66.02245137972324
68.0,70.31879027581311
68.0,83.55087085700882
41.0,38.799590257896796
41.0,48.069678503744626
61.0,61.176285365892
61.0,60.569122346798906
58.0,58.21313375950615
58.0,56.68901585930803
66.0,68.38948660613062
66.0,15.978154095621562
60.0,64.41734504303804
60.0,59.68196911572426
64.0,69.30769855099317
64.0,45.506407522418726
80.0,84.18248800462993
80.0,40.00786023218842
69.0,74.00310990103566
69.0,69.83940705952813
28.0,26.938328794344727
28.0,43.41022677859826
72.0,76.60793044151751
72.0,67.32214386568711
49.0,52.04233281111914
49.0,52.28481631104938
64.0,65.24463005746492
64.0,52.422552800406265
60.0,66.46671286876114
60.0,53.481189620855616
61.0,59.95533897168593
61.0,78.60193662762146
71.0,75.81012957754467
71.0,76.52020858029346
67.0,71.98161404963554
67.0,68.48489634724262
61.0,59.09131937448825
61.0,67.43855959495005
50.0,54.201613374819544
50.0,68.70707339009823
69.0,72.26351460722412
69.0,64.08793746969803
56.0,61.38453103228227
56.0,55.30447036360812
60.0,60.607020569076326
60.0,93.29412536711305
27.0,16.935863489649876
27.0,95.12692056131294
73.0,82.33530968112728
73.0,63.361807245004854
52.0,55.804101122784175
52.0,47.47951386690528
51.0,56.54756565415556
51.0,73.67375389809996
45.0,40.652943184164485
45.0,27.350650485293386
73.0,80.11024223322056
73.0,64.75119455826893
28.0,27.350650485293386
28.0,82.42687242694655
72.0,75.60184162975122
72.0,78.2491450303283
49.0,48.30662538956602
49.0,64.08939258622297
61.0,63.336924750401124
61.0,55.0921556980266
47.0,45.691589213592806
47.0,39.05646569759699
16.0,10.413749889365192
16.0,34.412015820723354
64.0,63.59246758117604
64.0,70.06528694222499
52.0,55.547653898887745
52.0,59.421413901409096
69.0,74.33662070250142
69.0,73.84448072409401
50.0,50.42263603435691
50.0,76.78131002695108
76.0,80.18799037374481
76.0,35.84115817447395
74.0,83.32966000881646
74.0,87.1471847092003
77.0,82.69050875572242
77.0,74.88459653154803
72.0,77.44754874843596
72.0,50.63466870584256
51.0,49.57401244375387
51.0,43.94421866243596
57.0,59.83465185503371
57.0,40.80283907662755
71.0,77.38452654520239
71.0,45.44909632465868
67.0,73.32805431106573
67.0,37.5377785771293
64.0,69.70777665681896
64.0,24.498278899323452
29.0,16.211170966561838
29.0,75.69489096681696
53.0,54.15820336580089
53.0,25.160147764324563
71.0,75.1882307885138
71.0,62.83167508542073
62.0,59.491394306474206
62.0,50.016056038474574
79.0,87.96186120667016
79.0,77.42955637577813
51.0,54.336066671288734
51.0,57.60651429739926
44.0,43.564400778066215
44.0,77.70452203930108
69.0,72.76776574505993
69.0,50.94039516270004
56.0,61.38453103228227
56.0,80.86208490195293
42.0,28.99376153392859
42.0,37.95858981573474
68.0,71.11189473370297
68.0,75.23330464451828
68.0,73.64295811193142
68.0,26.296609067158442
66.0,74.18442415719903
66.0,44.62941749612696
68.0,72.84796295236913
68.0,71.84641194954861
22.0,15.087251317384244
22.0,71.59427955805148
40.0,36.049044457080925
40.0,49.22044377012213
45.0,40.24240491108338
45.0,35.41278984724812
52.0,54.126794763408384
52.0,55.54079062140465
75.0,81.80802612682339
75.0,78.82665024957151
64.0,65.72365371213897
64.0,62.44700061075389
68.0,73.46414178974823
68.0,59.71555542021656
55.0,57.922051886508086
55.0,19.34393084015312
70.0,74.26527784139904
70.0,69.58436992606772
53.0,54.16705824353113
53.0,66.71876115012583
18.0,13.76937768118188
18.0,55.82676547265862
65.0,69.89887447526019
65.0,50.16113982134959
69.0,73.52455366493496
69.0,80.76629689646148
30.0,31.169095171895663
30.0,59.58638361503779
75.0,81.97858894357972
75.0,53.13859321021283
64.0,66.20629639926
64.0,80.86147241373169
58.0,58.12152004565502
58.0,64.68997734309448
69.0,77.89003657294955
69.0,45.62703861540092
77.0,83.3138001095308
77.0,71.35253357022458
71.0,76.88236421021998
71.0,70.96435140423193
47.0,55.79563410965733
47.0,68.2262145485102
65.0,66.78340579914777
65.0,82.4925041442824
71.0,76.26330841591363
71.0,68.13787101260544
51.0,55.4083353701144
51.0,18.486718336749163
66.0,68.39949310694033
66.0,44.69910624074902
29.0,31.928395482448536
29.0,50.446012322074864
76.0,81.62867571043648
76.0,53.53931330890964
26.0,23.573403763672673
26.0,64.14243062886311
66.0,67.83199768665588
66.0,31.869613887068397
65.0,70.4277090210013
65.0,68.89239977896108
48.0,46.89925658135951
48.0,67.9193044602614
60.0,61.767616196909955
60.0,2.945973448467271
60.0,62.518075485345605
60.0,53.495491171535775
38.0,37.26298202528534
38.0,82.33233477875825
55.0,60.44052074156542
55.0,22.10164472212989
36.0,31.759307329451985
36.0,69.89009803068274
73.0,80.42501922189967
73.0,68.96287057685572
58.0,60.90383446530865
58.0,15.103866894499788
77.0,84.38371236378299
77.0,64.15994850953012
64.0,70.89974042207916
64.0,59.244275339627336
34.0,34.75061293919799
34.0,44.645837398484616
67.0,72.55969222033883
67.0,38.807414173647544
45.0,46.05795372968629
45.0,75.00939484040703
64.0,67.90556923475145
64.0,26.369065574821036
68.0,76.90478563699196
68.0,36.81191048482589
61.0,66.12634826347704
61.0,72.34020867554449
47.0,47.58404921576317
47.0,11.075477443441741
61.0,64.34378388919674
61.0,55.45340142875881
57.0,61.97709239612328
57.0,62.302582218184455
70.0,76.99144258177603
70.0,40.777755789450225
73.0,77.54591660063346
73.0,65.05294040887122
78.0,85.54717535236995
78.0,89.81699711109042
71.0,77.3024343020524
71.0,79.65277718263309
65.0,64.93889221827459
65.0,66.36364803127924
46.0,42.09706924166187
46.0,68.48406133446849
78.0,83.89183773778069
78.0,69.50562898323153
60.0,59.988807993126954
60.0,89.24285016013647
71.0,77.0259488627807
71.0,77.95061657605294
69.0,73.82185613100495
69.0,42.917347937435295
67.0,74.9241264395551
67.0,75.68630080963749
36.0,33.954004026206235
36.0,59.37746935855256
62.0,66.70364931109873
62.0,80.69848602073739
26.0,23.80605101848937
26.0,56.01138552682039
77.0,84.07317738046703
77.0,59.47303021535362
59.0,53.271315922072574
59.0,40.363764785890396
66.0,71.81063670199137
66.0,69.18879606143781
48.0,52.13661529074983
48.0,83.5324826897994
66.0,66.08591465303755
66.0,44.90567327050729
60.0,62.18372179049419
60.0,55.96703588747823
62.0,64.54964639494722
62.0,82.76903722707993
32.0,33.427171214862426
32.0,67.04159372775348
41.0,44.60866168072255
41.0,56.55324573610426
17.0,14.86138615666465
17.0,64.54175548873326
57.0,54.474544878302254
57.0,78.85052930537626
39.0,40.86935521163838
39.0,20.642585730642907
26.0,14.0266953346038
26.0,39.780652682630546
57.0,62.65844097090343
57.0,37.4476387735337
64.0,70.3329098692725
64.0,62.60788930599671
70.0,78.92700967256246
70.0,19.053809091081632
62.0,62.606715094954325
62.0,26.977757287125257
62.0,65.88389965379076
62.0,30.11603124068762
67.0,71.37665475261673
67.0,85.24781488131526
74.0,76.729795829988
74.0,77.5083138832801
67.0,74.04630990342525
67.0,67.51460076762464
45.0,33.244802760733364
45.0,70.64883453240981
60.0,57.28484081947505
60.0,77.90360267452246
74.0,82.32125835511783
74.0,74.04162357832678
30.0,32.68937986516477
30.0,36.782879156350134
65.0,66.6951866739343
65.0,70.87825147160885
73.0,78.8364917211083
73.0,85.91328055979619
70.0,74.06593508761802
70.0,59.58731438182002
38.0,28.746389713582175
38.0,51.49491416886087
55.0,62.45265210010564
55.0,84.70685018964173
57.0,60.389339382765115
57.0,64.29565457273333
50.0,52.34354545581385
50.0,72.13297318968665
73.0,77.54379952506969
73.0,66.73588845396597
39.0,33.67806342957448
39.0,48.19881115183921
66.0,72.90359730887809
66.0,34.243309314840815
71.0,77.41861000116677
71.0,75.81148195838506
56.0,56.07454691937045
56.0,71.05990641116892
78.0,84.28728349843999
78.0,78.9710531492533
25.0,14.883917178904824
25.0,38.27281922718316
70.0,72.72426826482393
70.0,71.1729031940252
48.0,50.16142198113715
48.0,81.49707701073112
60.0,64.35189953008654
60.0,72.65916237835273
69.0,71.70910014214513
69.0,15.339973964787646
31.0,26.03210035856023
31.0,60.387693250442055
49.0,43.48130092042834
49.0,68.7747959412963
62.0,64.29210339817166
62.0,54.813665092863346
21.0,12.754217894814587
21.0,47.56296819477183
66.0,72.46116067496092
66.0,71.56270804809276
46.0,51.65394619151908
46.0,87.44607493259105
60.0,64.90791959804744
60.0,70.62716281730206
55.0,57.65371640290948
55.0,64.9740184012586
63.0,68.10835232367748
63.0,69.20889259855528
69.0,71.49193190934756
69.0,77.14376835276187
56.0,57.90969547005636
56.0,80.20346935420667
74.0,78.54248849316588
74.0,29.44519969484736
63.0,68.23086561740195
63.0,77.04560367285825
73.0,78.21069734364659
73.0,58.91466262405379
43.0,43.18984658562147
43.0,44.5562612322924
36.0,40.49795728615243
36.0,75.28257446019137
70.0,75.76394053046857
70.0,59.551179625833925
66.0,65.61872213082057
66.0,35.541572214632765
45.0,37.300580415153604
45.0,55.52426682733767
46.0,47.758983117170374
46.0,75.05654688320726
55.0,58.324799437168224
55.0,67.67727219756807
78.0,83.2399413240974
78.0,60.871035643093705
16.0,11.075477443441741
16.0,76.18796625525931
78.0,86.63680049859255
78.0,70.51206584357038
60.0,63.25794757907738
60.0,60.33366514762912
78.0,83.89904405921732
78.0,82.3708206939612
70.0,75.71064102328296
70.0,76.50016836607858
64.0,69.03954544408828
64.0,27.52777227474371
58.0,63.47665129291988
58.0,57.482848627502676
67.0,71.70344619265347
67.0,76.84143807152338
48.0,45.912181523473464
48.0,61.234597595207504
70.0,74.60569103792687
70.0,35.34824045575607
71.0,78.04504736275481
71.0,68.43940096966423
60.0,66.41559679590114
60.0,62.50112410203411
66.0,71.15947693171967
66.0,58.83912856557845
44.0,37.115470870626325
44.0,36.7439464713201
60.0,61.851887410878646
60.0,48.59113448055871
55.0,55.47806945782912
55.0,27.012036763730407
30.0,16.37898037222766
30.0,61.26459443006678
46.0,48.14689488117244
46.0,23.794047266427697
9.0,10.46735794421403
9.0,69.05216643010613
39.0,36.876018791509296
39.0,47.930218533346704
57.0,55.36678367454181
57.0,44.60523847606191
68.0,72.19453275301993
68.0,71.7087723544658
60.0,59.22669967584227
60.0,67.8459212424832
50.0,46.26321249794745
50.0,49.85318484447089
67.0,70.18467076527372
67.0,73.33937136117447
32.0,29.698437301704587
32.0,80.18896481090542
60.0,59.67147578124707
60.0,67.46441304107594
48.0,46.74282814484974
48.0,46.24169274461519
74.0,81.70217470526183
74.0,75.41652598845923
30.0,23.928107197524866
30.0,79.21554181479473
65.0,65.603859498894
65.0,74.10047681413278
26.0,29.05012162020438
26.0,62.602809540226076
58.0,54.803519773483515
58.0,87.00908729776648
62.0,69.23997575926194
62.0,76.9775792022503
68.0,71.11639830726216
68.0,52.231274029140025
66.0,70.09231305495092
66.0,80.73762173971232
51.0,53.86590026630142
51.0,78.57784864811629
44.0,42.22903056122453
44.0,76.25301111308369
67.0,72.54712116809009
67.0,70.86640320554523
79.0,82.07373202694117
79.0,36.00339202507399
43.0,44.10124775035899
43.0,74.98149435360273
79.0,86.02359038504562
79.0,63.6069746795784
82.0,88.93635160157567
82.0,67.36122761188983
66.0,71.57152909818029
66.0,76.6251991528257
70.0,74.50236103736779
70.0,65.05256940251792
38.0,36.47164215579215
38.0,72.27539724178814
62.0,66.2005979027864
62.0,71.97050180327165
78.0,82.82069652988582
78.0,79.98544733748565
64.0,67.7055423224686
64.0,85.01645240848904
58.0,57.5407321273388
58.0,63.01792528141533
48.0,48.060125702629705
48.0,70.70711755822958
70.0,75.43277505739405
70.0,82.0189238647153
25.0,15.793819559662097
25.0,80.31062672421263
70.0,74.79195288779846
70.0,11.031450392637794
70.0,75.07395749894096
70.0,83.81423354913039
65.0,71.19505833245483
65.0,52.011178577248415
69.0,73.63491840633316
69.0,33.05207367580874
59.0,59.225749068941354
59.0,65.46186632970773
63.0,66.4343979080956
63.0,70.47689196724377
50.0,45.32088712527366
50.0,48.58660940570542
38.0,29.80761559690376
38.0,71.5774372678269
43.0,38.56463608826073
43.0,84.19206223707948
72.0,75.3058285332441
72.0,80.39453015008672
64.0,70.85371282715369
64.0,80.05386260743558
75.0,81.28191361109589
75.0,72.50756512839547
72.0,78.90720380635588
72.0,58.53072670085811
51.0,45.94570276065036
51.0,66.74679163387424
72.0,79.71584623750101
72.0,56.280168793024814
61.0,64.14231527686309
61.0,78.87511355332128
71.0,79.09697810461881
71.0,82.85258143029887
46.0,49.03126100434832
46.0,32.65250656033999
72.0,77.21988026189604
72.0,55.43529262177128
64.0,64.66009481248818
64.0,53.988760178364714
64.0,64.90730137796783
64.0,43.588925357101004
71.0,73.3552377943256
71.0,42.16284712680863
74.0,78.56328338159256
74.0,81.3726131304835
56.0,59.082925232989226
56.0,61.14574074604445
47.0,46.182602575979615
47.0,45.42885891268014
72.0,80.28703709480396
72.0,77.85079444513804
68.0,72.75662718454078
68.0,73.27000855495447
60.0,62.89450892341898
60.0,76.74866816260106
53.0,58.3714072648919
53.0,73.47945033102695
54.0,49.71696696905849
54.0,63.13207259951287
58.0,59.46596124287089
58.0,68.66540122549867
66.0,70.56764631456468
66.0,78.80235474119627
38.0,23.28498563804368
38.0,80.76213568069068
43.0,35.61858232527044
43.0,48.323231585189546
65.0,70.34613471429799
65.0,44.00559663876163
67.0,71.65912620151892
67.0,77.54975651713016
66.0,71.24630575006012
66.0,86.19736968896092
61.0,64.06934937799127
61.0,78.31482301032986
70.0,75.3236425280835
70.0,70.19759196168292
64.0,67.32050529985668
64.0,6.7799659009361335
67.0,69.6919000304502
67.0,77.42634231804277
54.0,58.084671957685316
54.0,58.90315920772389
64.0,68.64677761748777
64.0,79.87599214824922
67.0,73.04618222716016
67.0,73.23330023609515
72.0,73.8211543447701
72.0,72.25530137989222
62.0,65.69051843114187
62.0,83.37011189943269
59.0,61.48272423844037
59.0,50.78536211204738
64.0,68.04976085446577
64.0,67.40311404323597
64.0,67.64404492467969
64.0,60.455099440503375
62.0,68.08211980695779
62.0,67.13201585629275
40.0,33.9969145815723
40.0,68.3463968407467
70.0,72.99144022773896
70.0,51.36045085207047
75.0,79.2283225375009
75.0,43.336174528784454
26.0,26.579723099635885
26.0,57.15026612906132
65.0,72.51923037060868
65.0,30.79945694817826
72.0,79.11170769095332
72.0,37.30051456436149
75.0,80.00234217947082
75.0,82.28182449241785
55.0,55.1717985762462
55.0,32.19589081731681
68.0,71.3175290431256
68.0,46.18903754128894
32.0,28.382764732996748
32.0,78.26629771985426
79.0,88.88622797269613
79.0,75.54960404610603
49.0,49.73333628727488
49.0,45.444202312285825
53.0,57.29543563115277
53.0,76.61684732656681
64.0,66.6047029153915
64.0,35.29353775928314
69.0,70.26401124893692
69.0,61.280494236316144
64.0,65.68978777323122
64.0,63.96831493637865
37.0,40.59314930414149
37.0,60.878209068831154
66.0,71.4204698505792
66.0,65.34028345912606
58.0,57.72630841638278
58.0,63.25912878132954
49.0,50.74733233100352
49.0,57.23988472500213
19.0,14.121554747597202
19.0,45.11040233383346
53.0,57.72076784038893
53.0,60.99119605443303
81.0,87.723458109957
81.0,11.152702806473599
72.0,79.8228826761349
72.0,43.3086879364638
64.0,66.09711507074172
64.0,76.87287823339341
68.0,69.96078609950831
68.0,86.05358197980229
47.0,54.025986699831435
47.0,72.20325326047879
52.0,59.681353699329975
52.0,42.85870771989431
53.0,46.393746436856475
53.0,69.84623464947907
53.0,51.983386923791954
53.0,15.176669601041397
56.0,57.57357717322526
56.0,66.05411046064887
62.0,64.56823826147331
62.0,63.91109280177693
45.0,40.60532091368799
45.0,57.95935484697901
62.0,68.58890278375634
62.0,79.96906057102495
55.0,52.41215508224417
55.0,58.32842039593112
75.0,81.30646056123345
75.0,39.76529443421339
70.0,70.49947350744316
70.0,33.358622110618
76.0,83.65366238938225
76.0,86.30926349290348
64.0,64.89771644518527
64.0,29.537477629539524
84.0,91.41679865448907
84.0,74.41221000843433
66.0,71.1140815790933
66.0,86.53492806887351
76.0,80.98539752029109
76.0,65.2560708523423
46.0,41.50101891786085
46.0,81.15120587948644
35.0,34.073557399515096
35.0,59.02299053477486
61.0,65.17459132688782
61.0,70.16420715635064
73.0,81.00849954280551
73.0,77.43302873085514
54.0,59.08308329561896
54.0,76.94125710540737
52.0,51.739775652476396
52.0,60.58738606185949
45.0,42.25551713938046
45.0,56.70472697649137
75.0,84.11005214108951
75.0,57.53189233575074
35.0,21.08416332404596
35.0,35.9399362602291
53.0,57.26137354131987
53.0,74.78939361790509
46.0,42.57582109715764
46.0,33.779409985951986
70.0,74.67789002158264
70.0,69.38469607554896
63.0,65.49663902168828
63.0,48.17221486781642
70.0,75.81136986501934
70.0,58.504034897042686
32.0,26.370511948843614
32.0,63.23115129124051
73.0,78.42479942669712
73.0,83.59201008477305
74.0,79.27628028539164
74.0,49.85127897264027
48.0,45.91166034888744
48.0,69.60504054541491
70.0,74.9133062173982
70.0,27.648448613081882
34.0,41.53811836371409
34.0,33.070844566909614
60.0,63.42050758398062
60.0,76.48742418481442
60.0,58.711735442724546
60.0,40.073194191094274
63.0,67.74038256880704
63.0,34.79789757403233
85.0,92.35671081618028
85.0,73.07849943592305
56.0,49.61282279828811
56.0,51.58158011765778
67.0,72.43961427710843
67.0,75.21371556181265
76.0,82.02974746460137
76.0,84.98948349529815
61.0,66.32625588083056
61.0,7.14463349235416
68.0,74.10008150273228
68.0,45.32629868753503
65.0,68.94078526126196
65.0,78.28289444921677
57.0,59.492243778463774
57.0,76.76520048333788
73.0,76.42582582374081
73.0,41.76470657290196
26.0,18.82319998568397
26.0,52.507554650567045
80.0,88.30490935677295
80.0,86.71658031916388
73.0,79.28771403186948
73.0,53.668237723518246
68.0,71.6750402470795
68.0,77.24944033514987
68.0,70.36936614547221
68.0,78.90040543340103
62.0,66.47680217051072
62.0,72.15950390600278
73.0,78.94872168557453
73.0,72.11391354444976
71.0,78.6388180139752
71.0,69.3527679654049
62.0,59.8282068590521
62.0,61.70920838256984
45.0,44.08998266632676
45.0,67.1515232998662
34.0,29.336339702429598
34.0,29.005423241964138
68.0,73.31159434775918
68.0,76.62720396463811
65.0,67.44242254946244
65.0,64.07916425813255
42.0,39.83888890056318
42.0,67.49505278955598
71.0,77.55104832290118
71.0,79.28764369041585
59.0,65.45038926902004
59.0,79.98622350950035
28.0,30.371873056517643
28.0,70.3022639135491
80.0,85.34805288139887
80.0,78.41706118518641
54.0,57.7566992812138
54.0,77.69488565091558
72.0,78.73992700858884
72.0,73.60644036532068
74.0,81.37461804007313
74.0,59.886556678971374
66.0,72.17338444334786
66.0,80.13628544310592
56.0,59.818044178658056
56.0,77.86783041158117
62.0,62.420000132009875
62.0,80.58965857872141
73.0,79.75954801415918
73.0,60.38090965611741
61.0,65.52626270490475
61.0,30.24815558097015
64.0,72.17344855251844
64.0,61.93892745577523
36.0,32.45197821212423
36.0,81.27624938135824
79.0,84.3616590475196
79.0,66.2031451136719
70.0,78.41798558513574
70.0,43.407498491577485
57.0,60.44348247153533
57.0,81.36130717770749
72.0,78.47947672856367
72.0,74.38428316711958
45.0,47.78792873674462
45.0,66.13407855639167
69.0,73.93221791571267
69.0,76.50488906593085
41.0,37.283175147517056
41.0,44.942987937948146
70.0,73.12030436624406
70.0,82.14403598675176
50.0,54.00288831468106
50.0,54.17047548639789
59.0,62.413746870473915
59.0,26.925681544163297
76.0,83.128468825477
76.0,83.88234637061663
73.0,78.93985551650184
73.0,70.20814492629512
21.0,15.899362057472388
21.0,56.40412551837255
54.0,58.811332423630745
54.0,37.06797759834171
57.0,55.42131492093523
57.0,5.395669454291692
70.0,75.32040812128076
70.0,34.87212847193251
55.0,56.53761280437425
55.0,82.9596428475732
66.0,74.545838993681
66.0,69.53834900351148
65.0,71.3822637746481
65.0,83.55695658612285
41.0,33.47595948240337
41.0,73.3417712092047
68.0,72.64879754336062
68.0,26.03805551823183
77.0,83.15580958670398
77.0,38.3590758863665
56.0,53.46282430783924
56.0,69.80635918447649
56.0,58.887255793362954
56.0,36.50821402721755
69.0,72.47849171416624
69.0,71.62567901846506
63.0,69.28507544206286
63.0,27.365542659552716
61.0,65.75088324614887
61.0,61.356834306741916
59.0,63.2911448062776
59.0,22.907263833549678
42.0,33.27342140323037
42.0,62.300739520331206
72.0,78.54863286477485
72.0,68.27376598578604
55.0,57.446387958622836
55.0,46.49158768265977
33.0,31.89577176544998
33.0,78.3545122072922
33.0,27.141392462423028
33.0,59.59094978542191
71.0,80.55046988542023
71.0,75.54200807725033
61.0,65.65312016058033
61.0,69.52489335609835
64.0,64.68601517517953
64.0,56.58031377625787
60.0,58.312057191725046
60.0,53.422281592884076
26.0,9.593797280508682
26.0,63.645144811453065
72.0,77.781238962381
72.0,61.7892705929944
68.0,72.65264082520821
68.0,69.72540769344602
48.0,49.197124136651325
48.0,71.8253705723846
64.0,65.87299068467229
64.0,65.95734256522542
47.0,43.22773294893557
47.0,58.059646313292774
73.0,77.88676899457198
73.0,59.15724363361187
69.0,71.59007140221416
69.0,48.311318058946426
73.0,78.40157379725332
73.0,56.68241660171327
61.0,71.0771845821082
61.0,83.64421440819342
61.0,63.51542538981772
61.0,75.60239496007688
42.0,40.579971349484026
42.0,34.654004854420464
58.0,54.07259925056053
58.0,77.6302972023035
56.0,54.040121042495514
56.0,81.74646376171165
39.0,36.848103509579914
39.0,79.55572795857091
22.0,15.554935762240916
22.0,32.37251919220779
75.0,80.05948869143413
75.0,68.49706288199201
74.0,78.08861898587537
74.0,29.93542495639491
58.0,59.01946574912404
58.0,56.83494470715863
56.0,57.90962709204746
56.0,70.60120423186169
70.0,78.3597029399117
70.0,81.58594188248014
46.0,49.08331662403583
46.0,66.11365349434897
74.0,79.60169782082079
74.0,57.43041226034563
42.0,41.92092255760957
42.0,71.89810082270776
72.0,78.96112631911188
72.0,75.64571630755614
61.0,64.20151879231884
61.0,71.66084023261124
63.0,63.741445214604596
63.0,43.650730931196904
63.0,73.27373644415275
63.0,44.52166024561541
65.0,69.14830051982432
65.0,63.04413427977022
35.0,24.370917168286553
35.0,75.66110339633138
55.0,54.14004341157789
55.0,71.74673097466336
57.0,57.40842099876369
57.0,49.525990645976265
73.0,82.13453534850044
73.0,62.95310168701451
55.0,63.575621417943466
55.0,79.08717806521895
76.0,82.3684614906403
76.0,65.64424292818427
70.0,75.69434403072836
70.0,94.96926281940148
61.0,65.04006892546619
61.0,81.60835157358366
71.0,77.93639501110044
71.0,66.9572495900045
61.0,63.63028270694758
61.0,52.765769175467824
56.0,56.33820172123603
56.0,72.52863338692413
70.0,75.52725906463814
70.0,75.08253296523844
59.0,60.26972544805358
59.0,33.410264074873965
34.0,30.32859877563527
34.0,64.71545666205895
76.0,85.10550308827709
76.0,56.741380768897955
48.0,52.85560521669396
48.0,78.40882412537047
65.0,74.03118595895666
65.0,89.43298511411496
71.0,75.83813527419971
71.0,66.1399550180056
67.0,73.23330023609515
67.0,84.95687995279206
26.0,14.871309836029354
26.0,73.22310096329306
53.0,47.17380552498793
53.0,46.2204117733138
61.0,63.40793070517367
61.0,43.72564233645073
61.0,58.55931986334923
61.0,62.777447606177134
68.0,72.05892162649036
68.0,62.8236635246854
59.0,65.74032873167954
59.0,76.18263646586252
65.0,67.21321778847152
65.0,16.598502151730088
74.0,79.77381921518838
74.0,77.5888012131602
59.0,63.89371277987425
59.0,69.71776197875312
67.0,73.67442479535168
67.0,64.31584341211283
65.0,67.24811262583961
65.0,73.30608249043655
59.0,61.39533882858865
59.0,80.7314094946546
71.0,75.64447663193567
71.0,29.56979244455357
67.0,71.4111826541386
67.0,73.06432325840842
61.0,63.34187393300738
61.0,82.8894604654493
64.0,69.50229006584539
64.0,65.93249382917054
63.0,67.1438850236359
63.0,76.57781268565822
41.0,45.81353337119276
41.0,69.46965065589598
63.0,70.10394952607481
63.0,55.795539956467564
59.0,65.49436362222235
59.0,83.13770801061065
63.0,73.05523465802122
63.0,76.87117781257797
63.0,69.48396329886242
63.0,61.17528640454054
71.0,75.52632071966059
71.0,65.26882670942388
14.0,19.602783373964485
14.0,55.06545050856681
48.0,52.3912682755863
48.0,70.12961646311936
73.0,80.50993856453073
73.0,73.6036486109059
45.0,43.35815959892551
45.0,72.76624967123234
81.0,88.16041056177073
81.0,41.85127558466098
70.0,76.11395300868537
70.0,78.04688993226671
35.0,32.9565788439773
35.0,14.448001223818494
69.0,72.49995692522077
69.0,64.88902898820595
72.0,76.18962419896695
72.0,50.512701556243314
64.0,67.7952657182746
64.0,59.31477785712474
37.0,38.24664163245808
37.0,43.61478323782052
51.0,48.954114090854375
51.0,74.70774285329907
56.0,61.43763189159489
56.0,56.55897594063504
53.0,58.06135085377508
53.0,84.84491192905972
71.0,78.13296557045089
71.0,88.03660950203209
55.0,56.353848383875686
55.0,73.8121195497219
66.0,71.4388192302082
66.0,80.7605340975835
77.0,84.61483278272402
77.0,66.68428898242018
76.0,80.886053618196
76.0,32.74160397056744
56.0,58.12906949846507
56.0,63.407098519603835
65.0,71.53818708580235
65.0,8.8966386109621
49.0,55.74540055651818
49.0,27.25973592338528
71.0,77.51291796684598
71.0,66.32489851727206
69.0,74.18772665816749
69.0,79.5682883183141
53.0,50.30235808135109
53.0,26.369065574821036
69.0,72.12220228182684
69.0,54.62542275926768
71.0,75.41765782854384
71.0,60.68011649041745
56.0,53.56288695745201
56.0,72.47064114376434
17.0,12.68098090985012
17.0,57.745254279219296
57.0,58.2102790408274
57.0,70.83406140660259
56.0,60.744123883961834
56.0,39.24634227521108
84.0,90.21037060231009
84.0,63.26984680515989
62.0,67.03164466890257
62.0,64.26110529842549
66.0,68.54898021363516
66.0,69.74114233889014
55.0,58.514033151675164
55.0,71.74733495930968
70.0,79.28684005325232
70.0,65.65049944221448
75.0,78.66880391379146
75.0,84.67903656320067
68.0,72.76184238374856
68.0,68.8869380998828
74.0,84.4113195174121
74.0,66.15755247797358
63.0,60.85164557558886
63.0,67.7694838427422
78.0,83.45870808552161
78.0,45.5758382840574
47.0,47.58185828424831
47.0,74.01027068008636
50.0,51.61064504935064
50.0,76.84220694249319
84.0,93.0547838680319
84.0,37.80678975844262
64.0,68.55809364010389
64.0,84.42120161786363
70.0,78.42245797085894
70.0,45.5121764879504
72.0,78.17925395207112
72.0,77.54864191235953
64.0,64.40956359353589
64.0,66.56807401446122
61.0,63.248920206192395
61.0,64.92793666999495
33.0,32.85968277275083
33.0,62.199898846223846
76.0,80.22537390784811
76.0,62.242420427803836
70.0,75.33837098575634
70.0,51.55976708152076
76.0,84.04295393502429
76.0,71.61314621872106
72.0,78.05885632266194
72.0,75.71552354441224
77.0,83.97062196479231
77.0,67.65336024217373
63.0,63.960587673506495
63.0,79.91394016563254
67.0,69.50114800349729
67.0,56.819316897233534
82.0,88.8024701399811
82.0,19.77404557010982
67.0,69.57052243917786
67.0,55.00202498749121
78.0,85.53429027876882
78.0,12.111025659569918
62.0,63.36115468921736
62.0,80.08932784279432
70.0,72.99424624467287
70.0,60.448608214123055
34.0,24.256749830375895
34.0,25.411158387257387
38.0,40.426553236569475
38.0,41.17522048698265
32.0,27.224727131270924
32.0,74.69528559868041
72.0,74.48420905269865
72.0,52.13771969452881
45.0,44.43158584678099
45.0,68.65911194151363
59.0,62.11562805075465
59.0,73.77801574205006
65.0,70.41139708374561
65.0,68.82284016988046
63.0,66.72192109682607
63.0,10.009675600972514
72.0,76.9219081201332
72.0,84.9990651078927
57.0,59.92907981583272
57.0,79.25507548958808
61.0,64.64407825141217
61.0,70.43495004727515
78.0,83.1629687003662
78.0,81.81005427336555
71.0,76.11148242345985
71.0,82.25445968714325
72.0,75.92200336162244
72.0,34.096961395579854
71.0,76.93775325227574
71.0,77.49445256930693
66.0,66.88457002580338
66.0,81.4091467095912
59.0,61.93503941401002
59.0,22.837287257626826
36.0,36.65780574776801
36.0,48.85446662596718
56.0,54.47749609209217
56.0,24.4628884255564
80.0,86.12922809696204
80.0,17.01817205367263
62.0,67.52546297675894
62.0,84.52637970227784
74.0,79.57909456666692
74.0,24.669143402222574
64.0,64.85619294443359
64.0,35.09965564327359
75.0,78.26671103480396
75.0,52.941079248323035
74.0,80.17674269968131
74.0,79.97234479373492
73.0,80.47502737466522
73.0,26.73685104679862
21.0,22.330038082076044
21.0,56.77030415557971
59.0,60.70311502015335
59.0,71.96776124838692
56.0,57.10012915496901
56.0,66.52232901685801
44.0,46.109437887003935
44.0,55.78460121644247
77.0,82.391467730697
77.0,64.01067926254075
79.0,87.08406378806978
79.0,35.29307173741489
69.0,71.84270258204117
69.0,75.23801761647866
49.0,52.061242925610884
49.0,67.74997289678208
55.0,58.142709475658364
55.0,39.05082672077572
74.0,80.94343515205281
74.0,46.26612728771528
75.0,78.87514587290167
75.0,77.7360793655954
54.0,53.562565658469055
54.0,44.94666551049829
20.0,10.248392960004821
20.0,56.24735845772051
27.0,19.700460934343425
27.0,32.73608562681363
74.0,80.34111082112287
74.0,60.58468869855079
60.0,62.56083828403331
60.0,83.58833633351668
76.0,79.68328401740035
76.0,86.37024483214373
69.0,75.17880707218882
69.0,44.23593361124415
67.0,66.98283690665863
67.0,63.135143829687536
58.0,65.44353401101887
58.0,64.28472932111669
60.0,64.28606365952356
60.0,30.444913428329926
72.0,79.43470531996985
72.0,49.82064547589346
73.0,81.86495316984036
73.0,68.0153893704275
72.0,73.39385488328219
72.0,54.67647735173938
56.0,59.169901343249876
56.0,73.0680887080324
61.0,68.165350828584
61.0,73.95565614692742
54.0,54.13851808369003
54.0,54.579016675058085
45.0,44.804551366099645
45.0,6.4270693843476465
59.0,63.28833077443011
59.0,59.74498032847271
53.0,52.00666640984423
53.0,81.75043210405727
70.0,77.81598666650115
70.0,42.38811952583427
75.0,79.80202245307117
75.0,77.6019881546523
37.0,42.155738288323334
37.0,51.911318702658434
65.0,71.62873185493845
65.0,52.229346662377225
64.0,68.23413956711096
64.0,82.12669744940371
69.0,72.03327005250719
69.0,47.1722755052682
60.0,62.96892440641602
60.0,59.359649555463875
79.0,88.4773272253849
79.0,77.07251519684382
56.0,51.76505837692406
56.0,62.702203863577665
73.0,80.74112039649413
73.0,66.09001298563317
69.0,76.54906582859763
69.0,59.537098497143745
37.0,37.82655321706284
37.0,48.19990564676493
63.0,63.77178277505271
63.0,69.1625750190471
58.0,61.397445195952116
58.0,68.17220390915332
76.0,82.38922725566903
76.0,42.59937598180761
81.0,89.8284114755869
81.0,69.3798701540839
64.0,70.10193498042423
64.0,85.15229540860992
16.0,11.318987996325404
16.0,66.37965866201205
73.0,77.78933949914489
73.0,43.66602724221201
56.0,54.50224776162963
56.0,33.10130149941352
66.0,67.90921026461308
66.0,72.84809785039727
57.0,59.0804946154247
57.0,57.665162282964275
53.0,56.213761856326244
53.0,41.56974323326284
76.0,81.66031945406019
76.0,47.44551986707114
80.0,87.81477257091495
80.0,51.11538851462194
55.0,56.06219963127006
55.0,72.14553823665199
76.0,78.2838307492562
76.0,55.1202614019046
77.0,82.53428790878428
77.0,54.129277674758214
62.0,66.23948665855903
62.0,79.54427724200849
20.0,20.04761303171108
20.0,66.10097332323312
40.0,29.450945775428238
40.0,78.23694390680492
34.0,35.932521589691476
34.0,65.60998944989302
49.0,47.94407859023556
49.0,48.11774435332529
55.0,56.78882718051523
55.0,63.116647396745066
81.0,88.491745326321
81.0,53.03319061846997
32.0,26.329605038142745
32.0,66.73575303605901
57.0,58.22449840756104
57.0,37.392879122386034
46.0,47.14083859358158
46.0,38.65222570268389
79.0,85.57875653219327
79.0,69.06504844386035
39.0,32.67138045591611
39.0,62.133749569995814
68.0,70.9421099461922
68.0,49.95017305313877
49.0,51.101743335282094
49.0,81.84077906177765
75.0,81.29095069467792
75.0,77.48140292231591
26.0,25.858811957992828
26.0,72.1231792878138
59.0,60.19342814972481
59.0,61.50906434495744
48.0,40.53044391929677
48.0,49.18429681162331
73.0,79.60951312508445
73.0,72.58426759750142
50.0,52.09642713487523
50.0,53.81867153005334
66.0,68.73219203566828
66.0,70.4206933320657
70.0,74.35218049777575
70.0,75.20867160593087
36.0,34.235987564126106
36.0,69.21456537276788
59.0,62.02412537923948
59.0,85.16721360980961
66.0,70.04226178808716
66.0,70.04413824346125
79.0,85.16964847218833
79.0,86.51500861553791
70.0,71.7029992473046
70.0,58.885941423600684
65.0,65.26554488352036
65.0,47.22877455334242
72.0,76.95289747795618
72.0,71.28456705758208
67.0,75.21586184856716
67.0,78.16662992362205
68.0,76.41503873975444
68.0,70.10139419211657
71.0,75.93535042491106
71.0,69.3865674931929
79.0,87.94734571995286
79.0,84.609855007811
72.0,76.65392823721322
72.0,16.463703503576426
42.0,46.685826784222684
42.0,57.3998703720323
62.0,64.03631356938325
62.0,58.705851932928795
28.0,15.340832266324696
28.0,13.958902855034921
53.0,54.830358565091615
53.0,73.15587556655504
66.0,69.47068952761532
66.0,82.96809958413019
73.0,78.77192520388343
73.0,75.33091288083011
65.0,71.54416282084901
65.0,79.30703532304454
61.0,64.82809726848336
61.0,74.84380520553685
62.0,66.20570967756191
62.0,68.39510165830774
63.0,63.2638254310628
63.0,76.48577427889194
72.0,78.22175882509737
72.0,31.56559730693516
65.0,69.05805776282443
65.0,44.87592680978656
65.0,72.59582596618299
65.0,85.49859855252521
73.0,80.75893505419361
73.0,46.80875905540336
51.0,48.29940042129135
51.0,12.810012607221836
57.0,59.07065688615904
57.0,66.99631115308085
32.0,26.62047571102545
32.0,67.69279949952522
56.0,54.70105511047774
56.0,60.86733073196717
54.0,52.167010248234305
54.0,35.00570823365109
66.0,71.42442473879913
66.0,60.00581595010027
63.0,67.68869901237673
63.0,77.69644745346324
80.0,89.18863017953129
80.0,79.21141064557304
55.0,60.63186451927902
55.0,66.36063698488744
41.0,38.251013891474884
41.0,63.26984680515989
72.0,79.4026488042822
72.0,50.816224068956615
59.0,60.09856434932999
59.0,7.289595691699446
57.0,57.195881515727706
57.0,62.4736224133556
43.0,44.0533784989467
43.0,72.83241129861335
7.0,8.596344584250176
7.0,71.21468325328362
59.0,62.97635032903605
59.0,40.28319786962794
60.0,61.6912673362865
60.0,80.37013952461422
61.0,62.11348443904245
61.0,61.91482970443133
59.0,66.60752476354605
59.0,41.61378684096883
59.0,62.02715706529585
59.0,84.08246746869202
49.0,45.5837654349757
49.0,4.505920246964877
70.0,72.63592737234154
70.0,68.99045119238201
66.0,68.53087848304841
66.0,66.0511703910339
20.0,12.603738668187475
20.0,57.162074553739274
65.0,68.90039989496228
65.0,59.788380879743954
57.0,62.383183145239855
57.0,80.94283942099838
68.0,69.41959326171218
68.0,54.079679389126
66.0,71.11053352108485
66.0,78.47914347655461
68.0,72.80198400676085
68.0,68.14230914530361
72.0,78.41706483326158
72.0,79.94499387042066
70.0,76.7661243812521
70.0,76.50393230729111
55.0,52.91809639343319
55.0,56.63965222354091
62.0,62.08920563230572
62.0,67.38372638505882
47.0,47.340113191317755
47.0,61.28781662840993
67.0,70.83532819278912
67.0,72.56126896011233
53.0,58.956933158401114
53.0,73.15504389977741
18.0,12.760088546333805
18.0,81.76878315293396
72.0,77.67311711235152
72.0,53.81976021512793
77.0,84.39700548900856
77.0,68.41793769672313
67.0,70.8834127237842
67.0,45.20451858668514
51.0,49.6117345964999
51.0,67.0818691256411
64.0,64.41975818864591
64.0,68.06934987424052
51.0,56.92766015986251
51.0,49.599630095049974
54.0,45.5102579847665
54.0,60.1777313752616
60.0,64.82628887035565
60.0,63.859690823466565
63.0,65.79313679251919
63.0,77.29120845411501
23.0,21.84735071916748
23.0,75.52988828229252
80.0,86.47303678985304
80.0,70.06650004683013
37.0,30.79945694817826
37.0,62.39540263081619
62.0,70.14801032111274
62.0,46.832664115209354
64.0,72.96877806097041
64.0,30.460404919236453
58.0,63.07760597855582
58.0,80.2510168395691
49.0,53.51215490074691
49.0,76.53982722218365
47.0,43.82656984897034
47.0,66.39553236453247
60.0,61.09174072776341
60.0,59.43820070908038
73.0,80.3145025056537
73.0,80.04690253603309
63.0,67.27056393829469
63.0,67.19410215957299
67.0,71.83075731036479
67.0,36.611136421854496
57.0,64.27134812251637
57.0,71.96054744132681
34.0,29.746875410474786
34.0,85.09883201954824
51.0,54.08823220808466
51.0,51.28302895737875
45.0,37.32240397092551
45.0,48.88595302500778
17.0,0.3891700632966604
17.0,77.12958805093263
38.0,31.389410457031886
38.0,48.109717512514635
73.0,76.14426297323672
73.0,65.28762623429492
40.0,35.4459741039326
40.0,73.59039416274732
41.0,37.990575422591576
41.0,27.838234989535636
37.0,31.188080112608986
37.0,57.63239379400221
69.0,76.41418999609226
69.0,91.86564600863869
51.0,55.28437654909612
51.0,70.10914659296583
59.0,54.50388300585416
59.0,52.1496487366673
59.0,62.4771084109596
59.0,76.45573609661608
67.0,70.54211424540267
67.0,35.7259385949464
65.0,66.19358021297887
65.0,44.15971499480571
53.0,54.5886937701726
53.0,73.00719984137686
72.0,77.21032961909015
72.0,79.62729048397705
37.0,27.166606041824252
37.0,65.6715969096943
54.0,55.67203638647658
54.0,62.33063788273057
66.0,74.16816703069048
66.0,26.115967835376352
57.0,59.37090860192899
57.0,44.009447762781406
71.0,78.71850087308894
71.0,43.810765543381535
71.0,80.26768193627913
71.0,82.23450946359435
64.0,66.66143097727468
64.0,65.78878461377741
72.0,77.64895991648001
72.0,51.4552792294794
64.0,65.34478196907645
64.0,44.33513613120044
63.0,64.51837440683539
63.0,84.66411379303105
71.0,76.52552765856188
71.0,70.67832355191172
64.0,67.76821630513263
64.0,15.29727410810267
77.0,83.28772321274613
77.0,52.86830273445361
55.0,57.80340856811034
55.0,80.42958295237287
68.0,70.75837490121296
68.0,56.781183302230545
73.0,78.41542237431514
73.0,33.68761375871577
64.0,65.68313296584643
64.0,74.26471802354905
72.0,79.57100075487864
72.0,54.37146204351592
65.0,72.9527445670289
65.0,80.28644100938516
74.0,80.27723557818274
74.0,78.31341508768156
69.0,74.54770929789925
69.0,41.21290694468621
50.0,48.519089182835785
50.0,79.39708030809078
68.0,76.74244016092644
68.0,83.57357828318663
46.0,41.50101891786085
46.0,88.93738849294948
60.0,63.07751128729552
60.0,49.91593925471443
54.0,57.594717365149336
54.0,76.69494573083642
63.0,70.52892304755676
63.0,84.93830223677372
40.0,42.563748945030056
40.0,61.066775089620705
76.0,84.58423956987923
76.0,64.12491087715779
57.0,60.0980765449948
57.0,70.70986583158242
78.0,84.44630912934713
78.0,75.71638171760924
63.0,66.16320585167597
63.0,67.96194326632423
26.0,28.15012654663377
26.0,78.07914056196478
81.0,87.88200411261835
81.0,71.6823033352481
57.0,56.75163445739918
57.0,79.86766704266921
77.0,82.18172614479732
77.0,33.918713179336976
18.0,16.91659107226843
18.0,72.1246128730404
69.0,73.42367709324799
69.0,69.65236611232405
46.0,33.91042618613227
46.0,44.074856329733166
73.0,80.41837579644806
73.0,53.02348291738997
69.0,75.36140921743191
69.0,58.41086531262749
83.0,88.56605675888409
83.0,44.05205127540654
69.0,75.32417272689537
69.0,84.3422479363831
41.0,36.15584676412021
41.0,78.71017469075417
39.0,43.14902307599124
39.0,61.57485350368938
54.0,55.21979172256181
54.0,27.00109206351368
5.0,0.39923992833325883
5.0,52.80272366513668
76.0,81.55269449434854
76.0,73.89732280767839
51.0,46.11514531514882
51.0,57.141581943237156
44.0,43.3892230246405
44.0,76.01131563790966
35.0,32.0617076429927
35.0,72.29364964585767
73.0,78.40569333389675
73.0,74.37110358345643
77.0,83.96722882149004
77.0,74.0853999592282
72.0,78.89905225059306
72.0,59.27428292381023
67.0,73.31049868038616
67.0,41.2675205188126
52.0,55.91868171469514
52.0,58.47644769678601
88.0,94.50267757904084
88.0,68.4453285900102
67.0,72.38429474285215
67.0,68.73798369927681
47.0,46.37689043027683
47.0,48.386975314877645
45.0,44.3503141057156
45.0,79.01020946499824
62.0,63.84475591591985
62.0,16.927270115647048
64.0,65.32935106268229
64.0,67.52531370714001
55.0,58.841296651167795
55.0,61.80528233723902
53.0,54.23716630561353
53.0,84.60066410355739
55.0,60.01416809645872
55.0,45.16819228567539
49.0,48.16832821632045
49.0,65.46936479672934
58.0,59.586394270935045
58.0,45.99524359108125
57.0,58.8708813259463
57.0,37.39672978394134
48.0,43.286120111762955
48.0,74.56614869592056
64.0,66.91603829434337
64.0,46.40821868667592
73.0,77.40262462750576
73.0,74.37832396455764
62.0,68.06325580899153
62.0,59.703828043802275
57.0,56.795886712104505
57.0,82.90102362721461
60.0,61.97618427200172
60.0,67.66652254237454
60.0,63.96112393001715
60.0,70.48635309009768
74.0,79.56511499798904
74.0,65.81258168441798
17.0,0.22770129404602812
17.0,77.68616539022122
68.0,70.12391969146711
68.0,29.82173863145556
76.0,82.2685722651612
76.0,61.640471663420385
70.0,72.53018064472195
70.0,70.8043896016037
49.0,42.81004684139958
49.0,80.44528935955947
68.0,72.18938674026884
68.0,54.41762862706253
68.0,74.52552997322681
68.0,42.87316469765284
56.0,57.12096794541833
56.0,58.70080603427971
61.0,59.53571472647951
61.0,87.10172702151016
45.0,49.61726176571722
45.0,76.39042261793549
74.0,80.57206995451139
74.0,55.795539956467564
46.0,47.643886787859685
46.0,67.79841254747464
24.0,30.738951325107337
24.0,64.36304909546641
70.0,76.5519665965416
70.0,65.96372212275304
50.0,50.39577449322775
50.0,74.0062476477865
66.0,70.08660456908552
66.0,71.07663255816425
56.0,54.035542451016056
56.0,58.142709475658364
63.0,68.89885773656334
63.0,55.408967711665014
48.0,45.63787291227135
48.0,56.35208938153079
70.0,77.12990257519198
70.0,38.86168281203288
67.0,71.92096566583672
67.0,59.042789374407675
31.0,15.574111352792556
31.0,79.18160345916124
58.0,58.171534500695316
58.0,66.33125468612377
58.0,60.976753515003
58.0,69.6146764523329
61.0,64.03663849839802
61.0,71.65570427932039
57.0,61.134249842547604
57.0,55.269460809454415
53.0,56.692228417363594
53.0,70.25385497475764
53.0,53.34510990854483
53.0,85.38007659406423
72.0,72.45386822522761
72.0,71.50807582863632
64.0,70.35388733544511
64.0,17.053579002399317
61.0,65.28078797734537
61.0,33.19867916147513
66.0,73.23091265653653
66.0,70.93190361949587
68.0,74.40732748397869
68.0,74.28175087763123
73.0,77.61947657650614
73.0,15.22077164454572
54.0,58.58264441236025
54.0,69.67990239343771
54.0,51.71878464141105
54.0,30.73107936260658
29.0,25.22319960616437
29.0,86.18417865478358
36.0,33.862174026290745
36.0,75.23289091487999
58.0,59.854766471234825
58.0,66.19610335213918
47.0,43.778334308935996
47.0,41.37092872879083
67.0,75.18364630689854
67.0,47.86834188150044
55.0,56.874462876662676
55.0,69.38241703968748
75.0,80.635037904851
75.0,83.75263869956626
56.0,58.645667516273306
56.0,12.310098071152197
42.0,48.99288329954152
42.0,81.94273029720989
37.0,31.970631637775284
37.0,71.84156330691337
66.0,71.24300280548152
66.0,74.11236048487075
76.0,82.11402692150438
76.0,67.56237996205385
27.0,19.553029511650664
27.0,68.34899827994849
61.0,63.433881927876655
61.0,68.40755885433742
78.0,82.14296925485701
78.0,42.218989903743875
66.0,69.55865775879619
66.0,79.18936325361108
61.0,67.52897180024348
61.0,23.32693075915114
52.0,51.58158011765778
52.0,20.11731106744486
69.0,74.8746990348223
69.0,72.19869055268566
16.0,11.075477443441741
16.0,75.69151698420342
65.0,66.77721087576424
65.0,68.04915398859413
77.0,83.33019508852288
77.0,66.55876245958996
55.0,57.46918571884436
55.0,80.88175462783511
30.0,21.13398681519294
30.0,43.27073073074678
71.0,77.5258447338756
71.0,71.52870110153202
42.0,36.40816185472204
42.0,46.883125085064876
68.0,72.6800234459871
68.0,84.39655161219918
47.0,47.92987009605406
47.0,29.602165846008575
45.0,44.55806769313381
45.0,54.324835981018396
52.0,53.90257369534004
52.0,78.9830053685497
56.0,58.0924774784209
56.0,72.55915558048764
64.0,69.73810293161534
64.0,66.86316335164753
51.0,55.82676547265862
51.0,27.616217442291656
59.0,65.45636933854934
59.0,72.51293500872208
71.0,75.79932357016855
71.0,76.50016836607858
57.0,60.66505696750136
57.0,76.44285065891114
56.0,61.27077712792902
56.0,76.64763818973694
53.0,53.73974879820213
53.0,73.68654780509036
73.0,81.31000342141544
73.0,64.67606952890043
59.0,61.78295124372005
59.0,12.452982149021068
57.0,56.075241844762104
57.0,82.39384237189569
69.0,73.70123057132736
69.0,63.70909818821582
65.0,70.31233964305318
65.0,51.598422827222805
71.0,78.02853743608352
71.0,89.17366845053868
64.0,69.3461141308531
64.0,55.400827946648235
64.0,70.40198226454413
64.0,49.435788767593976
49.0,53.044885208328196
49.0,49.516169838061955
48.0,48.524718299709036
48.0,49.187756390247785
49.0,50.35385024227378
49.0,67.04283424166687
51.0,48.56236099795831
51.0,61.549599368008785
79.0,82.62194259328317
79.0,71.91607085425665
35.0,35.4644025641814
35.0,41.431620569798895
37.0,36.19214014587385
37.0,78.39911612178639
70.0,75.79206715789695
70.0,64.22666035586502
62.0,62.55863865348795
62.0,80.55246851937625
32.0,34.61875282896801
32.0,68.75950509657577
26.0,29.915524518237078
26.0,57.06378312899011
30.0,16.37898037222766
30.0,29.418575667631217
61.0,58.85305230781023
61.0,76.8741939419213
59.0,62.81877054332364
59.0,2.0486575875968924
41.0,35.110459013977504
41.0,76.11472330827513
79.0,86.6572346536114
79.0,39.904319357268264
67.0,66.90259764723413
67.0,68.943196799475
67.0,71.61317263078325
67.0,32.53012305675196
55.0,58.679794072323034
55.0,80.93269771291563
64.0,64.6366095187069
64.0,31.08546454271101
62.0,66.92837219529059
62.0,39.50541924314081
63.0,68.24440554496954
63.0,82.76491670677632
31.0,33.373759828877155
31.0,26.63941917676692
69.0,72.2802430810263
69.0,59.50343691581321
67.0,69.47532684041056
67.0,73.32450567949189
44.0,42.666548069354064
44.0,39.962395454388854
56.0,50.92873742224464
56.0,75.23205491987244
69.0,71.25220798856975
69.0,60.09516847187382
71.0,78.10219591482121
71.0,60.96079900916499
72.0,77.12501868840167
72.0,58.180227659690445
39.0,38.821173190888146
39.0,56.146233970465744
75.0,78.73757492023174
75.0,83.93158539588563
42.0,43.05631342389023
42.0,17.20650571388927
44.0,40.90852157906022
44.0,68.36042790510328
36.0,37.47471244054458
36.0,93.00261862176859
69.0,74.65681878552255
69.0,84.70534530255765
75.0,82.73972982439193
75.0,59.14758692534053
88.0,98.0627870244806
88.0,54.476857168529136
61.0,64.79715867467951
61.0,76.23045045187212
58.0,58.20592803022379
58.0,66.051078006078
54.0,60.012173159752024
54.0,65.4062399766766
62.0,67.45268228953097
62.0,53.65381627978036
59.0,61.286980755526315
59.0,56.98702847312262
59.0,58.60762705328273
59.0,63.81988625373816
71.0,76.30424412372975
71.0,67.69086785441942
68.0,74.45028459852261
68.0,67.88877111008583
81.0,91.87658505460291
81.0,39.95143124053038
70.0,74.3522400593069
70.0,75.29826423463044
66.0,70.61379396719053
66.0,77.73683339043941
64.0,68.62463302575435
64.0,67.17698900291549
70.0,73.4214899091412
70.0,26.217507456672877
74.0,83.15607388515986
74.0,52.82902166553339
59.0,59.877116616377464
59.0,72.6633608941961
55.0,55.96976058912662
55.0,26.295047968813265
65.0,69.12768683470955
65.0,79.02325303819521
37.0,33.918713179336976
37.0,81.81947520642802
47.0,45.65244837449086
47.0,69.77040522276349
67.0,66.14005740040068
67.0,51.14811458480949
68.0,68.94955218741893
68.0,66.48608130942716
58.0,59.13204907164658
58.0,35.456519305389406
60.0,65.37944373766459
60.0,79.056279218942
43.0,33.846507312467054
43.0,24.083989472149653
67.0,71.12146360584455
67.0,79.84748781142628
59.0,61.6326368427695
59.0,71.07949905643619
59.0,62.087409829351884
59.0,84.10995221067117
68.0,71.48737725101097
68.0,76.37526822349139
42.0,42.403171887034375
42.0,76.06868876589476
68.0,68.59521387027615
68.0,74.42839556967613
69.0,69.84053709352452
69.0,74.34933979687776
74.0,81.44473668026978
74.0,82.13947813992684
55.0,55.26884269877269
55.0,45.267035152297865
44.0,46.33310626958763
44.0,71.13948578890466
59.0,65.64995687194983
59.0,69.28252130533542
52.0,56.51664196598807
52.0,81.61237799225177
54.0,48.882273909018124
54.0,61.994440152503444
77.0,82.23958264839592
77.0,66.914708835699
84.0,90.27340156273152
84.0,55.71063228972611
77.0,80.70802108996583
77.0,19.668253002974495
70.0,73.73493290475534
70.0,81.85586991888249
70.0,72.44483562774036
70.0,70.30629836333003
63.0,67.18702366899447
63.0,61.36881348767764
63.0,67.36222466504233
63.0,74.71683787524967
76.0,80.7594596669299
76.0,21.09183522772969
67.0,73.08396580855242
67.0,76.91601322408565
60.0,63.260963451488635
60.0,10.083618595598296
72.0,77.44002782557374
72.0,59.185668190173885
49.0,43.91718426385529
49.0,77.29309065591991
60.0,63.28407064611321
60.0,69.44325017608924
64.0,71.36438618270057
64.0,60.855920782191845
69.0,74.71251187073568
69.0,70.07381833235132
74.0,79.99213298425025
74.0,78.9078912582537
21.0,16.96174721273536
21.0,71.29432778026029
68.0,69.48298474633668
68.0,66.17130649465219
76.0,78.58005170305842
76.0,81.3717271227909
65.0,69.49633453217649
65.0,71.31640004188853
66.0,70.38595372719436
66.0,76.54426395685522
49.0,49.25724516482302
49.0,80.56121028479316
71.0,76.22057317563974
71.0,38.54361579265469
74.0,81.97291379902077
74.0,84.17989361662734
32.0,25.353635514392863
32.0,74.81913672509324
54.0,57.87909469136571
54.0,69.08135444184933
57.0,57.97505192089386
57.0,81.54299328186289
75.0,78.63164332652514
75.0,60.19659019350695
57.0,63.15997889335728
57.0,77.99121314611335
64.0,68.43402950761015
64.0,78.04731016339298
75.0,82.12876542951682
75.0,61.971328389747214
61.0,62.42132831436248
61.0,81.70617101258284
66.0,71.83117785424662
66.0,79.58753020554724
71.0,79.57899736133947
71.0,72.89864314524459
53.0,49.773198794900736
53.0,11.770106369156395
76.0,81.04061108814471
76.0,73.01234341946014
24.0,15.360595019235689
24.0,65.49259706288893
76.0,86.44204582182948
76.0,67.83500400842803
63.0,65.58532872764152
63.0,76.66193481512533
73.0,77.04668662325861
73.0,58.80104221228254
24.0,9.095757711860529
24.0,65.11252537401077
61.0,59.80076788433962
61.0,80.38348989818144
69.0,72.52624251741997
69.0,85.00735253119359
60.0,61.85251385912591
60.0,52.57703536402204
65.0,66.39606419322757
65.0,72.32367421153612
65.0,69.69125840375159
65.0,67.22363728886421
30.0,33.74396900536141
30.0,89.80935096762141
72.0,77.50283025292521
72.0,49.22857108036379
69.0,73.97081632005131
69.0,57.09677029675248
76.0,80.59559179332138
76.0,89.5117662022945
69.0,74.73042857877516
69.0,67.83166401964615
59.0,55.2401685732828
59.0,75.11321050150167
22.0,17.360250868651747
22.0,74.50313411549052
71.0,77.62665078462408
71.0,67.5742517431604
75.0,79.9425551081726
75.0,77.77539350961285
28.0,22.739695812334503
28.0,79.34686667532577
58.0,60.01804457387624
58.0,52.77168353817024
63.0,68.19905386461733
63.0,76.10804843772081
70.0,74.9310563747826
70.0,10.71357592878826
70.0,77.41550050933432
70.0,37.60706502983709
45.0,46.56032612389026
45.0,70.7795728518982
58.0,56.22372911583557
58.0,38.04424609806364
15.0,9.992064390299902
15.0,52.694523903340155
52.0,56.23644443134623
52.0,28.22731085526334
68.0,71.87496563261413
68.0,74.8057163657623
73.0,79.20984325888219
73.0,76.25379037171768
74.0,77.85394734771
74.0,87.82688315624574
59.0,65.80194556490233
59.0,78.8436408245654
74.0,78.50541158738145
74.0,67.72570375895043
60.0,61.63790716734297
60.0,71.96420432107197
76.0,82.09962611533206
76.0,71.1344513595879
81.0,88.5390984325033
81.0,49.444438187616015
75.0,82.40657405933945
75.0,78.68506333393236
67.0,68.14891145029105
67.0,77.56099229753607
57.0,59.33266323983315
57.0,57.54341139097335
48.0,48.563749743651044
48.0,77.20119333525781
74.0,80.28513492962622
74.0,81.95366771914343
54.0,55.70538772650394
54.0,72.51293500872208
44.0,36.33564688448246
44.0,81.50587117101378
73.0,79.38267852637227
73.0,27.105154666928627
82.0,90.0542739811217
82.0,84.36853482659808
50.0,48.918664354235716
50.0,54.27552742821479
69.0,74.19222203952427
69.0,83.41391545607644
51.0,50.06108003848561
51.0,76.95722661066947
59.0,62.68388737801445
59.0,83.39877481665508
71.0,74.76718355231691
71.0,59.82969534658804
67.0,72.92177180547765
67.0,77.45094412678355
72.0,77.56032401369004
72.0,68.7797618509818
48.0,50.498929471264034
48.0,81.41920162167258
37.0,35.44574168945553
37.0,52.525655919489225
46.0,44.17179131688761
46.0,69.93669319097694
77.0,85.08942033781
77.0,60.355004659302665
80.0,87.53921302413715
80.0,78.90588291092376
66.0,70.54719012755055
66.0,67.78881298254345
73.0,80.17422289254876
73.0,80.4119027056264
69.0,74.30757536133763
69.0,35.400116031597804
68.0,75.08263106859567
68.0,87.61535198188312
55.0,57.376906379870206
55.0,62.54356227668268
46.0,43.988161261154005
46.0,70.26150047670751
43.0,42.22498179975162
43.0,17.106150111218312
67.0,73.2435987786792
67.0,48.09913833282832
45.0,41.72937504938312
45.0,63.739683657648015
66.0,66.5266991350394
66.0,71.28989345509302
51.0,46.49330969692744
51.0,32.47460464884648
49.0,50.845728849027296
49.0,57.845629229487486
73.0,77.40900627541993
73.0,66.12860185463802
67.0,69.21039665117507
67.0,74.46610521802421
52.0,52.85147196069954
52.0,78.35889414700694
64.0,67.92877022817783
64.0,38.06637211286011
59.0,59.26125404375176
59.0,63.15750844406983
67.0,74.68031709193735
67.0,55.78277764448882
45.0,41.43201082639388
45.0,58.322090075182814
74.0,84.0336199087559
74.0,80.65799082954663
61.0,62.75984337123822
61.0,31.49851904034182
50.0,54.05592283512033
50.0,58.99675200470432
73.0,78.60365742309432
73.0,49.55338664309562
56.0,55.4223577605876
56.0,64.95341836477348
70.0,72.6589329829859
70.0,47.14462937583892
65.0,66.87676304259793
65.0,67.29762315929958
44.0,43.97251991243854
44.0,75.36083210975562
49.0,50.647102491219925
49.0,83.91901698563254
72.0,77.7616852253638
72.0,80.73663851455785
32.0,29.33120381476374
32.0,64.74746968782273
46.0,45.89633922060773
46.0,64.16785098178235
75.0,79.83354670261497
75.0,83.82104920077563
41.0,36.15853654589415
41.0,76.72644975841212
67.0,73.4975766004448
67.0,46.658943909073514
72.0,78.71955951105514
72.0,65.96220565451108
52.0,60.09948384478673
52.0,65.45324054624547
34.0,37.58789686052319
34.0,49.407310636399984
39.0,37.35181921892456
39.0,61.76556180188959
66.0,68.1264081355801
66.0,73.61892271559105
68.0,75.44899086209182
68.0,82.33461969076205
63.0,63.793382880319314
63.0,30.233321858260183
44.0,44.94542143441629
44.0,78.49548471984252
38.0,39.8081432876545
38.0,68.36717967450522
64.0,68.24245112283137
64.0,73.20501083088095
71.0,76.15191078135518
71.0,78.75986936114884
63.0,68.92770269545355
63.0,48.88588779540089
64.0,66.30403567311225
64.0,80.65789363632291
74.0,82.94264594719675
74.0,68.13428063691572
43.0,48.48182615505016
43.0,65.1791290579369
69.0,73.09264734168784
69.0,63.36853753904688
40.0,29.82173863145556
40.0,70.77859605407286
49.0,46.93128953612472
49.0,67.99758216424794
47.0,46.454039324778364
47.0,63.08899183926508
50.0,50.70117879965011
50.0,75.77547095369914
75.0,78.1919133497841
75.0,10.976368528253317
66.0,72.84720371151673
66.0,71.90317219913248
28.0,27.350650485293386
28.0,72.34867150940318
67.0,70.37099729441303
67.0,59.84345273994717
75.0,79.35233607756754
75.0,59.82677411832742
74.0,79.85440340716934
74.0,87.24116193102248
60.0,62.47610228958746
60.0,63.4759931770883
48.0,53.665425770837544
48.0,64.3204040680281
52.0,57.43897820308837
52.0,64.91734714680467
57.0,58.606805618970895
57.0,87.7945366921067
68.0,73.88993403392982
68.0,54.10138666891248
37.0,33.356189318793156
37.0,78.08560190116049
41.0,36.79907477824321
41.0,63.966431888722525
77.0,82.69048109000869
77.0,41.478642322359406
69.0,76.99073423099844
69.0,63.725128886923585
42.0,37.58599835403385
42.0,45.276741235700456
65.0,68.90984511671081
65.0,93.975254212501
60.0,66.9794868629325
60.0,46.1603122209724
83.0,91.08192106919665
83.0,42.497037588576916
68.0,70.72663892479636
68.0,89.12207956703048
20.0,20.481007853908523
20.0,62.46600963319935
66.0,70.26591891655664
66.0,79.13154743537007
74.0,80.92303755857625
74.0,83.69193551475377
35.0,34.53445644290815
35.0,15.206683260910722
44.0,44.5412499142663
44.0,81.35976161517232
83.0,91.11540105977718
83.0,67.48829118059933
37.0,34.640855718524904
37.0,73.5482390818907
51.0,53.20786765676894
51.0,15.991279292477032
52.0,58.16179442039777
52.0,61.49878056832006
72.0,76.56606664167197
72.0,41.85423238364456
68.0,68.83910621287453
68.0,37.83631442142632
60.0,58.94158471355729
60.0,61.032190548499614
57.0,58.39133832344345
57.0,47.22877455334242
70.0,73.53324092078708
70.0,21.44676936466692
60.0,63.35857039009136
60.0,91.53271420464614
73.0,75.01765699219737
73.0,71.03842481064953
60.0,61.227815570541225
60.0,65.36229683622577
69.0,76.31365690553571
69.0,36.08673027556921
41.0,43.209393127395
41.0,59.72038170433211
76.0,79.64049058155803
76.0,48.11737841796884
58.0,60.25550501140873
58.0,49.197124136651325
36.0,30.043902462144786
36.0,67.96773190070428
84.0,89.34485509414662
84.0,71.36590112864559
54.0,54.14893895908506
54.0,43.08802418718534
70.0,77.26290315450103
70.0,64.23272709639451
65.0,68.98087595026863
65.0,63.53055859640227
36.0,29.692630561872136
36.0,72.66413577529369
51.0,47.798781731518034
51.0,83.40523625393934
59.0,58.90583356849754
59.0,20.767097840252234
70.0,74.4140203530414
70.0,82.27321537158201
69.0,69.98548836687024
69.0,49.657898217535774
60.0,61.45143494917147
60.0,83.48921917016509
73.0,77.98953012912796
73.0,66.7094610024368
55.0,55.285403299314055
55.0,67.79449324263635
45.0,48.125669251982
45.0,80.84195601968332
65.0,70.75265114583402
65.0,42.10755320770704
70.0,76.59964590501073
70.0,81.43719957168071
74.0,81.50211181222778
74.0,65.81436527923285
71.0,74.63239460346801
71.0,88.12695404218732
17.0,8.021137795168613
17.0,73.64159069409772
32.0,21.77293380229554
32.0,83.94275407177702
62.0,65.721849028468
62.0,54.06717747707677
52.0,50.599612350096436
52.0,74.41319343227599
73.0,78.21016539762519
73.0,74.84205237658307
64.0,69.8911266463868
64.0,70.38762977403275
53.0,48.76194847377758
53.0,77.16536868830082
70.0,76.93030036549476
70.0,68.4743713678024
64.0,68.41927119766228
64.0,51.35805061689655
64.0,66.16910590074139
64.0,72.23929686995564
66.0,72.91499568275663
66.0,80.75745439844997
68.0,71.38038361106265
68.0,81.28711574916451
72.0,75.02243651976022
72.0,38.12404316824029
37.0,39.17457273601906
37.0,67.01490970151451
65.0,73.54348726539524
65.0,73.11267744871174
29.0,27.073460579456082
29.0,54.50137847223732
46.0,48.3889591558966
46.0,76.0650347355595
65.0,70.32643636374581
65.0,78.16722326438975
83.0,90.15123816236695
83.0,24.083989472149653
61.0,64.50673043694565
61.0,41.469120991721184
50.0,44.55698846125978
50.0,71.33377947417404
70.0,75.2718143819398
70.0,76.06640855976872
62.0,64.68428028285939
62.0,60.37834363859207
48.0,47.193568030453264
48.0,67.3761907247229
72.0,77.00641166425282
72.0,78.99863269474275
49.0,50.497987355914915
49.0,60.88012140933046
77.0,84.62360072731627
77.0,39.79315080869492
56.0,58.53582512184141
56.0,55.175474671669804
68.0,73.28708012257255
68.0,68.22273981943175
74.0,79.40598873861563
74.0,49.979362767713894
80.0,88.44037977045235
80.0,76.91115821112447
61.0,60.97337076473087
61.0,41.3318660037379
67.0,72.88254370511112
67.0,57.13560190342338
80.0,89.25969011885621
80.0,12.527131416991153
57.0,66.91205261953513
57.0,44.268062869702305
64.0,71.06632273676746
64.0,63.65341491136701
62.0,67.05681684779785
62.0,31.871389842066378
64.0,70.28736880477084
64.0,33.46475993043845
32.0,21.98972483323746
32.0,72.86903787314537
74.0,77.48318819451157
74.0,65.85085626198168
54.0,53.1565663266843
54.0,74.170065751788
58.0,58.75912544937523
58.0,88.04681421360385
32.0,31.69630648382605
32.0,10.998599012879652
48.0,51.963478248873685
48.0,69.68055585907064
64.0,66.97452764990089
64.0,60.850296511813895
43.0,40.93486923629803
43.0,49.426463046522315
72.0,78.3387807761506
72.0,53.67449969044873
76.0,84.89391739276647
76.0,48.505740810878535
60.0,63.579245449786924
60.0,19.34393084015312
62.0,65.42199406597888
62.0,44.22960209147698
48.0,47.95781274887105
48.0,26.99495409757941
70.0,74.68271600432621
70.0,68.85876448589227
66.0,70.31331476755429
66.0,76.37142889455993
53.0,57.03615980993408
53.0,74.25555126516008
41.0,35.74871899995583
41.0,57.539466669342005
43.0,44.403470032865926
43.0,73.96745559092523
30.0,37.015043260955395
30.0,88.57985561679612
50.0,50.01334193009967
50.0,52.54177187452615
66.0,70.27581141121294
66.0,72.60017341135728
79.0,83.62612860560284
79.0,73.05156060370666
77.0,84.79083558730986
77.0,-5.7639904821007235
51.0,49.126760088595006
51.0,79.27542603000938
74.0,77.93434065631004
74.0,12.291653426232642
53.0,58.14329085471513
53.0,59.59260429739669
64.0,66.73662989331325
64.0,66.80378529736049
72.0,75.7414342851938
72.0,85.3170751414113
72.0,76.53258638429611
72.0,61.885568617102706
62.0,64.78039441668903
62.0,64.2350801674416
60.0,61.776516545114646
60.0,73.13530526133837
32.0,37.3949697472454
32.0,77.40294538854226
64.0,70.30960839178738
64.0,59.82474874910264
70.0,75.37339211259672
70.0,75.87578020771713
77.0,85.49866247921477
77.0,77.06691999823778
62.0,67.35511385338185
62.0,58.15704064880157
63.0,68.94258108922503
63.0,53.90453286921644
50.0,51.48757065459813
50.0,8.950187650167834
65.0,68.72332120099907
65.0,54.05183018990215
75.0,80.98476828974094
75.0,58.94090144372433
69.0,72.33875913971127
69.0,78.965641963162
56.0,55.919174653193124
56.0,72.70425940080008
50.0,48.30407210358288
50.0,74.30601642764492
72.0,77.89697994931305
72.0,33.13459849785261
52.0,56.903529725984015
52.0,84.08953325614254
48.0,46.49158768265977
48.0,72.10515307549105
68.0,71.14476628205693
68.0,85.51783107201834
58.0,63.82982403397568
58.0,58.07229421122048
51.0,49.44485235987236
51.0,46.03818370428411
63.0,70.85791746859184
63.0,14.883917178904824
30.0,21.20658961874318
30.0,43.49420570382847
69.0,68.27431385445516
69.0,78.40998727251389
74.0,80.62966857660984
74.0,53.165694305855936
66.0,68.65417955074861
66.0,58.333081931694835
73.0,78.45636987855477
73.0,64.48377565171194
37.0,32.43909646107187
37.0,83.02274874080291
75.0,79.08025399869626
75.0,75.32949660561701
57.0,57.49503433629718
57.0,65.76217900924581
50.0,41.69710164859276
50.0,46.39127922501058
64.0,71.1848158851841
64.0,96.150433364952
56.0,56.03512905520125
56.0,52.63609495133545
53.0,56.692228417363594
53.0,68.854398934436
65.0,71.16898438968741
65.0,59.31266838953593
69.0,71.96648046985786
69.0,79.67644527987466
68.0,75.21969351484893
68.0,67.57981532470404
75.0,81.78510340138803
75.0,59.60735847838373
66.0,72.27152911795088
66.0,77.80790495773067
69.0,73.82274110425908
69.0,74.98044418128018
46.0,48.79419516551923
46.0,73.996367072812
60.0,63.41494864035593
60.0,3.3182862428004682
74.0,79.60169782082079
74.0,30.606917626568986
59.0,60.305158896659464
59.0,69.35057786827338
42.0,44.31526058234192
42.0,71.00510015333379
67.0,72.6293109515313
67.0,57.82437354958614
41.0,37.58599835403385
41.0,48.53315262884985
58.0,56.22951491917178
58.0,76.14721113226602
59.0,58.837174818711105
59.0,6.7799659009361335
57.0,59.75620741943624
57.0,85.49596353555381
56.0,54.941925704675555
56.0,56.70684893476755
47.0,46.04190685713809
47.0,34.72768523089252
80.0,88.98905609323367
80.0,74.34079241979526
34.0,36.41346308537021
34.0,77.45549455260124
64.0,66.12688035884963
64.0,67.25392593137815
59.0,60.53415901261292
59.0,45.89247111318144
49.0,55.46094697735083
49.0,58.35138759862343
63.0,64.82026627392617
63.0,45.13388940688225
58.0,62.35477404470009
58.0,46.40846768218961
72.0,74.70830037672266
72.0,83.1860566077898
62.0,68.70802982521457
62.0,65.07108446085607
66.0,71.37619854125404
66.0,71.03302195991648
44.0,41.394016420216985
44.0,43.82656984897034
67.0,74.83270246125863
67.0,40.60187904576617
71.0,73.31487954915855
71.0,65.6207006453858
58.0,60.941252686631685
58.0,83.29664314586506
62.0,63.56645562010061
62.0,66.2663560650621
39.0,46.99291653587295
39.0,38.92127174523819
40.0,37.601368726250314
40.0,57.14797924505655
57.0,62.220191934956574
57.0,78.61355625026232
46.0,46.185039185350035
46.0,82.94769212152903
59.0,62.050049056578814
59.0,73.40369862037642
51.0,54.53649082613043
51.0,79.67322162717488
58.0,56.84040296666973
58.0,46.81126221560265
49.0,49.332716913969364
49.0,33.99633048645933
35.0,37.49077691657095
35.0,64.36303248258054
55.0,59.814671290717456
55.0,64.39811773145482
76.0,82.1967211762202
76.0,71.00182500846722
51.0,56.10310285625491
51.0,47.64038568021056
69.0,72.78828600507558
69.0,69.66303901214741
44.0,42.3428419165694
44.0,79.40214988441238
68.0,72.54621343136148
68.0,70.75541349665616
55.0,55.793588094050506
55.0,68.09794317441191
64.0,68.64956888543588
64.0,46.41301489573931
82.0,91.89652323542396
82.0,66.32400768992704
29.0,29.303417651018663
29.0,81.50061420681914
70.0,73.66916582083877
70.0,76.46746883896088
66.0,68.85854441233778
66.0,26.602673445772894
57.0,56.64538203870711
57.0,80.0187951387395
63.0,63.4091954781336
63.0,27.714960479158947
63.0,66.32827025577541
63.0,85.96547029721688
72.0,77.8829748815894
72.0,32.956223561265745
59.0,64.3392935636594
59.0,76.30424412372975
56.0,56.5742339179842
56.0,81.66405524944645
72.0,79.13098835605052
72.0,66.67846431177736
40.0,36.37271950070891
40.0,26.297456808348215
68.0,71.77562492159808
68.0,73.178141364351
75.0,80.5873652829975
75.0,68.03493094905355
72.0,80.28259470147668
72.0,51.41881213878736
58.0,57.71442317664827
58.0,53.427266026834445
26.0,17.633440679539262
26.0,26.62047571102545
67.0,75.02870924591491
67.0,61.29267696836615
46.0,52.271751985765206
46.0,78.58076269057801
39.0,39.43777613943348
39.0,67.90182764615287
62.0,62.47431375141076
62.0,43.24992022803724
62.0,64.06385615527046
62.0,77.46853462794058
58.0,58.252884620909185
58.0,83.33041543833264
57.0,59.16823825322405
57.0,68.62089697680108
25.0,21.346651766140212
25.0,77.49609679613684
59.0,63.29578098874731
59.0,71.13155518063945
55.0,58.142709475658364
55.0,62.69625712931111
67.0,72.20554002009396
67.0,69.39763335404086
42.0,43.74192797592457
42.0,80.87066418546215
60.0,59.184096050860376
60.0,50.18969995020882
75.0,79.36433493263718
75.0,37.742040976922965
77.0,84.66383516879336
77.0,64.50682158605525
17.0,3.1149274670311797
17.0,63.10997747380367
48.0,48.5933701918558
48.0,70.74173537827909
62.0,64.57331849905682
62.0,50.18488676379934
14.0,17.291341851801178
14.0,74.15367188352366
61.0,62.976292390676065
61.0,62.86770986222615
58.0,57.253195087531594
58.0,59.02889122041438
76.0,82.92938929461513
76.0,23.336797351649807
54.0,55.262608342037765
54.0,83.63365132782684
67.0,66.14702672553625
67.0,74.9816693703234
67.0,67.1786146206448
67.0,47.57549292042194
68.0,73.09781654487495
68.0,45.50026828274372
61.0,61.158428882193334
61.0,26.115967835376352
78.0,84.68967716830099
78.0,74.64043780600753
73.0,77.98966857519571
73.0,38.03215072123936
52.0,53.85163257892981
52.0,61.71195166559653
67.0,72.56314061329545
67.0,31.894704124846726
62.0,61.96990795552915
62.0,60.92555971834332
51.0,55.17775846098715
51.0,71.384577817798
55.0,57.42633077081342
55.0,58.913269414176284
47.0,46.21373941562115
47.0,69.93811503440264
74.0,79.93356185537147
74.0,68.34377138533608
43.0,44.89408568113953
43.0,54.346268770528354
63.0,66.84989346501237
63.0,65.80027227506918
78.0,89.25896687391474
78.0,57.24738042113171
28.0,25.77295308974317
28.0,50.41916602323181
28.0,26.297456808348215
28.0,50.170207499829814
57.0,59.13756695988326
57.0,89.3377033119674
79.0,83.47078451402126
79.0,62.64598387073869
64.0,68.48563161120978
64.0,78.69302977307672
70.0,76.50924599102564
70.0,79.64305351719236
46.0,45.38555862686991
46.0,65.38558622361779
69.0,73.53346907699586
69.0,63.78616090382667
65.0,70.30240054657884
65.0,82.29034418261318
52.0,55.74215244190731
52.0,76.35010026448833
53.0,52.963182011837375
53.0,90.1349020685526
70.0,74.9893511451744
70.0,88.54580638910244
75.0,83.13734007596963
75.0,32.45974019011817
68.0,72.98468055698487
68.0,86.97719905810635
48.0,53.56693575557938
48.0,57.57849057388336
42.0,37.692164066933344
42.0,68.03018745448935
56.0,58.96006623411904
56.0,46.46701817836464
50.0,50.2459713054331
50.0,66.89624960199933
62.0,66.83165213334559
62.0,76.00059164489983
76.0,83.76464832068547
76.0,70.29128368348836
64.0,70.62247463319738
64.0,70.22055314389661
68.0,73.88164747615241
68.0,75.52767126926767
72.0,75.1919071537211
72.0,62.73220511872739
72.0,77.51404437446706
72.0,57.17918973853443
13.0,9.276355748517346
13.0,53.06609880594954
68.0,71.50863098838022
68.0,83.13417622229281
45.0,41.17522048698265
45.0,31.75300483171833
65.0,67.29173067117097
65.0,82.9457786586787
72.0,75.16739285130222
72.0,69.27018190263487
58.0,55.2624005013613
58.0,61.8504014576626
46.0,44.627621770305325
46.0,78.37050402878214
65.0,68.50940197015217
65.0,53.501857884552294
82.0,90.7694705905144
82.0,85.0436185443375
78.0,83.84401347936648
78.0,58.48671962526009
7.0,7.743487433766973
7.0,32.98452090386081
16.0,20.347600392979643
16.0,52.42664046835563
37.0,40.55688456378846
37.0,55.48551080756101
41.0,44.682219000368036
41.0,47.813373905090316
74.0,78.73220643607897
74.0,80.99050852468912
56.0,56.240476049044446
56.0,60.4040019825739
73.0,80.50572475198771
73.0,20.43242848617666
61.0,63.34320935660469
61.0,69.90544751287666
37.0,34.235987564126106
37.0,65.20955651989783
71.0,72.71588231490796
71.0,64.41541747984076
58.0,57.74736866059931
58.0,58.64074389728472
63.0,63.17007757176083
63.0,16.87724440511454
63.0,67.85990238923006
63.0,84.02079993614234
70.0,75.39380551444151
70.0,71.87848210133046
65.0,69.6743621779807
65.0,56.80553052272256
38.0,29.536233488091682
38.0,67.51446733370113
59.0,60.44358233049189
59.0,55.54937949079675
59.0,61.27750401595233
59.0,64.92780435435395
70.0,76.2686221404951
70.0,55.65639956720139
74.0,80.11557194231466
74.0,74.51369640676012
51.0,53.96263123798548
51.0,80.37958179614515
54.0,57.294279525661864
54.0,66.81642802939604
30.0,24.171650903134775
30.0,63.28416737745067
71.0,75.51860784134794
71.0,66.17557416233188
37.0,33.448668571345536
37.0,70.88613349653008
64.0,67.6975640809938
64.0,60.19377455133355
63.0,65.66639287557331
63.0,73.07499743779704
68.0,70.04866931360658
68.0,64.81455501558543
72.0,75.93003366822984
72.0,67.2617049866318
63.0,71.00314097962536
63.0,74.4648845349127
62.0,61.450647507328824
62.0,92.62264718487131
59.0,60.5472910438765
59.0,54.27203668433367
58.0,61.70297722400909
58.0,50.50235189216164
55.0,57.303114251554746
55.0,70.00095671529868
74.0,82.59569215258824
74.0,78.79913640442129
53.0,54.33417594398196
53.0,61.40715597371258
56.0,63.38210365901699
56.0,74.74726185095182
39.0,40.73355221914824
39.0,14.736809146920734
73.0,77.5596358798407
73.0,47.545289435089614
67.0,68.56217188276821
67.0,69.48499923212717
69.0,76.72382919192836
69.0,40.46021611161973
43.0,40.71036169101967
43.0,26.602673445772894
38.0,37.04783635612307
38.0,28.793830765221117
68.0,73.83237502678372
68.0,65.91660034989985
68.0,72.44548042410605
68.0,63.73961437776694
62.0,68.5096547603406
62.0,81.78731789336541
52.0,56.2735756053832
52.0,49.03717542543927
70.0,75.60582009802994
70.0,81.03395043614637
36.0,38.52978766618759
36.0,81.68388701247278
59.0,62.25673275358878
59.0,68.53370623838555
66.0,67.00195087858634
66.0,69.16405921206552
52.0,57.054535228882514
52.0,35.0532063843055
56.0,56.17145281091615
56.0,70.80653687762367
61.0,65.74342593760775
61.0,46.15571649688064
70.0,76.31207857560548
70.0,86.51663706997442
72.0,75.65204369245907
72.0,58.25444307218612
76.0,80.12979298448403
76.0,60.382391211838865
78.0,82.49288738899827
78.0,47.58741489076357
78.0,87.67071138621594
78.0,74.20918682069873
63.0,71.03834498446702
63.0,76.18166960156361
69.0,73.11382234836725
69.0,51.21741348186498
23.0,5.947224579962551
23.0,67.26463940720123
77.0,81.45309976298466
77.0,85.91966781502032
23.0,21.276730933013482
23.0,80.80207395783208
24.0,19.864044483870885
24.0,57.142554504562725
27.0,28.25880163529149
27.0,79.79961461751361
26.0,29.84241339168932
26.0,69.08929256180312
59.0,64.0581145697351
59.0,54.421283569514515
63.0,66.77238586428916
63.0,21.663636851236447
67.0,71.2473788073836
67.0,45.167546330050584
71.0,76.70002988676003
71.0,90.89607508224918
65.0,68.31547104604215
65.0,61.590689989854525
55.0,59.442100300113054
55.0,61.60082296052565
72.0,74.9066198360552
72.0,70.33034614296429
65.0,73.04019760214703
65.0,66.4718517720217
54.0,50.87528022021661
54.0,80.36681692124347
69.0,72.4455774835933
69.0,69.39435091177586
69.0,76.81677720325138
69.0,69.63326450498255
65.0,67.94157282368155
65.0,85.93585942917412
68.0,73.59166636456746
68.0,56.94259491805684
30.0,28.671585775347978
30.0,80.87755603900831
60.0,61.85991656642477
60.0,87.79968133283592
72.0,75.91417515829761
72.0,80.52305043262555
69.0,74.74580211111004
69.0,66.55772618361516
68.0,75.09150477131823
68.0,56.88471373259529
62.0,67.01280403411056
62.0,51.583688316968335
56.0,54.83727854111669
56.0,75.45273379981796
72.0,78.88172878005196
72.0,71.6007682704747
73.0,80.39960260487436
73.0,82.37949452129152
77.0,82.91771134392235
77.0,79.82217286858776
55.0,59.47856284485454
55.0,61.67168426424888
45.0,44.31634852135704
45.0,65.80057875325849
54.0,58.159264983251205
54.0,74.5579798336521
71.0,78.44577720007965
71.0,73.67727647681374
66.0,70.71893285642676
66.0,62.224854302039205
72.0,76.50573133294972
72.0,59.47769469457364
89.0,95.35612721183821
89.0,70.99484606112372
59.0,60.246821641149324
59.0,61.489458620839
61.0,65.56101564870971
61.0,77.80872531796177
44.0,46.18235956697748
44.0,36.26382991137558
41.0,43.04246637875326
41.0,66.3953272945871
67.0,71.96288084726643
67.0,86.16845325163371
70.0,75.80974754253305
70.0,31.892383192795705
38.0,43.92468529745122
38.0,86.94339291918476
73.0,79.01390228420064
73.0,64.46431390606756
75.0,81.99273398941335
75.0,78.52833365180135
52.0,53.46120893389474
52.0,72.99747960243161
70.0,77.80495744290516
70.0,72.98780312397372
60.0,65.27751423831353
60.0,81.28576371802575
35.0,40.227832213730665
35.0,57.228629056048305
86.0,94.35798232009819
86.0,67.03849818556438
31.0,26.749070203821248
31.0,31.479389453149054
67.0,71.98626979290736
67.0,55.171078308478684
69.0,77.54553730577152
69.0,62.3664763615937
60.0,59.15551425779438
60.0,83.34658812303263
64.0,66.90785554202029
64.0,61.21620115060364
71.0,76.46458800966042
71.0,79.55291213642596
71.0,76.98557074185226
71.0,86.77432904377935
76.0,82.37529827579101
76.0,60.19649867310619
62.0,67.54756890632945
62.0,66.7844452464413
55.0,57.12540077502746
55.0,55.220054211634476
73.0,77.07527639138141
73.0,72.29032394490446
60.0,63.166923732574105
60.0,57.45742465674556
63.0,68.08948612507442
63.0,24.954193951969728
74.0,81.0872334925968
74.0,63.63848752534045
61.0,64.87709213668506
61.0,78.92687319592045
57.0,59.30746653996698
57.0,62.224356359983574
26.0,22.027145531970916
26.0,32.04501604907102
41.0,42.71484525541513
41.0,37.768723456305
69.0,72.86442370547024
69.0,62.3696392531383
69.0,71.23087549694304
69.0,76.24946473998182
70.0,75.66672638588665
70.0,46.24042708801511
35.0,36.817094225987375
35.0,54.117584812507516
58.0,63.94790789876697
58.0,69.58998702260993
56.0,57.071022174129155
56.0,76.81332419815095
64.0,68.60435601024363
64.0,48.802800872092234
57.0,58.21387329226428
57.0,72.59512884979421
80.0,87.07722544170866
80.0,75.23757637323365
67.0,71.65285090496008
67.0,71.71547481198138
41.0,36.014282027901345
41.0,57.738417133451605
48.0,49.64964268953116
48.0,64.3024490400457
65.0,69.76277655764801
65.0,46.760628334300065
39.0,29.47206397654753
39.0,58.18507596780296
61.0,64.41423780190371
61.0,31.019310840968785
79.0,86.43623763445731
79.0,76.55489499796738
57.0,61.94681887730985
57.0,73.99645232944931
55.0,58.994914294860905
55.0,80.50944317913718
80.0,87.5120082902244
80.0,33.585658942006035
35.0,31.235806779430504
35.0,51.88609352559115
15.0,8.535551468367487
15.0,72.73382541317
52.0,49.97076202280266
52.0,35.65979805219996
71.0,73.97359435098662
71.0,72.06919167455777
70.0,76.7506931566644
70.0,77.88160717245643
73.0,77.56099229753607
73.0,46.08809048695878
73.0,78.25179717030284
73.0,46.35007295862249
80.0,85.96311433464331
80.0,82.18440328933417
62.0,64.64338188452786
62.0,71.52334020430362
43.0,43.650730931196904
43.0,77.61561317775227
60.0,61.36844367703861
60.0,65.53597327898456
67.0,71.7267339031589
67.0,56.89471153755517
76.0,81.51218761827795
76.0,49.50666382980842
72.0,78.22443147375043
72.0,74.56379976860046
62.0,65.73871666683738
62.0,38.30865955235453
69.0,73.95866087373474
69.0,81.41742023172776
41.0,44.84433823270763
41.0,73.02227470011388
74.0,80.80549570231454
74.0,74.79026274585834
66.0,72.41825630090841
66.0,81.6619603265413
57.0,59.98319173951978
57.0,39.65339932185128
71.0,76.11050819015992
71.0,37.086916815755046
39.0,41.57440935242448
39.0,40.21741079985378
40.0,37.17702425285597
40.0,12.291653426232642
61.0,67.34260055443957
61.0,58.113802485093515
75.0,81.45819571290434
75.0,77.8035101510659
66.0,71.73085246457953
66.0,82.17423397138248
80.0,89.41542162984564
80.0,28.661429252907624
27.0,22.9746276083074
27.0,66.80748470661842
56.0,60.8426420916951
56.0,73.43735432962825
13.0,12.291653426232642
13.0,40.05761130767377
66.0,69.80146638725358
66.0,74.27323511532563
60.0,59.9620518709325
60.0,32.24945475427188
80.0,87.5131993312857
80.0,57.721747939028035
84.0,92.00723889618138
84.0,27.960827559821837
62.0,62.08987902640024
62.0,60.2766784842953
76.0,87.5949215534132
76.0,26.252275731413135
72.0,77.47719950672143
72.0,36.06821938600939
32.0,33.587272954999946
32.0,79.5289230176025
52.0,56.77941653683837
52.0,86.67314156259692
25.0,16.67706799036813
25.0,68.35236623162331
47.0,49.80039190308088
47.0,79.55709760527014
59.0,61.62831266373263
59.0,59.774992991742636
74.0,80.83255855706994
74.0,57.77411143398706
63.0,65.88339187241331
63.0,69.33839354885589
68.0,74.40101466541057
68.0,6.191230022820434
76.0,85.6441084164083
76.0,79.62776677490001
61.0,63.88310492184564
61.0,62.362857174867145
50.0,50.06532026300533
50.0,77.76161335304187
35.0,31.998883464992957
35.0,82.91115382980183
64.0,62.57591599251384
64.0,60.971193757926585
51.0,46.329248749994576
51.0,56.21500517630329
58.0,58.57152779370813
58.0,70.4792332029815
73.0,81.0110828367163
73.0,61.177696379052975
58.0,60.37907368779099
58.0,43.86576404057536
45.0,46.45444386832145
45.0,72.45532708928266
41.0,46.48322202607761
41.0,80.16550434128851
65.0,65.78009823459467
65.0,80.1931347753818
73.0,80.75218683773278
73.0,63.46618796350566
71.0,78.07588262927538
71.0,61.47079006258713
77.0,82.45022120017597
77.0,78.96199479050773
67.0,73.58378401384448
67.0,51.00010246786019
55.0,51.690522147151455
55.0,77.22510708055648
61.0,63.68662310028287
61.0,45.39658701326641
58.0,60.42217846476626
58.0,83.09537671245482
27.0,29.815748067860568
27.0,75.8934440438411
35.0,37.10194721589028
35.0,44.634301457219635
35.0,26.989064868283833
35.0,85.43397183613496
67.0,69.50167946910665
67.0,33.57845392953692
69.0,75.54694233151133
69.0,67.58069211825529
54.0,60.77099097537666
54.0,54.126149524749735
33.0,34.477007738801774
33.0,59.74257285824149
33.0,32.13900388215808
33.0,58.2283743286842
47.0,51.87812684035026
47.0,68.03263598544032
63.0,66.41462076066477
63.0,50.259559623268956
72.0,76.7219821734675
72.0,50.94284320560075
39.0,33.162911112801964
39.0,85.71551115723247
65.0,73.28472956145885
65.0,32.04216732018517
66.0,71.62170031980236
66.0,35.99245417015601
71.0,75.23503966051913
71.0,29.301638286275704
46.0,44.25454673712056
46.0,63.28692798283214
64.0,70.49884291506544
64.0,68.79290665747936
74.0,78.4371670681889
74.0,13.485514563862239
49.0,50.82458121117247
49.0,80.31179081936006
66.0,70.78556998041478
66.0,9.753207939415518
50.0,45.14516195122616
50.0,79.35481987823232
60.0,61.57485350368938
60.0,32.03946207303403
54.0,53.983602768215576
54.0,66.80748470661842
65.0,66.25699791393532
65.0,55.048014933624756
62.0,63.87405594702426
62.0,31.920518511439468
25.0,14.883917178904824
25.0,26.73685104679862
64.0,63.88766706139586
64.0,78.18297624199931
53.0,50.13298391071504
53.0,54.55562032423069
68.0,74.03316513469332
68.0,56.13248231848786
52.0,56.26697522302959
52.0,38.71194775094756
54.0,58.1976194461231
54.0,71.70602678808865
47.0,50.69708517466864
47.0,21.817280360958364
75.0,82.48394287648898
75.0,68.07466326332417
70.0,78.08647291021487
70.0,19.75845628276295
67.0,67.48955945426502
67.0,45.743072398837455
51.0,50.1920351316075
51.0,45.36906988381554
58.0,59.479094745071734
58.0,0.10358478119565007
68.0,71.74762065214668
68.0,81.45462416747944
72.0,79.2311890948165
72.0,76.58959636915745
60.0,63.893174461720605
60.0,55.40373612411645
50.0,48.486041616769285
50.0,48.80328019238755
34.0,39.86105264115952
34.0,53.87227947213012
66.0,68.6949467975897
66.0,43.16672529474562
80.0,87.2630484191339
80.0,81.48554170108099
70.0,72.6814785192106
70.0,38.723971893992314
66.0,68.60724064242356
66.0,54.83025051485612
61.0,65.92086735757488
61.0,16.211932289467313
62.0,63.32854351647586
62.0,62.736247165552186
64.0,66.65219805303559
64.0,57.85800747143071
84.0,92.19837124313165
84.0,34.43623335214005
58.0,59.292425785806984
58.0,61.89877864633081
6.0,4.781537035293525
6.0,73.81053278870019
35.0,23.526971736550934
35.0,58.572886842805474
58.0,58.803503088182424
58.0,82.13092755975123
63.0,69.70835558924108
63.0,65.62614398212446
72.0,78.27491514988202
72.0,23.025372883786133
56.0,60.402002986794
56.0,40.45152615005708
79.0,85.45546993021406
79.0,41.36225945231257
56.0,57.97804739903256
56.0,81.72253540767423
68.0,70.57009521748506
68.0,61.91659096811918
77.0,83.77819778990875
77.0,78.28947609630757
66.0,69.2529723154712
66.0,72.3219613082453
78.0,83.04861569158214
78.0,89.37438712639033
64.0,66.3140916935734
64.0,76.82334995268513
71.0,79.29939857520009
71.0,47.93634062355699
52.0,52.53225454807068
52.0,66.96243954608894
65.0,68.65744856782061
65.0,46.286200346111684
73.0,78.45588024246632
73.0,71.56277693902638
73.0,77.5445401915066
73.0,61.283252422625196
55.0,52.90576658899289
55.0,63.28202751694346
36.0,33.75796634542428
36.0,79.59956153900083
81.0,87.73162106991543
81.0,82.63777855055173
54.0,49.329617657722906
54.0,56.0879579217671
57.0,58.45324940199794
57.0,64.53913139206531
60.0,63.1783132986194
60.0,19.830975912745657
73.0,79.52472799784465
73.0,26.026171570897645
84.0,93.61624307805874
84.0,46.210527075688105
50.0,48.97325356084116
50.0,68.44342490481472
51.0,50.125323077744895
51.0,74.99433783834417
60.0,64.69055098456693
60.0,35.7259385949464
45.0,38.65126687321538
45.0,73.47621321063804
68.0,71.94847060980584
68.0,12.808301742821868
54.0,50.761463074705716
54.0,78.24808046414336
65.0,65.54309570356025
65.0,61.608334274748245
71.0,79.70893187339288
71.0,63.52323438285919
36.0,34.96338623236761
36.0,62.28782573619367
74.0,79.51992731902487
74.0,71.89152060071115
30.0,27.350650485293386
30.0,45.42885891268014
68.0,72.4801100674473
68.0,4.972160751765784
68.0,71.74218660569034
68.0,76.81329391487213
27.0,16.656973168456375
27.0,59.542568687196535
61.0,60.94734796949126
61.0,68.30586553458272
44.0,41.28070029853859
44.0,86.25691597313352
15.0,14.85692511476924
15.0,68.00891909866903
74.0,80.52231126614265
74.0,18.861908523318107
69.0,73.29571857429863
69.0,81.90139072328992
68.0,71.17574619195489
68.0,72.51957229494059
37.0,34.295759319166564
37.0,67.39434089836749
43.0,43.38119316202449
43.0,70.4592488935383
22.0,15.725587770224706
22.0,73.94442380921498
69.0,69.82712100405831
69.0,77.41111091632087
38.0,37.28023533997629
38.0,83.52334143957154
64.0,64.74569219964246
64.0,60.365411211261005
82.0,93.98224384081925
82.0,13.130236020984228
75.0,81.58876584336315
75.0,52.11420891753852
39.0,38.157058397933724
39.0,68.8092434892281
55.0,51.364610544459936
55.0,29.34001379614
60.0,65.05331097038379
60.0,67.47275211780789
66.0,70.29700367719579
66.0,63.911745885169694
60.0,59.184096050860376
60.0,32.85968277275083
30.0,23.930097632792013
30.0,67.53730845609545
74.0,80.27311518134582
74.0,6.183043985720303
66.0,69.98320350201942
66.0,72.40423631212076
70.0,77.15625980684189
70.0,72.70572583125744
68.0,72.07202665552796
68.0,62.739202434568085
66.0,71.96122261297086
66.0,53.70635631163816
28.0,17.743749242243155
28.0,56.44787487278859
72.0,80.57843934204135
72.0,75.5986026628583
80.0,86.16532922908152
80.0,79.769970388888
55.0,55.9828996880027
55.0,73.12213739432991
70.0,76.50593058957224
70.0,76.81239931517047
66.0,68.31625448374984
66.0,85.49381430791442
76.0,82.69641820886818
76.0,40.48357727989827
43.0,43.521199769621546
43.0,46.19966746239595
51.0,51.374467235055135
51.0,92.3034506570254
64.0,67.51607288490499
64.0,66.13450507710968
61.0,64.60825159335286
61.0,50.70201219831313
74.0,81.54074751816432
74.0,62.5460111550434
68.0,72.8093307824065
68.0,79.21732290753499
62.0,62.03428337642646
62.0,84.66875469998854
12.0,-1.0075276840373135
12.0,34.7423516816678
58.0,61.77845470481731
58.0,75.23698165194043
28.0,31.0494303717623
28.0,65.74135925637506
34.0,27.07133418854312
34.0,61.444234303835
76.0,82.65361158650967
76.0,67.11910646702393
45.0,46.1152480004028
45.0,72.13123944463206
71.0,76.06464738423114
71.0,59.06634421886713
64.0,65.61484070844813
64.0,82.61947030422391
44.0,49.96954151340793
44.0,67.09274384116753
44.0,43.34151832911772
44.0,66.427585404269
47.0,43.34151832911772
47.0,19.67820419081147
59.0,58.2329092157085
59.0,76.7947077776634
65.0,70.7515847848137
65.0,82.05974503164452
45.0,48.4827448621395
45.0,70.79601431911749
62.0,67.10031087024345
62.0,13.855866185803563
29.0,15.340832266324696
29.0,71.1512736047228
62.0,65.94736997773083
62.0,71.36645162998298
71.0,77.5138748355933
71.0,45.333170550717625
18.0,4.180418832842577
18.0,79.21579578647527
67.0,74.0013145703586
67.0,29.95936565548027
36.0,28.200556101712323
36.0,66.80638736379177
46.0,45.86060840466399
46.0,71.48851244842928
71.0,77.51689216359495
71.0,44.132121024665196
59.0,63.41968138908925
59.0,38.61235006998959
65.0,67.90709529771658
65.0,81.56173293524643
44.0,49.0081520175151
44.0,81.53011776101812
83.0,89.19835185963314
83.0,32.37189294453276
69.0,77.0627568061746
69.0,67.23667725335207
68.0,67.02634488527349
68.0,57.334709551456456
38.0,37.429563178709714
38.0,78.55265581786199
75.0,82.41987225910071
75.0,23.536142674741996
68.0,70.4429198558135
68.0,53.135613079880386
71.0,76.77715680721815
71.0,56.65925093485981
57.0,62.86173309157061
57.0,52.87491622779396
40.0,38.71353784892642
40.0,73.09762726382496
58.0,62.39563252455031
58.0,64.34207519423234
29.0,31.716883103514476
29.0,58.13079722940108
66.0,70.18156737470332
66.0,74.59543126976172
61.0,62.64830571111884
61.0,57.211126981978566
69.0,74.39535101467732
69.0,78.58206387630418
67.0,70.38943723985989
67.0,63.635564167374866
52.0,47.95080845922092
52.0,52.09446270715648
60.0,62.05423329562609
60.0,60.433510329894034
64.0,66.86494739499574
64.0,40.77293874624024
57.0,56.065999625254676
57.0,73.55503768369857
50.0,54.14053253984815
50.0,67.85943146822825
73.0,77.4733392426885
73.0,5.391621636271452
73.0,77.88346673919239
73.0,56.627661415473426
60.0,62.90666748584982
60.0,86.11179157583217
45.0,40.33416853038227
45.0,51.822597889558836
65.0,70.50357421861372
65.0,46.680682806825644
57.0,62.4499202194163
57.0,65.77786050838415
56.0,58.874029450299076
56.0,69.97855020092061
60.0,62.889341958572516
60.0,78.45133396317522
51.0,53.55815612020422
51.0,74.5285537339762
25.0,25.68768198918582
25.0,59.985415977334526
49.0,50.84259621617434
49.0,81.94301393476525
62.0,65.24522889476452
62.0,29.240811717768167
57.0,49.30003484462139
57.0,32.85968277275083
69.0,73.0331904429982
69.0,57.68038664121167
60.0,64.273206482403
60.0,78.60673497534412
79.0,84.39517096187916
79.0,51.86652971267648
61.0,63.94624126791149
61.0,79.60169782082079
59.0,59.85746556023287
59.0,67.42687397082375
23.0,27.390598653622817
23.0,58.43755272757886
75.0,80.93606431083754
75.0,71.9717230126177
75.0,81.23531126347643
75.0,77.34038007480814
68.0,74.18190154702495
68.0,75.9584673219851
79.0,85.66288948879685
79.0,85.61907773643327
76.0,83.19909736523022
76.0,60.333245412630504
56.0,56.248310760998606
56.0,37.036372405537065
32.0,37.339744420242425
32.0,83.29448893403406
77.0,84.38920287962185
77.0,74.86222559904445
64.0,68.09079207018408
64.0,67.74260296220211
68.0,73.90008928124769
68.0,32.1338511572074
74.0,83.66420009096663
74.0,36.854177921276346
76.0,78.96389491005618
76.0,48.183312790050934
79.0,85.0335248043948
79.0,74.59309774168395
78.0,81.57911232319793
78.0,80.43133684450697
27.0,19.553029511650664
27.0,74.65906322866431
74.0,81.39185239848439
74.0,75.40114255716401
67.0,70.85739841282964
67.0,81.90306415506979
61.0,65.77292006713645
61.0,61.731820191869645
53.0,57.17918973853443
53.0,33.070844566909614
69.0,77.16836521504092
69.0,64.69374822738092
54.0,56.40378423678334
54.0,70.56127805384165
72.0,81.55311087071914
72.0,75.55092429599608
64.0,69.30603407656116
64.0,22.187710740271086
76.0,81.70330565664864
76.0,61.35088799766879
40.0,46.55503883401815
40.0,73.3514088787125
57.0,56.05167967422483
57.0,62.34060032258907
56.0,57.39870318040528
56.0,79.16136924394863
73.0,78.01582100728558
73.0,32.543922354681115
57.0,57.49496738924603
57.0,24.663046811459765
50.0,57.311228950831946
50.0,37.384799127155986
49.0,51.360590470929424
49.0,87.42590488226534
63.0,67.47746456610861
63.0,76.94049642656125
66.0,68.94005684601154
66.0,82.06920737402328
67.0,71.06261030905216
67.0,46.693052511913265
58.0,64.5610686064482
58.0,84.30918598376496
50.0,52.91558997815707
50.0,77.02539838880568
15.0,17.787830437285322
15.0,59.58439109092984
71.0,75.8922752877275
71.0,55.96336364010858
44.0,41.55172878113825
44.0,63.85429545166511
12.0,9.656795901992155
12.0,73.9618739840256
56.0,54.42438550857861
56.0,8.997039390438033
62.0,67.69152182636924
62.0,66.87313014462057
70.0,75.89786655893727
70.0,63.687027774598334
52.0,50.871925059127705
52.0,26.115967835376352
37.0,36.986515803701934
37.0,86.67202059514807
54.0,56.41867585149572
54.0,54.481843881034024
55.0,50.19055423535741
55.0,73.19350752661649
49.0,50.489603824094786
49.0,89.0597572037293
59.0,58.33106365972128
59.0,67.82474658263664
66.0,71.57819784564128
66.0,80.68345784467175
48.0,48.85799699762532
48.0,46.11675667889011
79.0,84.3166234918898
79.0,48.22443922338954
62.0,61.25408900904944
62.0,38.93928335290144
67.0,67.55940360518207
67.0,81.11905136035847
45.0,46.72525608887537
45.0,81.03375219782845
67.0,74.95635978378886
67.0,83.36607006638394
36.0,37.630667457444474
36.0,34.01655546893693
76.0,81.86558661558797
76.0,80.53833572110716
59.0,65.84988713949969
59.0,70.7659669649995
74.0,80.77723602688354
74.0,52.800172591103546
58.0,63.84831073052601
58.0,67.53141131856842
61.0,61.514494565554685
61.0,62.12191008893791
49.0,48.16804435783445
49.0,66.0614703487866
76.0,81.67294520087694
76.0,71.17063117999908
30.0,29.088124542613855
30.0,61.06324060179577
58.0,62.86345645920653
58.0,59.848885794748924
63.0,68.78265827232025
63.0,32.17973197380928
60.0,64.34588108519381
60.0,59.739632946760196
64.0,67.92800021674833
64.0,32.30340834292991
52.0,55.23988432447959
52.0,88.20357393594537
43.0,43.60148393310192
43.0,75.90556022172791
74.0,78.4543575075146
74.0,24.887268184323204
63.0,68.15860017909483
63.0,10.960779588361959
73.0,76.50301510130288
73.0,71.99009150627109
66.0,72.85011838554288
66.0,66.14407010682277
67.0,73.01832530493243
67.0,79.16345401723925
59.0,67.2877887103354
59.0,48.10850040559046
30.0,27.321699242972272
30.0,51.74639092356074
35.0,32.06500200835603
35.0,48.64606299276659
70.0,75.45908609853751
70.0,26.329605038142745
56.0,57.75552729070034
56.0,76.17508900041236
69.0,73.76666045299305
69.0,87.07175970044267
45.0,51.57202953089251
45.0,72.6314670189438
73.0,79.63098509759163
73.0,87.19826338800891
63.0,66.6923389787948
63.0,61.43831263743857
71.0,77.84765225673806
71.0,40.3457603622557
40.0,38.39692104853543
40.0,58.29599165308542
19.0,25.45012641344806
19.0,63.48569384024279
64.0,67.11201079095207
64.0,70.47076913568185
51.0,52.14530875829513
51.0,61.22955746613502
32.0,26.831265828887126
32.0,74.79817525949295
68.0,71.9944942932629
68.0,63.752291933610024
67.0,68.56536412908792
67.0,25.090258392961857
60.0,61.42932027898894
60.0,66.66077011788508
49.0,51.15473972239067
49.0,78.71568642033458
29.0,23.241133295789552
29.0,81.57122002868772
38.0,34.148066910095395
38.0,71.96175427166787
72.0,77.03549549154275
72.0,55.514047171810944
43.0,50.56237849144998
43.0,73.02451358020306
47.0,52.85844236963152
47.0,30.521453184080713
51.0,52.5765295134309
51.0,73.4139754550892
40.0,38.83008656778958
40.0,41.490145568093396
77.0,84.3963491928987
77.0,65.94094576066828
70.0,76.48534248691021
70.0,34.609256338313685
69.0,77.42386708720215
69.0,85.03574228458513
72.0,78.3696451890653
72.0,59.058477019746874
42.0,41.71450297509398
42.0,66.93549040172093
42.0,43.58199569905776
42.0,69.69312848917923
71.0,77.46824666820436
71.0,68.76399627848559
72.0,78.71099581811382
72.0,60.181248877973815
69.0,73.4047293721012
69.0,35.338954964723655
53.0,51.242312392868826
53.0,63.99913307113002
66.0,70.4914837084433
66.0,72.8961618734674
76.0,84.76974132036003
76.0,27.112576193954112
17.0,17.41735446968198
17.0,39.15981144154375
66.0,67.25829505147533
66.0,75.59766559767996
63.0,68.96351565227167
63.0,33.14086855808296
40.0,45.69786218038894
40.0,79.67804735671274
58.0,62.545014803557365
58.0,46.035318012572645
78.0,83.48373193266781
78.0,78.26433010040256
68.0,74.96186391510673
68.0,64.64020776810895
47.0,45.668384367228214
47.0,61.77845470481731
72.0,77.21102604727213
72.0,22.397071946353606
62.0,64.02633542024654
62.0,72.05992571703052
67.0,68.5245327780616
67.0,63.81336539615967
69.0,70.25160056743823
69.0,66.98606934480785
72.0,77.92123439668785
72.0,57.42184913492463
45.0,43.413358729734
45.0,68.19934442201998
70.0,71.62995313760763
70.0,58.406539791168655
56.0,54.83794778306816
56.0,69.28584919825278
66.0,72.14458855335857
66.0,67.51577522369917
47.0,45.07489400318832
47.0,79.60047140948149
69.0,75.93636665674967
69.0,67.40838868192907
64.0,69.33278980344221
64.0,79.14963605493108
30.0,35.120375809265454
30.0,71.3758738899457
59.0,61.624585390211564
59.0,53.02227289504208
68.0,75.43280200770994
68.0,11.152702806473599
75.0,82.6933562285372
75.0,47.7848538620957
65.0,69.17751791639478
65.0,77.21216758816013
56.0,53.108869581602164
56.0,66.36717049174564
64.0,66.91491271325782
64.0,78.26299407038903
69.0,78.59160409569142
69.0,65.86173297175202
51.0,56.82803997199835
51.0,72.6509324821966
57.0,58.57232750217247
57.0,47.940410202395356
65.0,68.10605915053839
65.0,79.8959516677038
69.0,71.03326048096119
69.0,58.77880337933124
67.0,69.7391071044911
67.0,72.875129824005
72.0,75.8151880743419
72.0,41.44803469443332
81.0,88.20063932826639
81.0,73.54766260725881
41.0,30.58974104034695
41.0,63.91276854517622
72.0,76.97003913017909
72.0,94.36574214404823
57.0,58.408697056710764
57.0,74.01443344737413
73.0,77.8526149581806
73.0,52.642105410541774
69.0,75.13239807816194
69.0,79.22977876581751
75.0,80.93859399341972
75.0,63.02670667737465
47.0,46.832664115209354
47.0,47.71800627977035
73.0,79.71768797631711
73.0,42.61965648230773
68.0,69.72882090933206
68.0,76.3541776547188
63.0,69.03954544408828
63.0,75.51328511392677
61.0,63.49144053839956
61.0,48.65347332000732
48.0,42.36285897122934
48.0,74.84962420076852
66.0,72.69626379001733
66.0,35.43164668006983
35.0,30.59083451833982
35.0,77.3494423869106
70.0,76.07872566821356
70.0,75.66932633777526
41.0,37.7952884099376
41.0,82.11074694359195
31.0,28.967128592028303
31.0,37.86805001489233
47.0,45.54735969550802
47.0,71.3108426564745
79.0,84.6657018848627
79.0,56.7703198464701
53.0,57.956439789250396
53.0,67.40335106063384
58.0,56.55324573610426
58.0,84.73865525785578
31.0,25.78917715889372
31.0,77.37472650355437
77.0,83.01716622445264
77.0,60.396137533671094
74.0,76.01963445919523
74.0,42.166743708489776
66.0,74.69006216973452
66.0,76.10353465257629
41.0,41.091049573708574
41.0,75.65468129417144
78.0,82.74270940038542
78.0,41.454115109670454
75.0,79.39782281403285
75.0,70.1748218636111
71.0,79.96535744557667
71.0,47.526779743228076
67.0,68.59413152952527
67.0,54.34346593206976
47.0,46.23482440744823
47.0,60.54612292350481
57.0,55.514079095501074
57.0,59.07156191310048
63.0,62.813949615209935
63.0,62.779981314490385
38.0,33.754427103493356
38.0,32.01137044664978
50.0,52.70471994953385
50.0,38.650924068929044
33.0,29.008452774876673
33.0,67.42819656525234
40.0,30.106259000829255
40.0,81.96246809790728
66.0,72.06239843381263
66.0,52.670038996774224
65.0,66.09583836478697
65.0,78.66906646144946
67.0,68.96089423352095
67.0,49.73612552282168
65.0,70.0007097512862
65.0,79.51065700121467
67.0,69.87859413778091
67.0,67.95030755135167
64.0,65.86173297175202
64.0,85.83551826904215
64.0,64.83639696072618
64.0,55.964757631557404
56.0,58.870931709478555
56.0,64.61695357879586
56.0,60.847484294860806
56.0,51.42875793992505
69.0,70.42821576441565
69.0,72.01512654075515
73.0,78.25851065741273
73.0,75.87679698744262
28.0,14.11899756260891
28.0,69.04924019505228
64.0,69.67766112284562
64.0,65.36313361243015
73.0,79.62605633192766
73.0,74.4775386275665
73.0,77.44959272276293
73.0,16.93121658936292
35.0,30.382559876004052
35.0,65.61879473187292
63.0,68.49978745702691
63.0,83.9777666337178
77.0,86.55332155959297
77.0,29.79944932049324
50.0,55.87906787087917
50.0,73.62597613192878
50.0,48.462040796807855
50.0,84.41946199227891
61.0,66.8038883190971
61.0,80.46151024934238
27.0,23.58462116924875
27.0,18.861908523318107
68.0,68.733887234225
68.0,66.34568977136723
66.0,73.55876785587674
66.0,56.019959180953606
70.0,74.92741892563527
70.0,59.023149775286186
46.0,51.92293175197142
46.0,69.96607019173774
76.0,82.27130091832584
76.0,67.97562123855039
76.0,82.94731835095786
76.0,62.033725214952426
72.0,79.93525192643108
72.0,68.59568333760848
68.0,71.26395376414581
68.0,76.08115125263413
77.0,85.16806452642282
77.0,76.969538781788
74.0,82.40658576208705
74.0,61.85213685569596
38.0,34.75423161286318
38.0,74.22864027627412
68.0,72.24190566336131
68.0,48.01149215343111
67.0,72.8434235992242
67.0,32.58961496491071
81.0,87.46890979646923
81.0,78.8553018525389
52.0,51.19160986002896
52.0,51.47488506821094
72.0,79.97824191120696
72.0,62.858846579436715
44.0,41.3372555271269
44.0,61.2711941748841
56.0,53.26296561954143
56.0,69.25491527758288
73.0,77.1111625947683
73.0,57.1398579073894
59.0,64.07939388744683
59.0,77.38804023266783
79.0,85.86730243550556
79.0,65.42077744378906
64.0,68.72755758322404
64.0,57.69213579500206
71.0,76.93322963831218
71.0,40.579971349484026
48.0,51.994260797635775
48.0,74.36827367503503
73.0,77.98599967114103
73.0,62.490347695689195
63.0,63.521855499452215
63.0,34.946981410725755
56.0,53.19426039904005
56.0,36.993259916171155
54.0,51.695706959261486
54.0,83.69396293315214
33.0,32.18367147622507
33.0,69.0236278639656
64.0,67.42384343100485
64.0,83.53848374354658
78.0,83.52293477464133
78.0,73.30671288822464
80.0,87.42954338694483
80.0,48.06228292334072
72.0,76.70607046550498
72.0,52.110861999838164
66.0,67.60423521914629
66.0,37.9566150487633
38.0,36.29419794419863
38.0,36.20048082530326
81.0,89.20554483079326
81.0,36.84194730986479
25.0,17.550242391180745
25.0,58.831911537573774
73.0,80.75571226822285
73.0,73.71366943264479
24.0,25.621150338615394
24.0,33.3321497746972
63.0,68.13796935254243
63.0,62.558931452816694
68.0,72.71421983437136
68.0,61.74837369042825
66.0,67.97545455618655
66.0,80.43449146020549
67.0,68.82338256091543
67.0,38.55196368531233
38.0,35.37749628101807
38.0,78.97853877897074
49.0,53.86535341149738
49.0,41.47390771952382
62.0,62.217693122905985
62.0,75.82881906348268
56.0,60.29306387614963
56.0,61.232065953440326
63.0,63.24343164616721
63.0,62.581150468371675
47.0,38.16210059900408
47.0,69.9653475121741
42.0,43.58735953998729
42.0,79.77904923221462
71.0,80.1202382841289
71.0,78.1284977391731
54.0,50.04611755230195
54.0,77.67341948535187
71.0,77.35386700800058
71.0,72.47074252026664
69.0,72.34218177921548
69.0,22.679937789687813
67.0,70.45348302815097
67.0,75.84994960161322
78.0,84.62796906469282
78.0,56.510501389983574
64.0,69.07040284641499
64.0,72.07849901519768
53.0,55.95888291257302
53.0,47.59845194425253
64.0,68.16523791754491
64.0,81.24071916690008
68.0,76.20039325331902
68.0,50.312237039712784
65.0,70.56722889643902
65.0,78.19186159406445
50.0,50.607828266565036
50.0,69.78669686696037
48.0,40.45638650334763
48.0,55.35230423023171
59.0,64.16484911305224
59.0,65.75840812121089
52.0,52.891304150233
52.0,39.823183864352416
37.0,37.89367553228067
37.0,73.13848681058755
67.0,73.41908688405914
67.0,23.27864275292518
55.0,56.50656983149236
55.0,28.77650115772161
75.0,82.80148243758009
75.0,82.7764814267872
70.0,72.62568193159638
70.0,72.42687281115593
71.0,74.60942629311756
71.0,76.20833407404899
78.0,84.9272874462772
78.0,71.86946778008968
51.0,47.51109529676927
51.0,21.47240403132264
32.0,24.083989472149653
32.0,75.58842282086022
45.0,48.85481403752124
45.0,55.26494218293027
64.0,66.76810642898823
64.0,61.98827711712994
49.0,45.41551113970144
49.0,65.48985557959497
46.0,50.72021981825725
46.0,65.47293678222138
46.0,41.06373834594615
46.0,38.38798291956863
67.0,71.47876743119042
67.0,59.875353624270645
70.0,73.2485097296784
70.0,58.375332053783836
65.0,68.38455142904888
65.0,77.45490201265
51.0,52.75991959591198
51.0,56.40363791631398
63.0,63.725128886923585
63.0,34.05939349551505
67.0,74.11687056806858
67.0,73.30162532117339
56.0,56.7509424200976
56.0,59.88426643853552
60.0,65.40471176120093
60.0,33.356189318793156
56.0,56.869718951283005
56.0,51.40439703394634
39.0,41.087987311599875
39.0,75.7434715714652
64.0,63.959465347086336
64.0,83.55809326151189
36.0,32.742989447607386
36.0,37.388220704785624
36.0,33.52148817532736
36.0,82.89768509378297
76.0,81.02427855113132
76.0,9.753207939415518
64.0,67.10952366997157
64.0,80.10421049307371
71.0,75.52782598992735
71.0,58.700484074494796
75.0,81.07826639132173
75.0,49.44431514024012
59.0,57.83479383240967
59.0,63.94114947598064
64.0,65.92701752229556
64.0,70.38288932364458
70.0,74.95115316181045
70.0,84.44838514544716
70.0,76.03747925767232
70.0,41.161543889728534
47.0,52.397658880705706
47.0,59.969715903945996
71.0,73.216630094496
71.0,51.239553342462386
76.0,82.96761035172267
76.0,68.45889153433359
66.0,68.82984944513925
66.0,76.76972381008324
45.0,42.7280539057399
45.0,55.4223577605876
74.0,80.1036398170582
74.0,52.20912566434623
64.0,70.3655879485159
64.0,55.22044296952515
26.0,25.469509739474347
26.0,64.67923918901033
38.0,38.622594585217485
38.0,70.17597889046539
62.0,70.19324874464161
62.0,61.043268678041045
73.0,82.3617148650078
73.0,65.30759994949022
66.0,71.37666374922048
66.0,55.77710172865528
68.0,72.3622931007431
68.0,54.34249992302091
78.0,84.67841552508423
78.0,61.33862455201586
29.0,28.7355600657977
29.0,82.04839645511208
65.0,68.61892994361136
65.0,70.67678791590208
20.0,-0.32744939996172207
20.0,61.65126838272391
58.0,62.02884946928543
58.0,66.7142420012429
46.0,46.39458937249242
46.0,76.92746739730728
67.0,67.02095948439296
67.0,78.32654295168737
82.0,90.19061556005443
82.0,79.56450418597387
66.0,69.68845168233753
66.0,62.70603232988708
28.0,23.43974048833769
28.0,69.41078326057283
56.0,56.17145281091615
56.0,76.47000817533217
53.0,50.34322912483509
53.0,78.05930230230177
65.0,68.55056705096274
65.0,70.83949412048719
77.0,83.11014529649412
77.0,83.58096575340022
64.0,66.90790548975735
64.0,72.39313753826184
81.0,88.36308036379364
81.0,62.37122019452079
52.0,49.36232553790444
52.0,74.0417979334714
17.0,15.176669601041397
17.0,58.865693770425196
68.0,72.43268863308754
68.0,15.426919703544797
77.0,84.86138515589346
77.0,79.16438969669855
68.0,74.72015217290624
68.0,31.69630648382605
32.0,22.371653889557763
32.0,73.1299321641983
48.0,50.123248521552966
48.0,11.195611110903826
61.0,66.4846297542287
61.0,40.04150159453155
71.0,79.58914900646369
71.0,77.00776856143023
64.0,62.77410202567381
64.0,56.11431052324866
66.0,67.3617588934718
66.0,55.73658751730295
73.0,79.86213039139284
73.0,68.87181352831578
62.0,69.18501984432856
62.0,68.58191483652075
44.0,47.302984297801686
44.0,26.791485958056
59.0,58.38472080123887
59.0,42.95421836026043
61.0,66.9381271952933
61.0,66.87013058509592
63.0,63.12683595031746
63.0,42.61641673110415
59.0,61.69933341294637
59.0,72.2804212235132
40.0,38.439375715356675
40.0,37.5952584674946
55.0,60.49953201719944
55.0,61.46761198777847
85.0,91.72667798564424
85.0,60.293714081825954
65.0,66.20422927585145
65.0,14.873404033237819
48.0,44.008978719723814
48.0,75.66006572709477
65.0,69.82318661508117
65.0,53.02039533592597
65.0,68.23911092531404
65.0,76.8133177270891
76.0,83.42633326821237
76.0,57.261101022486
24.0,11.195611110903826
24.0,85.36966129782138
58.0,58.72720823893172
58.0,52.333636343794296
84.0,90.90055820370873
84.0,81.54473380199858
36.0,25.88347860652823
36.0,70.49250684432508
30.0,22.6948979746939
30.0,47.75595590053024
58.0,63.94095014577073
58.0,60.48095495825612
45.0,42.328969723565706
45.0,33.51374622219316
78.0,85.28936001028615
78.0,77.0807415759387
58.0,58.72720823893172
58.0,74.6610739804807
58.0,62.23450086476009
58.0,41.02593801684043
19.0,8.103243328026338
19.0,64.76108422327616
33.0,36.06821938600939
33.0,82.95292788184895
67.0,71.23643803524277
67.0,45.16660245604163
62.0,67.63218250180415
62.0,62.77710291753567
71.0,73.80889897603146
71.0,70.30580458170175
75.0,82.27237720159854
75.0,10.504539813187307
70.0,75.98484431631238
70.0,63.46558738873841
49.0,46.2204117733138
49.0,21.84697281591491
65.0,71.24630575006012
65.0,75.35912010637878
80.0,85.1310987485844
80.0,64.19556282100405
74.0,80.47698689183608
74.0,53.39219946850761
58.0,59.80933435731259
58.0,65.15753688887906
58.0,55.28204955832149
58.0,70.8901187440319
64.0,70.07862182374748
64.0,65.46338924215485
40.0,43.561787962131916
40.0,88.81555671637369
58.0,61.98156162496707
58.0,47.98684377040746
38.0,39.2730560322928
38.0,41.60687166426658
61.0,67.00776247560549
61.0,45.01937346129921
77.0,83.98345248233875
77.0,76.09316677966467
33.0,24.78130246031668
33.0,59.96713191540408
63.0,67.3086312139531
63.0,75.26052762841027
57.0,58.842742093786
57.0,58.0596917185112
66.0,70.48436224310711
66.0,63.34084761436577
77.0,81.48672981862376
77.0,67.77346582563979
64.0,70.88286751227645
64.0,65.42426071056673
32.0,35.29307173741489
32.0,63.188054535298875
63.0,64.90866273535005
63.0,75.70724310060831
74.0,79.35195094834438
74.0,35.05976391728365
48.0,37.58660451051662
48.0,56.70674008368724
54.0,58.758828891273595
54.0,25.469509739474347
66.0,71.90922346707237
66.0,64.12191134321165
67.0,68.86447507862209
67.0,79.25866708939907
62.0,65.48059994736292
62.0,17.90032518770397
66.0,73.31138007450522
66.0,39.78366248554016
50.0,52.952943020318855
50.0,85.93827667354248
44.0,46.433342077174814
44.0,72.86689038196249
72.0,78.44070090616577
72.0,71.42106934308913
45.0,44.31262248112682
45.0,61.666936313050826
57.0,59.31797269240508
57.0,66.54906801795482
55.0,57.940743171061456
55.0,71.0603588609946
54.0,51.084332877617896
54.0,78.14873229315555
72.0,77.21621766482593
72.0,65.78691525770381
65.0,69.29552769047928
65.0,93.64083877035853
55.0,56.57586126495198
55.0,71.72023013871029
42.0,44.739676022290155
42.0,61.06074347413568
44.0,36.44240610592078
44.0,74.37077478567141
42.0,43.32471063546808
42.0,20.530589646024282
66.0,68.57105836143592
66.0,74.56770616864168
71.0,78.94937196234446
71.0,68.40289091294983
45.0,44.63384771732569
45.0,45.01391056929913
37.0,31.04219332610063
37.0,73.27096889458556
32.0,32.39544555888159
32.0,81.84637610861694
73.0,79.63372754310194
73.0,79.81035158934287
30.0,28.378843160791348
30.0,62.42626576175422
50.0,46.39127922501058
50.0,70.11451274847303
62.0,65.50236803971268
62.0,44.63384771732569
44.0,44.142792530275585
44.0,76.33825917039746
61.0,65.55169569426465
61.0,31.66970816131652
65.0,71.44088034788291
65.0,65.47279467057888
83.0,91.36835953116656
83.0,79.58963199031092
74.0,80.87219356275227
74.0,43.4643476536674
74.0,77.7984039399966
74.0,64.63178424812531
33.0,33.11964030696407
33.0,54.20480045074049
28.0,26.938328794344727
28.0,69.4626491799176
43.0,38.27730014125564
43.0,76.5818617105914
67.0,73.6925418078551
67.0,88.8348352032151
46.0,51.116149665564876
46.0,40.01179473165587
43.0,42.47257067339268
43.0,33.186187682976254
45.0,51.8305942892257
45.0,65.238220296019
42.0,39.92634692331882
42.0,55.715153740048436
74.0,78.75036654109653
74.0,54.07915292128763
63.0,68.88728694636126
63.0,58.56181520394398
71.0,76.39563752875966
71.0,78.42964330372217
72.0,77.18264835389533
72.0,74.1699601155571
57.0,59.05272566581431
57.0,70.56969620113205
49.0,50.36651494240954
49.0,63.996796586223695
54.0,60.63408180820704
54.0,69.9384337913267
31.0,24.370917168286553
31.0,63.5380736638038
67.0,74.12645086276501
67.0,81.23809825813487
34.0,38.13814548219199
34.0,78.04632570278181
66.0,69.81715848470134
66.0,86.32876532807433
69.0,75.04438830587935
69.0,26.024988215229484
56.0,56.9366002410257
56.0,75.82640189077466
56.0,61.706272062953815
56.0,76.93206945292138
26.0,16.470021200326528
26.0,64.65984232082548
48.0,51.65303188996967
48.0,85.58788629325079
52.0,52.933220937021076
52.0,76.09985756058745
60.0,61.25649248563491
60.0,71.85288681305929
27.0,11.542603975667703
27.0,61.85728140643937
37.0,31.479407295071496
37.0,65.86089398286964
21.0,32.267610661001015
21.0,78.16863690037934
64.0,66.92661266241623
64.0,63.56236300246644
55.0,56.43379000339257
55.0,74.5816603223854
43.0,39.540550358311066
43.0,62.66072637819326
65.0,69.99478421700047
65.0,77.94713749915422
64.0,68.33254332513928
64.0,48.65502067916293
61.0,63.438745061669124
61.0,85.9674824690943
19.0,15.29727410810267
19.0,25.31617565124094
44.0,44.62941749612696
44.0,61.77368017906355
48.0,45.960960115049375
48.0,50.32848386347763
60.0,59.836567197703516
60.0,80.17409429069056
77.0,82.10347087357741
77.0,34.243309314840815
48.0,47.142125558507814
48.0,55.77886293920096
18.0,5.29573286041051
18.0,70.48841200734074
68.0,68.6053702598602
68.0,62.84321047288961
47.0,45.691589213592806
47.0,54.32532406656048
51.0,46.914922500482135
51.0,31.988380516247275
56.0,54.88696234926721
56.0,67.15313329031147
64.0,65.11835436727847
64.0,21.14325952326857
68.0,72.09750865497534
68.0,53.10969440635574
68.0,73.82757392600655
68.0,72.32471779077378
51.0,54.675601537954265
51.0,66.46329771008743
37.0,37.45259355863857
37.0,8.452256762549155
65.0,68.20839029445841
65.0,50.1762675723196
74.0,78.57889216875043
74.0,66.94694111051876
26.0,11.195611110903826
26.0,55.42331956267333
73.0,77.92428824582771
73.0,57.38874826399905
70.0,72.733054110139
70.0,83.47925193436242
72.0,78.23188676996404
72.0,77.97588066664213
71.0,77.07485779263055
71.0,73.1750688408938
78.0,83.8935721092135
78.0,77.18359897287627
68.0,71.4857703354711
68.0,30.14027219034739
70.0,76.67727547137378
70.0,54.95424853182908
32.0,32.66563830361349
32.0,43.68771531522725
61.0,63.137420277891295
61.0,75.25923034632899
55.0,61.62532659974937
55.0,83.24307859210103
72.0,75.17478431946836
72.0,66.41079584576272
45.0,45.578404627543875
45.0,50.80903596266245
66.0,68.53390311135274
66.0,80.30216049137414
77.0,81.99915336959742
77.0,86.59843452584505
60.0,61.2897413020105
60.0,86.2003958934568
46.0,46.49633064001915
46.0,57.60794594608541
57.0,62.65649625271067
57.0,60.09277056674085
46.0,40.820913122344905
46.0,70.28711417137976
51.0,50.99094773156452
51.0,57.97741320080195
28.0,24.42564118904113
28.0,78.1344123667833
38.0,33.65689477548983
38.0,13.180381219620585
82.0,88.30698854868098
82.0,62.83105006660912
81.0,86.54110026637562
81.0,60.94872277891233
56.0,57.00747184827162
56.0,77.92428824582771
49.0,42.08047599721357
49.0,60.69874626521323
70.0,75.08508240951096
70.0,14.934579079476975
33.0,35.72940490712074
33.0,65.48829227656239
75.0,81.11043228878293
75.0,69.15834993542126
47.0,47.23514024195288
47.0,65.9427642030995
62.0,62.84779434075267
62.0,64.45783837000079
60.0,61.90610397695917
60.0,82.26915161014603
65.0,70.18440673268208
65.0,63.43433292765252
64.0,66.2404096214135
64.0,77.36553234925685
56.0,60.25040346875113
56.0,71.63680790188096
76.0,81.9996730545721
76.0,47.510360076519646
68.0,68.12366565095829
68.0,70.80773170979927
42.0,43.11150499853238
42.0,58.55938131943094
56.0,57.62983884421749
56.0,71.41105952624594
48.0,43.342610427363525
48.0,47.85977349063239
58.0,60.10204707608182
58.0,64.10400869818733
62.0,65.70332499282569
62.0,45.07472049155723
52.0,56.17727350420478
52.0,52.059775612274166
73.0,77.03783094616824
73.0,65.14013886137087
61.0,74.15094618436012
61.0,42.16883796937719
65.0,69.80701830084678
65.0,79.20495089105435
51.0,50.46511030262377
51.0,38.75992084565115
46.0,42.412622804698
46.0,54.058508028802066
28.0,20.608334299682042
28.0,80.17174705056078
53.0,49.22857108036379
53.0,71.33102000702286
60.0,64.46868396198994
60.0,72.3941006976242
59.0,57.12378163144285
59.0,44.81199756111664
23.0,21.99745235905334
23.0,71.46854015503249
31.0,25.805955503814744
31.0,68.00358972030068
59.0,61.08281206306475
59.0,66.94670856952831
51.0,46.85744629877382
51.0,52.87944839450745
85.0,93.24967901526031
85.0,75.93138549046682
68.0,72.00209698285312
68.0,71.65468410480702
61.0,66.97027348443345
61.0,52.38496497272246
69.0,74.36228597957887
69.0,55.47944085309126
31.0,24.7227741354435
31.0,53.665425770837544
21.0,8.410488400510019
21.0,61.327740969922615
64.0,63.92407757199743
64.0,73.45177738646032
64.0,69.13427710083448
64.0,12.138455023967992
74.0,83.44297435141101
74.0,52.312563940161965
65.0,65.59383263302072
65.0,58.96826515924516
47.0,47.87974797245079
47.0,75.44318035408338
62.0,61.2747540244265
62.0,67.9554074827306
68.0,72.33094650871902
68.0,77.94490485355271
69.0,72.5695277648984
69.0,78.02167515248294
70.0,75.24265997983105
70.0,66.75491502791243
64.0,67.12238144816826
64.0,20.56798563922314
66.0,71.2866410082791
66.0,91.61197057055227
68.0,71.30177937521728
68.0,46.73493783946202
69.0,72.37179484690438
69.0,34.02061932840036
52.0,55.55021025943728
52.0,69.7563904959328
70.0,73.70661779027898
70.0,86.46590194959941
38.0,36.50367853868727
38.0,40.35451888411495
74.0,82.69218976895911
74.0,87.29564490292893
68.0,71.54904401982492
68.0,80.39846709407288
64.0,66.59836841875199
64.0,82.02259048275431
56.0,53.80873068798621
56.0,72.03398932957134
63.0,73.42599829119092
63.0,73.2278573822523
73.0,81.14965428865071
73.0,55.6713006282003
44.0,44.146906905825574
44.0,78.54707341837366
34.0,38.298268151398645
34.0,60.87526813388689
62.0,59.74737361000035
62.0,89.98581122431887
64.0,65.15147409745452
64.0,20.530589646024282
63.0,68.65741534247229
63.0,28.952935879941094
61.0,62.68948152607936
61.0,61.405005995366366
56.0,61.617227230936976
56.0,96.9687153791022
51.0,48.70947533901352
51.0,63.68607179921605
42.0,41.87214758995049
42.0,81.63050554996096
77.0,85.5973929394458
77.0,72.2791883691603
61.0,61.86129740430272
61.0,37.64607997558306
70.0,72.67810360490307
70.0,30.35535290428578
35.0,35.6961572405653
35.0,22.407916176753872
21.0,13.341552120834308
21.0,70.80587106559136
55.0,57.994842179219006
55.0,77.83377767052923
53.0,49.93418132406839
53.0,69.73058159003392
67.0,70.23125141504374
67.0,68.34542274567809
64.0,70.23939735717914
64.0,70.7155991306812
80.0,88.82099883982443
80.0,78.57252863621767
61.0,63.89550208233993
61.0,46.150569186530674
57.0,58.919831733052945
57.0,71.40714816886805
68.0,72.59488122502967
68.0,43.28051961577762
57.0,59.34527133000017
57.0,24.027861716103132
64.0,71.92101528340248
64.0,87.08749597604753
60.0,65.27463004522411
60.0,34.347195088101444
55.0,55.022101822492004
55.0,65.45846686460624
56.0,59.554767547522374
56.0,81.11951029981594
68.0,77.55381431601245
68.0,64.27416836243731
12.0,6.7799659009361335
12.0,54.44576101310696
51.0,52.42471835536048
51.0,65.88196482847212
60.0,64.75099669559984
60.0,34.744062516058875
66.0,72.81487167310723
66.0,57.23346071376142
77.0,87.5964803497738
77.0,65.23580060097049
62.0,66.02925334229633
62.0,77.37346537959576
68.0,71.376398272713
68.0,77.81129565430228
68.0,74.22166523623434
68.0,62.66706277230446
51.0,52.639186683904825
51.0,44.07479671331339
69.0,71.47970548342937
69.0,74.55580803340979
36.0,32.53177947369693
36.0,77.78586587648846
72.0,79.04423004790146
72.0,57.68739111776216
63.0,68.24389522555714
63.0,14.462312387648865
51.0,52.62512391749465
51.0,45.520348331567675
81.0,89.56997853803534
81.0,73.21202771223938
59.0,61.69482171372778
59.0,21.99745235905334
82.0,89.82491907922662
82.0,78.59937563175953
48.0,46.025056603096004
48.0,50.01318517147695
79.0,86.80054147841003
79.0,68.18437296846929
53.0,53.2396853189901
53.0,82.20521133775719
74.0,77.01710103685275
74.0,92.35752618418809
65.0,65.17508854998624
65.0,78.01229373596647
58.0,62.65906118396509
58.0,47.89956591769305
36.0,32.467470639204635
36.0,36.588392363372634
48.0,52.83250728421217
48.0,88.14692268065392
64.0,70.16694253940966
64.0,82.20595274000823
59.0,61.54017875516115
59.0,40.44066522848368
75.0,82.94553910654503
75.0,66.72021746486718
65.0,70.89690139662014
65.0,64.04489923121298
70.0,76.41443420778927
70.0,72.216258826488
60.0,59.42656775680484
60.0,87.99409161326304
70.0,74.96319728520058
70.0,30.021139475970074
58.0,62.9946335078493
58.0,57.096800466660795
58.0,61.12653050286576
58.0,69.88857123083756
40.0,39.05646569759699
40.0,86.66292746539006
57.0,62.78766117098036
57.0,42.81580983019967
67.0,68.07268510639784
67.0,44.91336319541335
72.0,81.6834887193524
72.0,62.91005197755038
63.0,68.47759814234513
63.0,66.92919643950893
48.0,47.7252583820823
48.0,43.71854420418248
51.0,51.33222764530524
51.0,76.13611410776537
66.0,64.72396757885156
66.0,89.04409820657196
69.0,73.55835092964293
69.0,55.337954321235884
60.0,58.35238604751282
60.0,57.100975167089075
64.0,64.8213552505049
64.0,58.2879329457723
55.0,57.92895777329409
55.0,32.93378381973497
57.0,53.580021189169884
57.0,28.807785110067528
51.0,49.072470476323986
51.0,51.35624831265193
60.0,61.78296298153384
60.0,74.81724850157019
49.0,52.35963822064872
49.0,75.95301334568546
49.0,46.93128953612472
49.0,69.08909086909841
74.0,79.86327327988391
74.0,81.53175029847017
40.0,41.79299371456443
40.0,70.3763228019389
29.0,28.262674363045505
29.0,42.33889367610203
72.0,74.38863637826961
72.0,23.52122329826517
73.0,79.47825153169111
73.0,15.637218572159952
51.0,53.07722666187152
51.0,41.30672707800164
61.0,65.26782662490513
61.0,57.91971764544303
59.0,56.96570887726148
59.0,72.145873389597
3.0,0.28525453554954083
3.0,14.038116809828125
63.0,65.79358380100757
63.0,57.03251773787338
41.0,38.439375715356675
41.0,79.24355151227559
70.0,75.27687399176648
70.0,44.58069580645275
72.0,79.53665912869343
72.0,91.06549037103082
74.0,80.55860224083983
74.0,75.50677153270095
63.0,67.56816004737937
63.0,43.203622278297246
47.0,51.70892996921788
47.0,15.970606987651308
66.0,71.7897742691357
66.0,61.4093556727874
18.0,12.755652305334536
18.0,66.15907143317452
51.0,53.53244776356007
51.0,69.2430690601393
68.0,72.70664461653041
68.0,12.520170501247492
68.0,73.91659765220231
68.0,75.20952297807384
49.0,51.74195038777543
49.0,69.09251257498062
21.0,17.526166675805598
21.0,42.79069886742775
72.0,76.70433828158724
72.0,48.87903379094848
49.0,51.37104163416302
49.0,72.51757800119208
61.0,62.761614100705515
61.0,85.560185933458
64.0,67.47017946880908
64.0,65.46368504586968
45.0,40.49953934567583
45.0,58.629671162380816
76.0,81.0971468339809
76.0,36.031636546823506
74.0,79.41263934892203
74.0,62.51962567010304
72.0,76.58010099063813
72.0,47.104588891328945
64.0,66.65190399306834
64.0,50.91358128479362
72.0,76.0184633984602
72.0,83.49526565813056
66.0,67.9496372000205
66.0,73.17770720182472
69.0,77.16287703955169
69.0,46.43753107533814
62.0,62.393608949604754
62.0,77.70591949510919
63.0,62.497734126309126
63.0,17.449882009892633
80.0,86.79863282899458
80.0,43.986336109547096
63.0,69.84024331816096
63.0,30.21823743509168
64.0,67.18818676802545
64.0,63.51049619327847
75.0,79.95084422361401
75.0,59.85445627608135
60.0,61.94159503022672
60.0,70.78951376994888
61.0,66.14678779802966
61.0,88.64865820758018
18.0,14.795477576060478
18.0,68.37807029186666
61.0,63.14453354414786
61.0,48.26717016972435
65.0,67.76163944551053
65.0,48.77628117847888
59.0,62.472002171895326
59.0,70.25388844598211
57.0,56.97148524896528
57.0,49.42782327365211
69.0,71.88312029279916
69.0,63.91537996368987
58.0,54.735167838258064
58.0,43.44268276586331
53.0,48.61068009406023
53.0,80.84182475948461
67.0,69.07073010963126
67.0,74.43892627032653
74.0,82.93613356233072
74.0,26.673494917822893
71.0,77.41743087721073
71.0,57.767974571499735
70.0,74.03944469809352
70.0,65.34285317773589
36.0,25.356473214606922
36.0,70.49965321603509
56.0,53.807655586507394
56.0,81.36567099676358
73.0,77.99449543569256
73.0,83.87078444557034
70.0,75.90638513546742
70.0,66.94443676828263
65.0,71.46379258399236
65.0,86.14321432487009
28.0,21.295892973543516
28.0,70.11132735524075
63.0,71.6899018447404
63.0,60.42795499129869
41.0,38.46051016664188
41.0,83.9112519232902
59.0,60.39790223961444
59.0,32.16260501913945
39.0,31.836007843625907
39.0,46.6525637414814
63.0,68.01573570525744
63.0,75.94408867082933
59.0,62.66542049359049
59.0,69.87469789113891
75.0,82.57740223513679
75.0,28.221242392709314
74.0,79.74825929081288
74.0,72.38714819488649
60.0,64.7909613760554
60.0,63.75235110071594
30.0,25.196213216206843
30.0,52.502921684268415
70.0,72.70306165559816
70.0,74.6804355742355
67.0,70.41794519474684
67.0,66.38046609682107
58.0,64.0857068701892
58.0,32.61300669524434
65.0,69.61935823894737
65.0,72.36345182988714
68.0,74.88841243318416
68.0,63.20609062718415
41.0,32.38975462263011
41.0,79.06859790692545
48.0,50.80675770636043
48.0,72.30678828590874
68.0,71.24157310412858
68.0,75.67974253853106
33.0,21.6414725935997
33.0,61.164412936752285
54.0,56.71728460745277
54.0,68.27790704862639
49.0,53.258507543808776
49.0,72.86309514529898
66.0,69.07757276103649
66.0,81.05724880141321
57.0,56.99713519687424
57.0,39.65923760703555
70.0,76.32868116954188
70.0,29.233666384564685
72.0,78.73193560574578
72.0,59.60737152198192
59.0,65.38141738547228
59.0,87.46411305628845
63.0,63.81664922123008
63.0,59.80616814284264
30.0,21.13398681519294
30.0,51.339685683942946
67.0,68.70258048999858
67.0,74.21400363576004
62.0,66.64780306036101
62.0,66.26936985004187
63.0,63.39786186661382
63.0,63.35842200343069
69.0,73.07243022734963
69.0,78.85788738432223
26.0,22.503126666488754
26.0,66.16872649215412
49.0,49.626464211201494
49.0,57.906349302041065
71.0,78.41376693978248
71.0,76.85991793250759
59.0,63.793620989298574
59.0,85.22716145464204
76.0,85.09926355732534
76.0,45.91759097597827
79.0,85.24049282157569
79.0,63.2638254310628
52.0,51.44222486323156
52.0,73.05015558904142
65.0,68.77706450742585
65.0,25.397223990414375
46.0,49.50987893934672
46.0,60.60175888179879
73.0,78.4805161664708
73.0,60.76182674175891
70.0,76.29049860851325
70.0,19.36482180696993
49.0,50.148959949983464
49.0,26.38349869730041
41.0,40.784978856073735
41.0,67.92095981277822
67.0,69.13070972231378
67.0,63.25583527626759
72.0,77.21447285207859
72.0,57.90969547005636
79.0,85.67794077114598
79.0,16.94514706141274
63.0,64.6127442151959
63.0,72.54096567176515
40.0,41.070008955480375
40.0,57.97842893837657
65.0,71.14991525923921
65.0,64.68328396528369
79.0,85.55791593353655
79.0,53.783466749296906
34.0,36.17902037445447
34.0,34.24823363232895
72.0,78.47976683255081
72.0,86.43916497326609
58.0,60.702915706741635
58.0,71.87991655360736
50.0,47.4188794339305
50.0,52.497852533550144
62.0,63.014171739502956
62.0,72.84146212727154
63.0,67.61484474787113
63.0,56.93274905653692
57.0,54.329694917183076
57.0,32.99995928204419
72.0,77.40785594467496
72.0,55.41788924664962
72.0,76.86804256053813
72.0,79.68007786332618
54.0,54.093973780043996
54.0,75.64531834167622
63.0,63.72125382680662
63.0,39.472863030248504
60.0,66.8570329641633
60.0,54.78943161218922
71.0,76.35597813104891
71.0,33.263072821542664
52.0,52.48653337618214
52.0,55.59598011183408
59.0,59.18960415179578
59.0,76.58762131034399
64.0,67.83987457235219
64.0,67.72150384589838
67.0,71.12452152413897
67.0,70.23744849167917
73.0,75.71782310624354
73.0,59.85746556023287
71.0,75.22520990455587
71.0,62.872320512732756
71.0,75.31544556955612
71.0,81.78194088863836
58.0,56.21722315349706
58.0,56.47016095034013
61.0,63.68180534440711
61.0,72.87976117424324
69.0,70.3709859332186
69.0,7.99110537285793
70.0,73.80267974317456
70.0,70.12157021675893
43.0,45.26695077918589
43.0,51.1667387415319
73.0,78.23921008250517
73.0,85.49470653880326
65.0,71.56380761686859
65.0,77.66186660816845
64.0,68.3304669375309
64.0,74.92264714872351
68.0,73.93266125259902
68.0,47.96830866745563
50.0,52.373818828558115
50.0,80.6058477976207
39.0,41.438931755382725
39.0,52.8759661645895
77.0,82.54162541326599
77.0,46.526522859688214
51.0,52.136809938613396
51.0,57.85599401447928
77.0,85.51313282623971
77.0,62.732932845480036
71.0,78.00379192963385
71.0,69.45423371405263
44.0,47.071517696288936
44.0,71.48842059531887
70.0,73.95304865081306
70.0,62.858696519068815
47.0,43.48210461359554
47.0,85.12021801368394
74.0,80.4515391033845
74.0,72.38527254863402
49.0,46.24044585929397
49.0,67.16652731614096
66.0,70.94643835801679
66.0,82.70921760952564
41.0,34.412015820723354
41.0,78.08850430656247
72.0,79.05568151857756
72.0,56.701601683797776
53.0,48.06228292334072
53.0,63.19544429421006
70.0,72.14373646277892
70.0,79.24120428391348
65.0,72.42973110152263
65.0,18.804818661283605
77.0,80.13048631700178
77.0,71.62611005844951
52.0,51.922599672313936
52.0,79.88405345110232
72.0,77.97131781467459
72.0,74.92920121569864
51.0,52.51577549935888
51.0,64.21055897196374
71.0,75.1832506313778
71.0,86.55741681471977
74.0,79.87478139658691
74.0,80.62570004744123
62.0,67.95966259710713
62.0,43.826501357005725
74.0,80.53999851441921
74.0,10.781795023828295
42.0,46.515602796985036
42.0,56.20791966457466
46.0,46.71665573713864
46.0,22.082263806831747
61.0,65.3562271096539
61.0,13.407056416938588
43.0,42.67059909429878
43.0,11.391908975097977
59.0,57.521325016265166
59.0,57.440000844575025
79.0,86.65805013789355
79.0,66.95566157693719
65.0,70.22782407973642
65.0,57.33197453249221
58.0,59.03956148915802
58.0,93.40703213167774
28.0,20.56798563922314
28.0,87.97920625906852
58.0,63.66799544159937
58.0,60.093014824550494
73.0,78.79303399226262
73.0,64.53117476294238
61.0,63.70154571279312
61.0,62.91992540339572
65.0,72.9237720716277
65.0,82.74912489002202
57.0,58.45324940199794
57.0,79.9218568343241
62.0,64.68765188759932
62.0,61.88070507808965
58.0,60.1878954042258
58.0,64.08788077352585
61.0,65.63879956929651
61.0,65.54307544485977
22.0,10.781795023828295
22.0,67.31345294007139
57.0,61.14671643468296
57.0,78.37716934807617
53.0,58.78652206851825
53.0,71.31990174998054
63.0,69.03954290205525
63.0,72.75028010509402
74.0,83.62599352471022
74.0,79.27783606367376
22.0,17.94033760525076
22.0,73.80937168636939
54.0,55.32807882512998
54.0,78.08715900137292
57.0,59.34739863045519
57.0,71.06725544583702
66.0,68.70003247309677
66.0,80.95258398616261
68.0,75.39827923031254
68.0,76.81332419815095
47.0,52.18743326564993
47.0,57.51180348685074
43.0,43.855627333404584
43.0,24.921258025727298
15.0,6.544887538155024
15.0,33.47998955136143
56.0,56.54705313726549
56.0,78.44691768977003
48.0,41.64141052591964
48.0,71.84806255440026
43.0,38.792823160330386
43.0,67.88639817078979
69.0,73.448588331015
69.0,59.40242272616547
76.0,83.1648228784913
76.0,24.838629585229512
73.0,81.99613678111939
73.0,74.09632057335091
71.0,76.58817523953343
71.0,78.54735183608847
55.0,52.99701983100334
55.0,65.12534217131872
74.0,81.03227176375526
74.0,64.56743028899825
78.0,83.39263680002216
78.0,90.78762200512836
73.0,75.95714115452256
73.0,70.60834455044852
52.0,50.655715674654914
52.0,43.674588838565626
56.0,50.73439945781189
56.0,60.19542537277789
74.0,80.74507951144881
74.0,41.507354077471916
60.0,61.145549911454
60.0,86.19507439723162
69.0,68.85251946301923
69.0,56.82481668603697
75.0,81.98976419456267
75.0,60.541797023248876
71.0,70.90855059984159
71.0,32.665727226753916
71.0,75.82458933426489
71.0,67.13421192855367
39.0,32.17973197380928
39.0,75.18627670425764
52.0,57.15105723892884
52.0,20.817533148734242
40.0,45.69786218038894
40.0,77.83542403297957
48.0,44.08064792024379
48.0,75.97464578455623
65.0,64.705737061354
65.0,66.92498396314102
63.0,67.22546481611613
63.0,53.450470454574315
73.0,77.13811171460014
73.0,60.44735084851334
62.0,66.69017748123917
62.0,71.85691275501512
45.0,45.81604056481336
45.0,19.46750019632026
64.0,65.84424935018023
64.0,76.85860032986398
69.0,72.76538334971912
69.0,71.0415988513742
61.0,64.60600458623856
61.0,73.56827029057337
66.0,67.91910900709013
66.0,74.420112355605
72.0,76.12400654151696
72.0,73.0907242920955
70.0,74.24760434103996
70.0,67.0821511228674
71.0,73.2757408845925
71.0,78.28074463323799
64.0,72.55994207245487
64.0,61.660493796797425
64.0,63.011684657318426
64.0,71.27714448444777
62.0,68.01226105764226
62.0,73.45807467020182
72.0,79.48094429292581
72.0,80.99871972972261
42.0,42.23718030759693
42.0,88.57227384226258
61.0,60.96725308161314
61.0,23.62332768593768
57.0,61.50673601766624
57.0,55.657194462310656
80.0,86.66536256224231
80.0,65.56468691121069
55.0,56.660222566515756
55.0,75.34502704411352
78.0,81.98542924109296
78.0,16.345686729083297
74.0,77.77604803696744
74.0,70.45582874508932
63.0,68.72033979397116
63.0,73.3962944477903
48.0,50.78996222805432
48.0,62.791249739900366
46.0,45.672030119283875
46.0,73.0390821877674
71.0,74.3005610974559
71.0,50.51533909270887
61.0,62.86706184341455
61.0,66.23331131086184
26.0,27.94561577779183
26.0,74.3788888361355
49.0,48.88339669696734
49.0,52.64844788744938
61.0,65.52093462899626
61.0,82.47280506703163
82.0,88.99411517064573
82.0,74.43002641158228
62.0,65.13079188443515
62.0,76.95210656088119
67.0,74.13825172233237
67.0,84.83187327482455
68.0,73.60153040200868
68.0,78.101842480561
71.0,73.04135805700582
71.0,62.25296273166424
63.0,63.881392284285255
63.0,30.909559794944926
67.0,65.81598179478999
67.0,35.62190863252869
69.0,76.55818753343794
69.0,3.1149274670311797
62.0,67.20616018096496
62.0,19.800370673963016
71.0,75.92293287389515
71.0,76.8846742006416
66.0,72.23739547602054
66.0,60.67894473059488
43.0,42.42006072307498
43.0,65.69453543867996
79.0,84.84599909450134
79.0,34.61266308955828
64.0,70.12808169406514
64.0,55.42132262605094
41.0,46.40548439261846
41.0,20.33290500281521
64.0,69.46073280800391
64.0,67.39081556004447
60.0,61.94805642932056
60.0,63.7086862531491
81.0,88.47799198268098
81.0,77.43776178404039
37.0,38.75122910055768
37.0,27.927176098673726
62.0,65.61376666851157
62.0,53.11901236289776
68.0,70.03284811572036
68.0,57.102026992585536
55.0,54.839102040078785
55.0,36.77716244813337
60.0,56.615654550971726
60.0,77.14281020590022
67.0,71.23163031904238
67.0,72.2266437048134
61.0,65.0022429060877
61.0,81.07187787603857
53.0,55.22028155190617
53.0,59.74272608758531
72.0,75.18055331464052
72.0,64.97773281517897
63.0,66.1984994926255
63.0,35.332627088580466
68.0,73.7507620281342
68.0,51.370556566288144
66.0,71.12347751554347
66.0,84.52842615060183
76.0,81.5899886532643
76.0,78.78038501318105
68.0,73.3801008784244
68.0,88.9870913983587
70.0,74.46356749860655
70.0,31.188080112608986
72.0,78.80995544817989
72.0,72.63073387481859
67.0,73.3893833499007
67.0,48.901429686293284
74.0,82.3143402482882
74.0,71.92974126462377
44.0,40.499582204714216
44.0,55.99300636698695
47.0,42.2853688192925
47.0,78.90802974091469
26.0,10.318136290060352
26.0,61.165235593074044
62.0,67.28846406041492
62.0,73.38878259231689
51.0,55.00581067099432
51.0,60.7761082806843
64.0,72.80674948210446
64.0,76.7447763190496
74.0,80.44472741283568
74.0,61.09340362934802
75.0,80.87224381922908
75.0,27.00591187682039
76.0,81.32901027010297
76.0,78.9130221759973
73.0,77.63295957097824
73.0,80.54471013132382
62.0,65.75051886353333
62.0,76.30138730589317
57.0,57.81995843115021
57.0,40.74755942838914
61.0,63.09542889690971
61.0,45.781842203271594
28.0,24.021391976334712
28.0,67.74793196722055
64.0,64.79031867537367
64.0,77.95027792556516
66.0,71.8484097882208
66.0,8.764302458656005
82.0,91.22408203947094
82.0,41.19965190855163
35.0,39.538031700379236
35.0,37.105814410386756
44.0,42.68882069720354
44.0,63.152960050705474
69.0,72.84633040686083
69.0,69.62746704536755
74.0,78.8287967293715
74.0,38.72456875806694
72.0,78.3443994823852
72.0,51.54296291920298
24.0,4.972160751765784
24.0,65.05241386976581
66.0,69.72656966470356
66.0,69.71634813467773
63.0,65.71835341191229
63.0,82.69069540947328
53.0,50.756044613015035
53.0,49.3081193944098
70.0,75.47812259169672
70.0,62.28903879206757
68.0,72.18938674026884
68.0,72.32981410077133
60.0,66.15160821841954
60.0,35.47294107909596
68.0,70.86537318503349
68.0,51.58935866801289
80.0,85.44296096592433
80.0,72.52464035859356
76.0,84.33517592207579
76.0,75.6358380741255
50.0,46.22021909298826
50.0,57.82272730940019
61.0,68.30970250755388
61.0,33.06875630927965
45.0,40.53461254557527
45.0,74.05192154335384
51.0,47.74344879635248
51.0,34.9018273966696
60.0,64.3016395116253
60.0,66.50544776176537
72.0,74.88208866224164
72.0,76.13116931338726
23.0,22.52145657467105
23.0,74.23772511519456
58.0,61.52949979391434
58.0,21.63972526135558
72.0,77.39995669529566
72.0,44.77632916568291
81.0,89.1230543914989
81.0,37.07058502241307
64.0,63.563419875766954
64.0,65.00018056106518
70.0,74.65171648381596
70.0,81.25686464989872
61.0,66.22560569384245
61.0,50.489603824094786
67.0,72.79170053910781
67.0,63.635592939699166
78.0,85.44438899465081
78.0,78.13866390955297
57.0,60.92713467369657
57.0,66.258587679902
72.0,78.15338359889677
72.0,49.2118082622805
69.0,69.12498340648654
69.0,68.68015345332708
35.0,34.08286966282475
35.0,84.85358282965575
53.0,51.476162231896126
53.0,80.75670819796261
52.0,49.9559476856943
52.0,63.062994902157754
83.0,89.59532565961183
83.0,85.08515455912658
61.0,65.41010952203686
61.0,19.75845628276295
57.0,61.86477026437052
57.0,63.35290656784042
63.0,64.98254635340481
63.0,79.37014943059586
78.0,87.48372428264963
78.0,87.35311910726404
37.0,39.904319357268264
37.0,33.40123052397587
81.0,88.93895137471702
81.0,72.09717515457004
60.0,63.07374863393744
60.0,43.32436120030894
71.0,74.13014112982324
71.0,33.98519476161454
49.0,50.64831190041053
49.0,77.96404712074406
56.0,56.40868779674565
56.0,69.20734165953945
64.0,66.91952714955403
64.0,56.888270928927284
56.0,56.77911944175622
56.0,67.54948800578859
69.0,74.38439015465724
69.0,80.75999380213239
63.0,68.2634846351163
63.0,74.14199595864238
69.0,76.66403500658731
69.0,87.78606318243368
62.0,63.241158907158535
62.0,80.62579941735856
61.0,65.86512846839008
61.0,51.721664417572526
56.0,56.88949367026373
56.0,59.40806486815745
46.0,45.38555862686991
46.0,79.62162883817115
48.0,51.53202939317782
48.0,35.462107148753375
68.0,68.21918705863044
68.0,56.29076990992809
72.0,79.27739128528918
72.0,74.40804347487841
72.0,77.23061372089387
72.0,70.68556754324999
44.0,49.13301353227547
44.0,59.13614358354636
69.0,73.74444825346853
69.0,43.400216880274684
25.0,21.026073632063117
25.0,65.74193873486195
77.0,82.33728506275287
77.0,69.28492637884216
60.0,62.37060319192773
60.0,60.17481071682397
57.0,58.10799192419864
57.0,58.80569030148047
67.0,70.81832308895838
67.0,74.72987521265242
76.0,81.14763584956182
76.0,68.79471084613391
64.0,67.83267545960189
64.0,63.71654288072284
61.0,62.68623841817481
61.0,73.66822877952069
60.0,65.2237633531405
60.0,35.51570316351285
68.0,73.59834532178496
68.0,67.87186752690155
76.0,83.42348442365676
76.0,79.38867296808189
72.0,78.37790829879503
72.0,48.2890330687531
67.0,73.4287148416737
67.0,62.64250402383561
61.0,63.0290714641464
61.0,69.58458546022433
69.0,75.98503450009707
69.0,63.05241829958322
31.0,34.12003452326695
31.0,18.614642041460115
73.0,77.57413755059343
73.0,63.62823021575241
57.0,51.353986864675505
57.0,72.02435033471636
49.0,51.336121020383246
49.0,57.104517714092765
29.0,29.773070347601788
29.0,73.66844447040552
69.0,76.34366462826091
69.0,53.00099699586667
14.0,12.459582874909984
14.0,78.79234504197427
44.0,40.46934897849712
44.0,19.71944987484153
70.0,72.75276818890467
70.0,80.49429993386156
77.0,81.25563802782398
77.0,60.89659980210507
57.0,58.14154955575094
57.0,25.73830521968881
69.0,74.72855843952203
69.0,81.9370877944599
31.0,23.32693075915114
31.0,50.13771312006685
70.0,75.60080788056922
70.0,70.71540919976911
21.0,25.515866558275718
21.0,60.19687255189575
74.0,78.67111820218906
74.0,78.75036654109653
55.0,55.688466455334094
55.0,43.60845502709367
59.0,59.848627740363554
59.0,64.24183482268148
46.0,41.671112096642446
46.0,74.34107060248618
72.0,76.67762389725834
72.0,64.15065062974685
75.0,85.24036315748697
75.0,38.18777721904962
61.0,63.106871224867405
61.0,63.615222556320646
65.0,67.90987319811944
65.0,71.8724173162355
65.0,74.04893169291068
65.0,66.45151325594452
52.0,51.778579085599006
52.0,75.95952871376625
55.0,57.57233328055207
55.0,88.08346072068775
27.0,29.48409407979028
27.0,82.28711365144125
59.0,60.5472910438765
59.0,43.018854241421764
72.0,77.90476419747267
72.0,36.74508183680177
54.0,52.77379252331531
54.0,82.14753275171626
29.0,30.1871090878613
29.0,3.6381660749178764
71.0,79.4441911177816
71.0,69.28735230212726
73.0,78.07399535765143
73.0,80.01167773808402
32.0,24.083989472149653
32.0,45.334640973514865
42.0,35.74811990263942
42.0,69.42586292231323
69.0,71.28351218507453
69.0,38.3647718874297
64.0,65.89381105462462
64.0,71.83628420156293
73.0,78.68665542721936
73.0,68.88405767437547
48.0,44.45544892996628
48.0,70.27113088695768
68.0,74.67089092773807
68.0,75.75293356221584
72.0,72.97112315999766
72.0,61.1506774829835
55.0,59.154215269297595
55.0,28.8622655809599
70.0,75.12859545874545
70.0,23.84104164513161
69.0,74.99226529845868
69.0,66.16577230977651
58.0,60.10443338805567
58.0,74.87544112166381
34.0,25.874275277419258
34.0,82.70872362344977
76.0,78.89097043092522
76.0,24.704452388316213
63.0,65.52858509017125
63.0,81.48221324238875
47.0,44.8947588094768
47.0,90.5486400062004
65.0,70.20375810691917
65.0,71.29210637943822
65.0,69.18712272687526
65.0,75.28361237878568
48.0,50.123248521552966
48.0,27.074539170283856
71.0,74.95635309344112
71.0,87.34904014046208
79.0,87.35006765838733
79.0,64.07697436517549
69.0,76.6105185940869
69.0,79.49613207549078
72.0,77.00812367484525
72.0,75.16075805167958
69.0,71.97155283439037
69.0,75.92549101485031
79.0,86.97527815849537
79.0,85.53164665582892
36.0,39.58208895150591
36.0,73.25884615519277
80.0,87.33867938670795
80.0,79.36099025273808
49.0,55.13812459592043
49.0,75.34695447548631
44.0,43.810765543381535
44.0,57.67046933929038
43.0,41.87119639880416
43.0,86.47784627590022
65.0,74.23136344688118
65.0,76.93111185822835
76.0,81.19703365158341
76.0,54.26327770419573
64.0,66.61349734681869
64.0,51.565867072067135
71.0,74.77680278267661
71.0,67.30123182972022
37.0,32.16837834525944
37.0,79.14984491150182
31.0,32.522427280261354
31.0,68.78049490228068
64.0,68.76310704140457
64.0,34.598232151005334
71.0,77.62325944982143
71.0,76.22313254546555
67.0,67.86194894096127
67.0,84.11801873198681
41.0,42.40290126171408
41.0,46.20048628138176
66.0,70.20237596711445
66.0,80.90715474524109
46.0,46.58992488230922
46.0,80.18714024690041
64.0,70.38590668144184
64.0,76.95015763927103
77.0,84.50613376376077
77.0,66.87630044679963
73.0,77.54746376123796
73.0,84.50509016915026
67.0,71.93905376958787
67.0,82.32384442408943
67.0,72.29324714056764
67.0,61.79197730740049
69.0,74.09489919465165
69.0,65.84413442240896
55.0,57.71667239066579
55.0,67.8911282334351
74.0,79.63578171401588
74.0,70.40910752715627
27.0,22.44865345067973
27.0,44.02232973425771
60.0,65.07121170461102
60.0,59.50211819156743
41.0,42.12273896924336
41.0,46.97525236080821
52.0,53.971951096660064
52.0,85.46643622173934
59.0,58.38892603319783
59.0,52.85228819105481
44.0,45.231854379408844
44.0,72.91168800211614
57.0,57.185738220601706
57.0,40.16015505516327
48.0,51.79010539707673
48.0,47.631388886799755
56.0,56.60649329162868
56.0,53.04118932410404
66.0,69.83588315386066
66.0,55.95391932979777
63.0,70.68487473323688
63.0,63.90088633919896
82.0,88.33180009344983
82.0,82.25018838716142
27.0,27.737103089679408
27.0,57.59406403211659
72.0,73.65284314244974
72.0,57.164600006799674
35.0,31.271687067099606
35.0,35.9478319141387
71.0,78.45119401416162
71.0,83.42316981255499
26.0,21.971116226916365
26.0,71.48874794775531
52.0,55.62036474713477
52.0,58.49427682586128
66.0,73.15868353997666
66.0,52.19557739053437
53.0,51.926441046571824
53.0,82.35901170356618
69.0,74.83013705349362
69.0,33.491650133690825
78.0,83.51211667965674
78.0,40.981550801668504
62.0,62.39212500744475
62.0,68.34917187351658
59.0,59.40624677100391
59.0,31.273453656258482
51.0,55.35461572749142
51.0,77.36633715346284
40.0,34.33453371107339
40.0,37.82655321706284
44.0,43.61570454685051
44.0,54.830024149342535
63.0,64.92456179584536
63.0,63.127447848164365
80.0,83.75983541036334
80.0,62.8883826211333
76.0,81.82389790509194
76.0,45.40044010359918
48.0,46.9103437201415
48.0,59.14156854508445
82.0,88.77564997752711
82.0,56.51209492756249
45.0,37.425173421133536
45.0,31.496556656309167
68.0,74.61092028663671
68.0,47.81279478879111
55.0,58.11121700686118
55.0,68.14568296040909
79.0,85.27443218513946
79.0,68.77870117712177
45.0,45.22742980815599
45.0,66.16259653560041
63.0,66.60808099310015
63.0,71.32805136255394
76.0,79.39691173820722
76.0,67.58823150682053
53.0,51.307210260027944
53.0,48.65183657132263
39.0,43.89032124710701
39.0,44.56627889167703
71.0,75.86468270603689
71.0,54.39397932528925
62.0,63.725128886923585
62.0,85.35807169609433
67.0,73.38876997511312
67.0,56.78198527483204
66.0,70.19080086445928
66.0,62.415348036812475
58.0,66.46391381822588
58.0,64.98847994565608
75.0,79.90695869811941
75.0,71.79649758011124
63.0,67.1135755210102
63.0,76.87991890117928
36.0,28.90914179876205
36.0,77.2560204855858
70.0,76.76150525865751
70.0,50.65245890929589
57.0,57.01073584842118
57.0,53.79134480427672
30.0,35.29307173741489
30.0,62.467951562675694
79.0,87.85251150701987
79.0,59.12753115102993
36.0,30.92351172661057
36.0,77.54891619388519
42.0,46.189139686319265
42.0,49.79623202459419
76.0,80.27723557818274
76.0,84.49874629711576
75.0,82.56850341638295
75.0,21.28128232728733
50.0,49.852329678379874
50.0,52.20955039194581
69.0,70.64866506421453
69.0,80.89433462890003
79.0,86.38435486737347
79.0,60.181120928571715
57.0,55.685599095022326
57.0,60.517958897007475
69.0,72.63851001675323
69.0,89.84434539630888
67.0,72.12677442213476
67.0,53.34626316261074
72.0,78.70805649369913
72.0,53.18188935363372
58.0,59.020931784373374
58.0,34.01613843595203
61.0,58.2340359443391
61.0,69.75085740076895
62.0,63.4242857710891
62.0,82.37729200722936
69.0,71.91982100700784
69.0,71.85648956771519
38.0,34.360077776043624
38.0,68.00820840808353
74.0,80.93715061446329
74.0,47.82633373106205
75.0,83.28148926509323
75.0,68.33101288816891
46.0,44.941660373523405
46.0,54.41930437894928
72.0,76.83093513126158
72.0,68.13980478254888
32.0,26.516596396220677
32.0,24.62150380809976
73.0,77.25819929861149
73.0,20.04761303171108
54.0,53.801658510291304
54.0,54.29807176415795
69.0,74.41614336984003
69.0,47.554857782895056
67.0,72.14921197786441
67.0,79.43969125026769
60.0,61.11954924855252
60.0,67.0759036543447
70.0,78.37416569946441
70.0,69.54828446759933
71.0,75.07161092697635
71.0,67.52091713404712
70.0,73.72038677651136
70.0,36.35978006827884
72.0,77.18106524309076
72.0,63.5088773792512
56.0,64.26947517390784
56.0,55.93031294201552
63.0,64.9267402298048
63.0,28.90898112137927
70.0,73.93738541495054
70.0,84.89421265264605
60.0,63.44707277191634
60.0,59.74401990550916
56.0,63.443415844904905
56.0,64.3990004756181
70.0,70.86178516094384
70.0,70.3519719657225
18.0,11.309718242060512
18.0,58.018615963187415
51.0,52.032698069599405
51.0,68.7393522793028
60.0,63.5416318727967
60.0,61.774229706571816
39.0,41.438931755382725
39.0,70.85150740222639
67.0,72.45639143036487
67.0,43.41690304965135
68.0,72.74713555296165
68.0,37.731069469968986
54.0,53.30133960883046
54.0,23.64701733449317
61.0,63.86005115971892
61.0,25.669484232854302
55.0,55.74466911089468
55.0,64.67606952890043
63.0,65.76310043960808
63.0,74.74767963446925
66.0,73.17293345496637
66.0,69.87627259538345
68.0,68.90361274158346
68.0,48.21741742453975
71.0,75.6166347173305
71.0,70.13226808830012
72.0,79.0490286840332
72.0,83.32765003534672
57.0,57.73450173272772
57.0,54.594823410027686
70.0,74.29030416743842
70.0,71.25726586350822
28.0,23.506849143856982
28.0,58.53955413488609
62.0,64.91513455210452
62.0,74.71222017171203
33.0,28.245082543687033
33.0,73.14752411895302
62.0,65.23580060097049
62.0,80.92623752791633
76.0,84.95955301019552
76.0,59.28225949020981
62.0,71.60617229438748
62.0,85.58384771751133
76.0,82.39754576029225
76.0,63.34218692452379
53.0,55.906493534464005
53.0,79.04746097973975
75.0,83.02229217332774
75.0,51.84698425314372
66.0,64.259576945628
66.0,70.52892262365441
61.0,64.78391037244978
61.0,62.13243999733254
69.0,75.39088542768957
69.0,53.459496895252016
71.0,75.96102997499952
71.0,67.56380456289219
56.0,56.56859429578918
56.0,58.25820933247701
55.0,56.17844825557188
55.0,55.45142568417202
28.0,27.049802138218297
28.0,52.451675643193994
65.0,70.86640320554523
65.0,33.356189318793156
71.0,76.41156584810375
71.0,61.19883719363327
81.0,88.42700379089035
81.0,65.97790611397335
61.0,63.92172143168921
61.0,74.7644029464534
60.0,64.80859906227562
60.0,60.19919233467118
46.0,44.61682472357967
46.0,21.17111382199829
71.0,75.65845325849898
71.0,89.24421576031006
58.0,63.28865990525168
58.0,73.47422663878979
52.0,56.309431396863715
52.0,23.80617173089945
36.0,32.53177947369693
36.0,35.43259704794565
73.0,77.54609406781617
73.0,74.90566654429847
49.0,47.682912058292175
49.0,80.37827564444802
70.0,74.92086825293455
70.0,90.92484187568982
70.0,71.02716729123114
70.0,77.60535509445384
70.0,77.21426308544619
70.0,49.523152168980005
78.0,84.79364487367275
78.0,70.5512563703636
57.0,61.4857200243884
57.0,70.67162378079757
61.0,67.71411134788491
61.0,51.96165579999422
50.0,53.07977098490039
50.0,67.16199092446413
63.0,69.17446715980822
63.0,14.56491493072923
67.0,70.42781118595894
67.0,13.130236020984228
66.0,70.1446298792772
66.0,83.52629508008187
37.0,32.419176312531135
37.0,65.52631235155656
70.0,79.43139465717564
70.0,56.953412941899956
42.0,42.850863983225565
42.0,16.844636791619905
47.0,49.278222564276234
47.0,85.90165275577675
63.0,64.33017068533866
63.0,56.77636379964167
57.0,51.78895675135868
57.0,47.070784904710024
77.0,85.49791836724341
77.0,42.40272741861344
39.0,30.233321858260183
39.0,71.22928751574796
18.0,13.855866185803563
18.0,66.40037434560571
48.0,52.28540673369571
48.0,17.908938187529827
69.0,72.85749506322554
69.0,35.20862164556371
76.0,81.80185144886542
76.0,77.21021644382802
71.0,72.89382469432678
71.0,67.38917454614159
55.0,54.940445967311916
55.0,81.74897696234143
60.0,64.50587236305523
60.0,70.16648929350714
59.0,65.03020623723012
59.0,69.87851874264067
62.0,64.9004450849003
62.0,13.831293966954945
33.0,26.83282813610913
33.0,64.79371117882476
62.0,60.437551624052844
62.0,71.77667349427355
52.0,51.640903859024945
52.0,66.72959528781911
43.0,43.81951741992219
43.0,57.47796073105411
77.0,83.39038869022903
77.0,64.59485880104472
51.0,48.75118309089402
51.0,70.48597185192199
33.0,25.884944945661402
33.0,81.68650227192927
51.0,51.82125502083568
51.0,70.71881688911304
66.0,64.5639238321611
66.0,77.60576792736504
61.0,64.22598782888548
61.0,74.03550378968941
73.0,78.12893501399753
73.0,55.72419536654684
71.0,77.29404887644102
71.0,36.863526797582495
68.0,71.92096566583672
68.0,45.60392408478481
74.0,77.18648827791844
74.0,46.710223752934326
46.0,47.803162244151
46.0,55.01119334128538
61.0,65.63440678211344
61.0,27.930835521082656
58.0,59.475112052193936
58.0,61.36585866544738
62.0,63.260126156341585
62.0,72.59552415628025
75.0,82.18235210310485
75.0,79.69346152808902
22.0,19.15540949319211
22.0,62.57724483116789
78.0,84.54249001671059
78.0,70.36723139243298
79.0,85.30499039659725
79.0,74.28163759645793
66.0,70.33344521006075
66.0,57.0809547242572
76.0,81.55272392970477
76.0,56.2829661656142
72.0,76.59112628518409
72.0,68.65234245166454
72.0,78.16121349820884
72.0,52.202912701561615
57.0,58.96670621056154
57.0,83.18337888067714
26.0,15.4341190968604
26.0,59.72050436435944
65.0,69.7350216468804
65.0,67.20744307674784
58.0,64.32770229168136
58.0,70.71626516306327
52.0,56.30836228790173
52.0,75.72653998028926
69.0,75.05574979444617
69.0,77.40320161388394
64.0,69.34732807083327
64.0,79.34815213580623
65.0,65.55529694856034
65.0,47.91481014549714
44.0,42.14900215260565
44.0,77.68073624216214
37.0,34.11646827707608
37.0,57.114861392264686
72.0,76.80953337188282
72.0,80.84598694548725
70.0,78.08916896963387
70.0,58.43943053172569
28.0,17.154372593622213
28.0,47.451730031491934
52.0,55.08797268968891
52.0,36.69116059510117
66.0,73.83458365308803
66.0,45.615009971253244
46.0,46.92269309534902
46.0,32.62923545977242
50.0,47.288370915609505
50.0,72.13112892916564
70.0,77.03711294637503
70.0,69.79611457447345
68.0,76.30665988184751
68.0,68.9148178257264
59.0,63.36971330545134
59.0,76.09670565757494
58.0,63.55222580566425
58.0,23.988425750372755
57.0,57.100975167089075
57.0,61.556025584476345
57.0,59.791220712066945
57.0,65.3747706623742
56.0,62.13869634383508
56.0,69.89680974682705
56.0,55.27501892600145
56.0,88.28220203396404
65.0,70.67025007148789
65.0,61.45456347419753
58.0,55.9864229331572
58.0,56.751251162549124
16.0,8.808976190414967
16.0,64.68997734309448
54.0,53.54431920066753
54.0,26.084346853942407
71.0,78.02321667572096
71.0,73.7422931432364
59.0,62.51175601306858
59.0,87.13117909160053
75.0,79.9425551081726
75.0,74.85084694879305
62.0,64.58516963263355
62.0,55.402001484688924
63.0,65.39176903715372
63.0,73.13766750194873
65.0,66.41428246431667
65.0,61.98886555245372
57.0,58.12570196977015
57.0,77.236937944864
68.0,73.94589023531262
68.0,71.50348402688678
68.0,74.56639278960733
68.0,59.56436226528302
24.0,23.395935506270405
24.0,51.64536187439029
62.0,62.64606441388287
62.0,63.804436003018566
78.0,86.48292271842519
78.0,30.850999935072593
53.0,51.19943388017015
53.0,68.06396543630797
47.0,41.09919666446086
47.0,38.20115828921672
24.0,19.751567304289154
24.0,49.98156656688889
71.0,78.01030697492519
71.0,38.59416641165939
66.0,68.11539722341189
66.0,71.86811836399016
66.0,64.54245859945371
66.0,83.80171639208271
77.0,81.90539457756444
77.0,72.89637588620121
57.0,61.58421386504472
57.0,75.16726267426782
52.0,55.22410489422174
52.0,37.911205379430555
27.0,28.98671329123448
27.0,60.18776825022036
47.0,43.41516906831714
47.0,62.17083847814911
63.0,64.19644301649254
63.0,53.06304519681828
49.0,41.187294220377964
49.0,70.94875826692913
66.0,70.540393115477
66.0,83.8621925810287
28.0,31.659759788636393
28.0,58.3751132240335
70.0,73.71874971185304
70.0,60.532299303305194
68.0,72.35959250282326
68.0,71.46340927495777
66.0,69.85419128957426
66.0,88.40889759097979
63.0,68.91167298390008
63.0,64.53126735688488
71.0,71.98114420918438
71.0,91.2913349250316
40.0,40.020864511470506
40.0,54.36115316478589
53.0,52.93298423428877
53.0,38.84652820479624
64.0,66.66307962670271
64.0,34.11071752870919
66.0,67.51598266263449
66.0,48.84020861540915
42.0,34.698671227465354
42.0,54.97288089061027
69.0,74.97156919312658
69.0,63.366267632202664
38.0,35.532385555718804
38.0,71.15124201028453
35.0,33.33431215442886
35.0,76.29584016590655
72.0,77.8881897647612
72.0,70.15686186431753
66.0,68.54357599142236
66.0,68.40289091294983
12.0,3.6381660749178764
12.0,64.0800505880726
40.0,36.32592343820892
40.0,75.30255299791054
75.0,84.37951840421454
75.0,25.55486538614565
69.0,70.33780763342702
69.0,80.98518882795395
42.0,46.154032722032696
42.0,41.7746282185924
62.0,70.47835561526512
62.0,19.06373675078936
31.0,19.01725952147433
31.0,5.29573286041051
48.0,44.58069580645275
48.0,21.131552602580143
20.0,15.614484895604448
20.0,85.06027509017918
22.0,26.50914762952368
22.0,64.11688556895774
74.0,78.52793716652627
74.0,69.89804268823661
53.0,56.424372638853185
53.0,21.235900852531984
67.0,72.73203700203061
67.0,66.96375420761422
81.0,88.55616041753922
81.0,50.61976117512188
69.0,75.83284098697652
69.0,58.992531708165245
70.0,74.32234408205858
70.0,76.49181470129218
22.0,9.662775784781559
22.0,81.4225949505963
72.0,79.25606151605916
72.0,42.096076988748564
65.0,71.36759818374742
65.0,75.34250034712045
43.0,40.92040503088134
43.0,17.402955141850896
64.0,70.25894876262515
64.0,78.0314735284935
68.0,72.45641745965872
68.0,55.695208699849275
34.0,35.932521589691476
34.0,71.48625458134939
40.0,31.22847193059016
40.0,78.29866581081797
72.0,74.43859537920383
72.0,45.325724899423676
48.0,46.09506380038306
48.0,64.3223788021038
39.0,39.75040922977581
39.0,69.60236618547054
58.0,63.98996102733349
58.0,45.325724899423676
63.0,63.316412432505274
63.0,77.0745514748113
47.0,41.19849221618074
47.0,62.200665681970634
31.0,25.11111494634804
31.0,66.0707212011427
74.0,78.59592102648077
74.0,58.29225851449701
46.0,42.92227860698779
46.0,47.78470039416385
16.0,13.894384723130031
16.0,38.87195092996586
71.0,77.96794200905634
71.0,81.81841206378601
68.0,76.366582639213
68.0,82.46422108383268
56.0,60.80594541174224
56.0,56.92831905799926
70.0,74.20752827611295
70.0,34.09506573693284
53.0,52.489445151167104
53.0,74.38089384186037
67.0,71.82133362094953
67.0,53.95269065455602
61.0,62.40542430298143
61.0,75.99552091078482
59.0,61.18668908488104
59.0,29.055983428093953
70.0,73.28645118253615
70.0,29.984070388391387
66.0,69.64205824261467
66.0,59.78337636822454
59.0,62.4306667004322
59.0,41.88344563100327
60.0,61.16318810649352
60.0,70.58807418183869
68.0,70.61559545556116
68.0,76.91741121395881
38.0,42.24646770567938
38.0,15.554935762240916
71.0,74.99672887500924
71.0,71.04023831048085
60.0,60.80327649148097
60.0,76.49195708763335
73.0,78.73157363959427
73.0,62.7441744604688
60.0,59.97583499122101
60.0,54.62542275926768
41.0,41.05292120638296
41.0,76.16643882207057
67.0,67.69500008697884
67.0,76.04179034728884
36.0,32.8799509847546
36.0,72.5695277648984
62.0,63.47737223804836
62.0,79.35816848673824
72.0,77.28816693466024
72.0,44.363135117508705
38.0,42.07924127804438
38.0,87.4974593105992
52.0,46.14362274340124
52.0,60.11379055460071
69.0,71.44876624803834
69.0,18.881732345058253
60.0,65.16681692453028
60.0,72.28968774445269
41.0,44.13786964514907
41.0,37.036372405537065
34.0,26.871359961096402
34.0,86.81774184607167
69.0,73.65354752647482
69.0,72.89864314524459
56.0,54.89296367350795
56.0,74.09311649269978
78.0,84.35293052865029
78.0,24.307150561744436
61.0,58.244829788894435
61.0,56.43233975821482
33.0,23.292113337055184
33.0,90.41980344272815
60.0,63.95897588675251
60.0,54.44977870848999
47.0,42.065471871007105
47.0,76.72740159596043
65.0,71.5047955052558
65.0,23.025372883786133
72.0,75.64408742922132
72.0,67.28036716997849
54.0,53.97076601693931
54.0,49.85179855559079
60.0,63.0716910808971
60.0,77.96881913651339
79.0,84.03360691934836
79.0,61.357002925569816
56.0,59.0149744308502
56.0,44.5678647335215
61.0,66.33762347224331
61.0,62.75974219457737
51.0,49.55243574582886
51.0,94.34561044286704
55.0,57.66938885428442
55.0,59.24002218832692
66.0,71.56741114429866
66.0,90.02245191026549
46.0,43.549088132150814
46.0,78.3832112655382
44.0,38.41942906507353
44.0,80.34532922037386
60.0,66.14562735941308
60.0,48.659849953165235
77.0,82.83678998201322
77.0,72.62275732288651
29.0,20.942119931612694
29.0,43.77512431279291
65.0,72.8722676428988
65.0,79.38124257744039
75.0,80.84123167070169
75.0,50.64140394570609
43.0,43.684933189143806
43.0,72.12786173369756
67.0,74.03527471629138
67.0,44.60523847606191
53.0,55.02391406880224
53.0,74.18956800201454
59.0,63.40073118526311
59.0,39.896922510341824
62.0,61.85035431364099
62.0,52.73688995133108
44.0,43.08731776888965
44.0,51.631113574893334
71.0,78.12738509002759
71.0,84.59288512462257
73.0,77.70751633040754
73.0,68.668200262119
72.0,76.81350607854193
72.0,57.30438839872113
81.0,86.65494297149922
81.0,80.7761838495698
78.0,84.28351751632545
78.0,73.56417612446165
80.0,85.90394586776392
80.0,82.1432284957678
56.0,59.72153308853524
56.0,22.25009106755448
65.0,70.33245671128094
65.0,48.37107567830435
71.0,78.27063303256375
71.0,79.86798353463388
70.0,76.0103984081523
70.0,48.43521393926238
31.0,30.98300073193451
31.0,73.19972715655774
67.0,69.16401605512482
67.0,64.82931486366095
65.0,71.71459128215173
65.0,68.73611767748383
45.0,42.61506030383947
45.0,35.282361767677855
73.0,77.66205439304554
73.0,78.91199296545409
36.0,33.072307619692594
36.0,78.00169801021423
48.0,46.615122839066544
48.0,38.55887883913027
61.0,67.10031087024345
61.0,20.817533148734242
59.0,61.29144729091507
59.0,36.863526797582495
66.0,73.46476285807364
66.0,67.19481550413354
45.0,45.22221433354764
45.0,62.21574841899394
67.0,71.46001329430084
67.0,33.82513846143888
66.0,64.78328177146466
66.0,42.044704730338765
34.0,34.72841614463567
34.0,64.95503637419586
54.0,53.008878438548436
54.0,64.98576805376962
50.0,50.403969781830256
50.0,61.1679224316685
32.0,28.727098470830867
32.0,7.493449589289867
55.0,53.59821841763744
55.0,54.545617194723945
72.0,77.09298040000198
72.0,80.89252296350679
44.0,37.939382330959916
44.0,78.26329015567336
69.0,74.83686505440176
69.0,82.760157946498
73.0,78.34654555018415
73.0,70.68598946171903
31.0,18.002004796498
31.0,66.59507808284712
68.0,71.91566353122835
68.0,67.58308443541932
63.0,67.8462104229053
63.0,70.43118869694325
77.0,83.75648677060326
77.0,70.25588991398882
80.0,85.08869624713742
80.0,43.24896531243695
46.0,49.87388055476458
46.0,32.47135598893493
76.0,82.0845719622892
76.0,49.56496390366942
72.0,73.42362189622327
72.0,44.9397561822085
65.0,70.246816469365
65.0,39.033390257347264
23.0,22.52145657467105
23.0,53.370284609744715
33.0,31.035097788124176
33.0,68.84356442762521
55.0,55.67777631961002
55.0,70.62036881712606
42.0,41.9245453018425
42.0,42.62030796721183
74.0,80.09790092141168
74.0,65.4425055130788
70.0,73.29174107566024
70.0,88.31750201147076
53.0,49.376233955894236
53.0,40.85359809721365
68.0,72.67907078966613
68.0,53.646969203113656
66.0,70.39642781364421
66.0,48.12495995218569
21.0,7.487496419969148
21.0,86.64351912364435
43.0,36.51929268027584
43.0,93.12442124359421
30.0,25.30697052906362
30.0,61.81932641588651
72.0,79.1105570746414
72.0,65.85721266950469
63.0,66.72068467890364
63.0,75.88597750704389
70.0,73.88826340064156
70.0,56.02344076498275
74.0,80.99669114368572
74.0,53.47242704587694
66.0,69.56672678524393
66.0,40.36764789145411
66.0,71.12490926645233
66.0,17.402955141850896
57.0,63.366809162075356
57.0,65.3486643666883
66.0,71.70813681884567
66.0,27.365542659552716
45.0,43.91845350645701
45.0,62.385220900609
44.0,44.90045455413497
44.0,75.4639024926376
70.0,73.98992547288196
70.0,63.85273103389852
20.0,15.438521815880392
20.0,68.75858643155453
70.0,76.17533431604437
70.0,87.02378474327082
16.0,-0.7019046488408094
16.0,69.99677390274502
65.0,67.59445352502092
65.0,76.71648014364519
68.0,74.03500724140974
68.0,76.4594278971743
67.0,70.76737814337758
67.0,94.09771202851408
55.0,56.88301884526601
55.0,74.56033793398939
67.0,73.20501083088095
67.0,23.917770515356324
66.0,71.81751373086684
66.0,65.24802970885526
81.0,86.87618462598147
81.0,69.1506861660227
53.0,61.575018383388795
53.0,52.77625174220657
24.0,19.44290396635722
24.0,84.37367478454098
56.0,60.33899107421365
56.0,29.073171942133456
61.0,68.20202933658209
61.0,66.23481557279064
78.0,83.97824925286193
78.0,68.15860017909483
59.0,61.23410506819147
59.0,35.50949079145744
69.0,76.6275863081168
69.0,70.52500344487936
71.0,78.45189502528291
71.0,75.02608312694724
55.0,50.1989004412377
55.0,67.09593598382327
75.0,82.85005021037358
75.0,76.27555585128647
53.0,55.13841767016169
53.0,61.036937649724564
73.0,76.80266534299955
73.0,74.08839667775902
49.0,48.79593768537745
49.0,67.1821685813627
55.0,52.00895020880961
55.0,71.20697072711289
55.0,58.09386665539927
55.0,67.03458326414182
72.0,76.06898792887097
72.0,37.03739518653646
24.0,12.367252345454062
24.0,25.77295308974317
71.0,72.9483363571627
71.0,33.94150153575782
67.0,69.20110576346582
67.0,38.898731948492866
48.0,52.3757038103476
48.0,46.58976748988647
73.0,79.00280424022219
73.0,77.22888348820089
67.0,71.58211211071853
67.0,76.52794312485446
78.0,83.35413803759087
78.0,68.26382201296394
69.0,73.94849755831848
69.0,68.01516512299298
74.0,81.36455529280585
74.0,42.045215032869464
49.0,49.114225646981254
49.0,80.22415298252469
68.0,70.00407052418984
68.0,28.07371349274922
62.0,63.12058688682674
62.0,80.43717624154999
51.0,52.5765295134309
51.0,12.68098090985012
65.0,69.19482092728458
65.0,12.293709079819848
67.0,68.75417982162173
67.0,57.843824059751796
50.0,48.796885493002605
50.0,74.31040320187759
63.0,62.96644465377523
63.0,72.00152409002447
68.0,71.02393232856133
68.0,26.726401374418344
70.0,73.5599011509396
70.0,39.904319357268264
72.0,77.36787514672363
72.0,40.80283907662755
68.0,76.84803306827871
68.0,64.53126735688488
68.0,73.92090068292543
68.0,77.6970269612051
76.0,81.76573729352015
76.0,17.822485079561034
57.0,59.84838185588393
57.0,88.14280470368232
23.0,11.500356363310857
23.0,79.77501195864647
70.0,73.09634487341134
70.0,8.523044069601042
55.0,59.0493261418888
55.0,51.418948588737635
55.0,57.70410611625988
55.0,50.162976018092195
65.0,68.68210021412068
65.0,46.49158768265977
38.0,40.57317826407768
38.0,62.81123429932779
73.0,77.3900794202321
73.0,-4.4089119928548826
50.0,57.732094297378865
50.0,81.79341086599862
70.0,71.76279769232212
70.0,46.48326244820828
63.0,67.62988089217009
63.0,68.90434546518674
45.0,41.98588960983983
45.0,51.16242359578996
26.0,29.084278037453828
26.0,54.51022270399773
81.0,87.23072400149937
81.0,77.02655618823002
73.0,81.07197565012405
73.0,51.83675600385294
44.0,48.586174164081285
44.0,77.04564045831472
67.0,75.16066295952027
67.0,65.46310874710218
53.0,49.930854299994735
53.0,73.41769635973208
31.0,34.978895989842556
31.0,56.111115393547664
72.0,77.98998980647173
72.0,79.1811046871291
63.0,68.91661271927944
63.0,54.73072088210046
70.0,74.86576275430781
70.0,73.09781654487495
59.0,64.84604799802526
59.0,67.04573154182907
48.0,54.44699964947466
48.0,86.07944286778502
75.0,81.52118247492763
75.0,67.98525966378901
60.0,62.395932876172196
60.0,72.50804486979172
59.0,64.14846094886974
59.0,64.32223671505272
75.0,76.84526179332585
75.0,61.680720983337324
68.0,77.4159543491607
68.0,80.28061302428995
46.0,49.21957679325391
46.0,76.43431214396065
72.0,79.75018261294696
72.0,76.162409163826
29.0,34.76005502343253
29.0,40.52056348729997
50.0,54.91192625807844
50.0,50.88280104313486
54.0,52.68107128690326
54.0,28.69413907445329
66.0,69.83086522379529
66.0,37.338821849785916
74.0,79.20919351105641
74.0,69.74771328712279
57.0,64.44694659024537
57.0,73.65303439792137
37.0,32.84329959579122
37.0,75.07486564047827
47.0,48.33525245392275
47.0,80.01570051291225
60.0,66.60225470290573
60.0,80.97036808564735
52.0,53.314382475151035
52.0,40.96325989792257
68.0,72.06510435113472
68.0,63.532804247833894
62.0,65.14704703461598
62.0,69.09558305705264
75.0,83.47597533006774
75.0,67.60294161885633
72.0,75.42501645952342
72.0,75.37397772031971
37.0,38.88961861207059
37.0,93.90031093192147
56.0,59.12640278469439
56.0,72.51562671008162
51.0,53.63899926509936
51.0,67.65328471086963
22.0,14.200155611610285
22.0,64.58772188152426
49.0,46.23321280675765
49.0,56.99982564413068
61.0,66.05503301128567
61.0,78.63436008814051
59.0,66.34506145313202
59.0,66.78563292729109
60.0,60.46786164184675
60.0,62.415348036812475
73.0,81.77615802839955
73.0,67.19386524328553
32.0,28.16974737204032
32.0,82.71447222692876
67.0,71.5008329509871
67.0,52.20424669268965
59.0,61.195710626392554
59.0,58.08220621198831
54.0,56.33555982855427
54.0,74.57693133098167
65.0,67.82392479837233
65.0,72.28689191101824
55.0,59.67054578951547
55.0,76.31936224579727
53.0,55.44786566797933
53.0,80.90605336173314
57.0,54.849819789363096
57.0,20.311691216794202
59.0,60.372124041999996
59.0,81.8143042090627
71.0,77.02215791646609
71.0,24.44282713141149
21.0,12.214888314493294
21.0,59.03080243598879
40.0,43.07259735599746
40.0,17.95713172149493
61.0,66.30726932171046
61.0,14.261221945997306
67.0,72.68580017812667
67.0,84.05247658098881
68.0,75.03651564553923
68.0,42.24646770567938
63.0,63.83617842181644
63.0,62.50353050719781
62.0,68.05043749690572
62.0,64.14235749377679
58.0,65.11012831187946
58.0,28.640936096483927
70.0,79.10367547322323
70.0,31.788622939324796
10.0,8.070832027940867
10.0,71.1861532775489
33.0,27.365542659552716
33.0,76.89871068184777
66.0,69.38581549206646
66.0,71.07785665825696
62.0,64.13246807286731
62.0,56.2589513285908
68.0,71.65360337794408
68.0,54.489933992837905
75.0,83.53154065503122
75.0,64.92909650121777
70.0,72.5965989705685
70.0,57.59729781479126
44.0,45.547849393973195
44.0,82.13377617522133
28.0,31.169095171895663
28.0,44.31675026274212
67.0,71.7369033959742
67.0,73.4491563328773
68.0,71.95731824736691
68.0,43.17891904202219
74.0,80.86602407245346
74.0,55.04224389015815
53.0,52.95095831924186
53.0,70.49060403787439
48.0,49.25473274704365
48.0,79.68090429928588
71.0,78.97582930740037
71.0,49.792292668775815
55.0,58.71898753486721
55.0,87.67107729169692
56.0,55.27881861230958
56.0,81.4738794843579
77.0,85.08449545850175
77.0,78.91157274320807
40.0,38.71353784892642
40.0,55.27812026765389
42.0,39.3185171483413
42.0,79.59226280152922
79.0,87.4382693125408
79.0,31.218311358678193
71.0,78.34701410157271
71.0,86.88618440562277
51.0,48.42165796538865
51.0,68.86312769766403
55.0,54.79278433451867
55.0,65.21074976199588
70.0,77.96776298276615
70.0,60.76391061749257
70.0,79.06825755221939
70.0,40.05285923047944
62.0,67.42297685648174
62.0,61.718375124485306
25.0,22.23492928326067
25.0,79.61316613904756
64.0,70.11850387123155
64.0,79.96706734231964
45.0,45.82742869673558
45.0,80.43765330998752
56.0,56.701446053014195
56.0,42.981560955455734
25.0,27.737103089679408
25.0,35.4597015468147
29.0,20.124429685965083
29.0,82.50171438656781
69.0,72.44755059249167
69.0,65.32177798994388
64.0,71.80397145191358
64.0,67.65047139194456
77.0,85.25469293241667
77.0,66.91646292943523
62.0,66.46308957067362
62.0,85.34307241790447
74.0,81.0934700060028
74.0,37.041125415139106
67.0,72.82959092601055
67.0,66.85392289799563
59.0,61.487516967525835
59.0,78.32823977233335
20.0,21.60622207279272
20.0,71.58420104230066
49.0,47.22313170382904
49.0,77.11837508204457
21.0,14.995740873125726
21.0,26.946211957642788
66.0,68.29799570063778
66.0,67.81710038702062
70.0,75.98277444317262
70.0,71.23764436801281
29.0,24.669143402222574
29.0,71.94027035274979
68.0,73.02398780954059
68.0,70.44677305472209
78.0,80.72317197104331
78.0,54.70815882741317
74.0,78.78916790382834
74.0,34.28680136860402
59.0,61.44196217951617
59.0,61.04854202372002
62.0,64.19228560418884
62.0,71.84380753022754
73.0,79.93893664675073
73.0,22.377921561226458
64.0,71.41944409571886
64.0,72.888821521208
53.0,51.253348135329816
53.0,77.28522069647295
45.0,40.652943184164485
45.0,73.59098651169603
67.0,72.34951108376163
67.0,60.923199887578164
65.0,72.05261876811676
65.0,66.43526552853535
75.0,82.3462104352397
75.0,80.04631895792699
36.0,31.49192135616221
36.0,32.45974019011817
65.0,65.60488701536252
65.0,68.40942315578468
68.0,77.75257839620843
68.0,67.09887508137888
42.0,36.55955469262773
42.0,54.85198301095261
66.0,67.83913437857012
66.0,73.16077475141458
76.0,80.36198068944924
76.0,23.82877363773298
70.0,75.09185325759216
70.0,68.60770977058075
71.0,76.23112768773768
71.0,72.71418823823694
48.0,47.05839231222615
48.0,30.054975110550913
56.0,52.88059622149672
56.0,63.56562367514499
64.0,68.1933793879972
64.0,71.77844138832825
69.0,72.30702490087282
69.0,39.08322284658516
47.0,40.871836822291186
47.0,53.32753500050069
73.0,81.69172279662712
73.0,92.68135860652797
22.0,10.504539813187307
22.0,69.79742937302683
73.0,81.27239496846022
73.0,77.22873208997646
67.0,72.81916190828525
67.0,74.5064386504526
56.0,59.35939410039191
56.0,77.21969576237103
24.0,14.353880518977576
24.0,70.75176857908428
42.0,35.57446687090146
42.0,65.72612266695012
62.0,66.6571912190837
62.0,56.82559401347396
69.0,73.79321052609379
69.0,74.00670493750715
66.0,72.88547743822892
66.0,60.80427632460277
50.0,55.20630699762819
50.0,59.79654846087618
40.0,42.5693104054331
40.0,80.12127339250702
72.0,77.31333825408706
72.0,59.25358764602038
51.0,57.11798904996169
51.0,58.338811775234205
63.0,68.18316251514892
63.0,67.59255916247486
66.0,69.38733733028835
66.0,57.09773131072774
71.0,77.63781672495844
71.0,9.905740374614425
73.0,78.49971929993387
73.0,61.775177433653994
73.0,76.73534249177379
73.0,69.1047475659737
67.0,71.93103318263178
67.0,77.34060844051584
25.0,16.97811781137375
25.0,63.83397148785815
63.0,69.14497908070513
63.0,52.65013238956965
56.0,62.58975980590225
56.0,65.90009867814035
72.0,78.68181071918735
72.0,76.90101152035999
20.0,11.285175227886896
20.0,33.81441107382318
76.0,79.73966376583797
76.0,52.79522542661351
83.0,88.98952710467404
83.0,60.83877890349987
38.0,38.90522050568086
38.0,41.80969000833994
45.0,48.23295462949102
45.0,24.738568471103747
64.0,67.10095710743013
64.0,57.57357717322526
67.0,72.73480969236823
67.0,72.21233467332848
46.0,48.25541207699365
46.0,58.9718050526339
72.0,77.50752666293539
72.0,67.66135478910655
54.0,55.06922427568469
54.0,76.31112159199188
53.0,53.1913953223804
53.0,32.144430391166225
53.0,55.167131507576016
53.0,65.5110598606683
74.0,78.89829455777175
74.0,65.36387484696598
23.0,17.515684677743764
23.0,78.13115354736487
75.0,83.38810008445063
75.0,62.19685952527203
63.0,66.8853907929535
63.0,21.661412123910395
18.0,11.163763149543001
18.0,75.7508150318514
61.0,67.24853646874328
61.0,75.96986520425088
67.0,71.76186236433915
67.0,40.35457159702412
81.0,87.59658131502971
81.0,86.33212193377432
55.0,57.02479289876277
55.0,85.79162741108354
63.0,66.51649501755361
63.0,61.714602173024275
40.0,36.701402456142375
40.0,73.70335006032258
39.0,34.88033183458248
39.0,51.66133085467146
59.0,60.876324041351324
59.0,71.0761552895977
71.0,72.56006796773733
71.0,64.63381721964254
54.0,59.01973717279924
54.0,50.602957503703465
48.0,44.00228662660294
48.0,70.07718783747947
46.0,45.75246448383132
46.0,55.327841079271536
46.0,42.157803509189534
46.0,72.79303508197478
79.0,85.34184287376132
79.0,42.99752276225303
56.0,57.905565636440656
56.0,49.66101060782819
30.0,25.669484232854302
30.0,82.17174554011291
75.0,81.27654949198268
75.0,49.30373133816255
58.0,61.464716565178435
58.0,63.156402625666374
63.0,70.35093210309219
63.0,79.87848785519463
64.0,67.46835535984758
64.0,49.85972792983506
75.0,81.40858538624622
75.0,53.80884922775158
68.0,75.12156256256935
68.0,47.31328220179881
70.0,75.35150010275612
70.0,71.51962992370397
62.0,65.49735467777145
62.0,66.64963881305897
54.0,57.55316452851093
54.0,74.08262748860187
69.0,71.89363828098283
69.0,37.2759431145235
74.0,77.26997432990271
74.0,57.885786316066
67.0,73.81385730019275
67.0,63.77447191836313
65.0,70.35561946920836
65.0,66.65756111898719
64.0,66.24057937940103
64.0,70.02782352801853
34.0,30.17243923179592
34.0,62.17508958617083
66.0,69.77645582175302
66.0,80.34021693623902
63.0,67.05741762612053
63.0,87.1893710465539
65.0,67.10613639448837
65.0,62.905443087342405
73.0,80.75875343012177
73.0,53.498971580859006
42.0,38.223846751904944
42.0,34.191358166803354
57.0,61.23448478592712
57.0,24.583100664975007
80.0,89.78421645253007
80.0,80.24261169588505
71.0,76.79465228037577
71.0,62.61096500406222
81.0,89.23588171713311
81.0,29.518587837636687
70.0,72.7031641987059
70.0,51.55459100147516
63.0,67.84704104841467
63.0,65.81104563681754
72.0,80.18717704516143
72.0,64.11615112795943
83.0,93.31898056429407
83.0,82.61382909901806
62.0,66.43654704969998
62.0,61.5373256392873
47.0,47.29573627452771
47.0,42.75441704696618
27.0,18.870886734801616
27.0,53.474470393692116
53.0,54.118923897303375
53.0,66.61773765865956
63.0,69.31555532762883
63.0,84.06271827423717
75.0,82.89151348256877
75.0,69.74192108734172
66.0,73.28684964250783
66.0,64.25709769430267
70.0,76.91455859991834
70.0,41.43365387725606
37.0,33.02572403836223
37.0,52.42490866261727
48.0,42.350504817677404
48.0,66.30573031753516
68.0,75.04174086268637
68.0,77.15588569395834
73.0,79.65347785779363
73.0,55.56787492589268
72.0,76.82236415091677
72.0,78.29767455650187
58.0,62.046837006981946
58.0,70.36966736384204
74.0,82.83601318980044
74.0,68.54975657104592
43.0,43.960928999437215
43.0,64.79436826322063
66.0,71.09021113650743
66.0,66.06281933581437
43.0,38.40932130195239
43.0,80.94131239246968
62.0,65.02842656869285
62.0,72.59749341347282
55.0,58.169133843814905
55.0,66.52860505459694
57.0,55.79779945947638
57.0,71.5479077583891
33.0,37.066396575645
33.0,71.28603533373354
56.0,57.29363512178509
56.0,47.74592501622459
26.0,26.579723099635885
26.0,63.25811428338852
58.0,61.006276607056634
58.0,47.00918605183415
50.0,47.22612850867233
50.0,70.91084476405257
59.0,65.2538776438148
59.0,13.894384723130031
77.0,86.01333288178256
77.0,40.913144886845146
57.0,56.8005885546043
57.0,59.06970119587612
70.0,77.95090152099141
70.0,76.05650867238978
68.0,74.56782512416947
68.0,51.89429513892151
75.0,82.08748480618021
75.0,71.60267899816427
69.0,73.39749265761583
69.0,73.28595179732065
53.0,58.16664310998334
53.0,80.63121997846764
70.0,78.03750351909804
70.0,86.8084045419792
60.0,63.02855486570127
60.0,46.66617787293518
65.0,68.05042834822439
65.0,84.11753735652673
63.0,63.059002277478044
63.0,58.19293364187462
58.0,57.812934554608375
58.0,79.32759988482297
69.0,76.81255547349855
69.0,14.208766775822028
9.0,-1.333191625057168
9.0,6.4714785619115105
66.0,67.92083772095464
66.0,50.677188686471766
78.0,84.95164586731443
78.0,62.540221009533525
32.0,23.259603461820404
32.0,36.154373722281946
35.0,30.850999935072593
35.0,7.121929172418561
64.0,71.71467035746474
64.0,35.23307270137474
63.0,65.03408915056002
63.0,15.890312434380576
66.0,69.89036110003678
66.0,46.13297843947106
69.0,71.64650097244589
69.0,64.11407942411262
38.0,38.28504035544762
38.0,42.98518413323677
50.0,52.23377899576644
50.0,55.679659369720355
79.0,88.43810028231229
79.0,64.28490183430182
70.0,76.5397407428751
70.0,60.10383088637417
32.0,34.471498611224604
32.0,12.760088546333805
65.0,68.34236733458192
65.0,46.69267448061953
57.0,57.12086193439649
57.0,76.1008024317427
26.0,18.861908523318107
26.0,73.93826606900592
75.0,80.09102011879878
75.0,25.68768198918582
26.0,21.575070974967275
26.0,56.88513627911141
30.0,31.128964360669045
30.0,68.96489521480544
83.0,90.64268849291693
83.0,65.60770283762054
44.0,39.27522837055233
44.0,56.18755738554631
71.0,76.14267465745218
71.0,56.55378832091088
69.0,76.43364540604165
69.0,61.74060734683826
38.0,40.68286895979861
38.0,40.19159435658031
49.0,48.493215933193596
49.0,30.139687454772
78.0,85.1049709382167
78.0,74.23819034681799
71.0,73.84313437918303
71.0,89.4243247477441
70.0,76.21696054098726
70.0,68.15247901806742
63.0,63.495157172265294
63.0,47.829704369037586
57.0,55.52211868928532
57.0,65.30773410079894
75.0,79.43605481102435
75.0,66.54969970856837
40.0,37.267315659296344
40.0,80.30563134056246
25.0,19.609028681321035
25.0,72.41041180148437
38.0,32.45458842251651
38.0,8.8168368085814
22.0,7.121929172418561
22.0,80.07657682237738
46.0,44.28653409360004
46.0,26.579723099635885
38.0,33.754427103493356
38.0,74.22166523623434
69.0,77.0474418200447
69.0,39.42436870210861
68.0,71.02406285546925
68.0,41.11676475891397
38.0,33.63145451636632
38.0,62.643649706434076
63.0,64.95512599955481
63.0,72.68994203282205
73.0,79.27101985854364
73.0,62.91175395875922
66.0,71.6570939265435
66.0,77.19482156126645
70.0,73.03057794239771
70.0,66.62484537075676
67.0,71.58211211071853
67.0,54.95166059131685
72.0,80.4379589557094
72.0,82.27697781303175
66.0,67.16780992363613
66.0,68.39299560953549
49.0,51.614438670411516
49.0,67.32843112380039
56.0,58.01801011777184
56.0,31.59074268060334
64.0,67.26836509418916
64.0,67.46591324253319
82.0,88.95391554873339
82.0,77.20007623141123
37.0,43.510554549733286
37.0,71.33842281745757
68.0,71.27033912370405
68.0,57.2759717752964
74.0,80.60819970711219
74.0,74.06963702895229
58.0,61.02457286687087
58.0,32.543922354681115
67.0,68.1333896034144
67.0,34.7066204861344
45.0,49.463508384736144
45.0,56.12674992270877
60.0,64.20046305228294
60.0,54.71646821505743
50.0,49.88849393712178
50.0,68.48070580707548
77.0,82.21327929613761
77.0,77.71269119129602
17.0,17.23988647512209
17.0,24.838629585229512
30.0,27.394475303370825
30.0,44.7330522639914
62.0,62.234114896979406
62.0,79.89801613565845
74.0,80.69232355873942
74.0,60.730339724867065
64.0,69.38214795493724
64.0,65.22581665347604
54.0,59.238272469313756
54.0,56.888411946407814
57.0,58.63748936037115
57.0,8.808976190414967
72.0,77.304849296572
72.0,67.77824857564002
71.0,74.85736588966944
71.0,79.76142083787693
71.0,74.67040661471759
71.0,75.23582918748127
70.0,76.15073069292362
70.0,83.14710358659556
69.0,71.56604712095043
69.0,68.67452705599135
34.0,30.53175011489151
34.0,41.03481625297843
73.0,76.46412142548132
73.0,77.71341696599603
71.0,73.70916721677622
71.0,71.34531946413813
68.0,69.38362845823372
68.0,60.513501526975006
42.0,40.59835100107773
42.0,82.35745714364356
67.0,70.43988601133219
67.0,47.32779394936523
68.0,72.12685015921159
68.0,66.77241654305652
62.0,64.17834421554937
62.0,52.246645752453276
46.0,45.26253582942894
46.0,65.51923926387798
55.0,58.485613667156315
55.0,74.53152201024102
67.0,68.61789549974839
67.0,48.31820170627441
59.0,61.798618453910535
59.0,33.32636347003955
71.0,75.70211465638829
71.0,79.28094575506412
70.0,75.41236965025843
70.0,34.566741040228294
38.0,37.95331352781312
38.0,75.24265997983105
67.0,68.72514407892857
67.0,53.05450362745256
44.0,45.47447996283131
44.0,46.49306545259594
60.0,60.99472524968911
60.0,50.41186558813018
33.0,33.776380157841004
33.0,51.79142242708434
54.0,58.05713102832863
54.0,58.54883752898189
45.0,40.225277035415104
45.0,68.40937971223133
80.0,86.98272250048831
80.0,49.88799608981469
62.0,67.59792554316226
62.0,54.20480045074049
65.0,72.21428966705423
65.0,71.55277799239298
43.0,39.5962086630409
43.0,86.54240142527294
34.0,34.96840723768685
34.0,11.489073793925968
76.0,84.67624555153981
76.0,15.58926886456885
61.0,61.91296169411402
61.0,67.2254512723647
42.0,46.701082436977
42.0,88.5454242991496
56.0,59.33323794762322
56.0,57.863034079400165
44.0,40.58136942778759
44.0,48.48293031688547
35.0,40.9174275509497
35.0,73.451146498289
57.0,59.762725949967205
57.0,79.32304107117511
69.0,76.50491528351392
69.0,41.98018992708472
42.0,39.92634692331882
42.0,53.54071759141004
27.0,16.60587473583041
27.0,44.69086602375012
73.0,81.21443421465841
73.0,43.39481877500873
16.0,12.839124326389424
16.0,86.59534409512315
57.0,58.7267261033208
57.0,43.49420570382847
42.0,43.09365179494438
42.0,78.13791274370334
66.0,68.76313934280279
66.0,71.33602893142984
85.0,92.26695709252823
85.0,60.6564609038773
71.0,76.81108911774066
71.0,61.98641259735717
56.0,59.85889528855046
56.0,91.67349949776019
62.0,66.47455251786357
62.0,72.66252548576114
60.0,62.59147894342868
60.0,15.934992746820285
43.0,39.23208604265329
43.0,71.68325882464114
22.0,23.091896523732828
22.0,77.55947689747165
74.0,79.52847988080572
74.0,66.42297357075995
41.0,37.89367553228067
41.0,58.841296651167795
71.0,77.30526931750427
71.0,23.23639629650421
39.0,37.66565965299753
39.0,81.3376838901998
52.0,54.164511245598305
52.0,67.45555795140956
45.0,44.529577970677565
45.0,62.90896926256477
61.0,63.72400006322482
61.0,75.59587080776026
80.0,89.09635959090713
80.0,50.34889322025816
70.0,76.95254846504992
70.0,76.8554948530338
75.0,79.99699138582014
75.0,59.2864955437106
75.0,82.61034338753262
75.0,61.42064326822191
48.0,51.626864835487424
48.0,80.42925885968305
61.0,65.94173992297652
61.0,56.25953063544779
69.0,72.43994777194922
69.0,23.977424570051937
59.0,55.73991592446134
59.0,87.91226547528856
63.0,68.00159545717418
63.0,59.65672179635652
70.0,74.73449148573752
70.0,70.508534944833
63.0,66.13411847766457
63.0,40.57499728147195
31.0,23.474606074107783
31.0,59.92307851649275
66.0,73.41285164052516
66.0,66.26262536711266
68.0,74.65541418282868
68.0,40.2050083783725
64.0,65.52494264213408
64.0,38.38668799932344
59.0,59.62299951125169
59.0,24.833322697190795
58.0,59.03010764919833
58.0,51.31221063707255
56.0,57.177963963509285
56.0,59.138285657198594
64.0,63.22364755989969
64.0,55.955530945290604
78.0,84.39677461919342
78.0,31.14441507987857
24.0,24.41034422469727
24.0,67.11043722577398
65.0,68.18782145498528
65.0,57.85040415002908
48.0,45.50026828274372
48.0,46.41640203189354
37.0,38.90026576613104
37.0,42.5935645270996
81.0,84.07391714536334
81.0,43.88464472527045
70.0,77.69302367435722
70.0,34.438789952637194
63.0,64.99234469887944
63.0,73.28199670658205
74.0,79.12314428002418
74.0,63.72681346214739
77.0,84.83400224652274
77.0,71.27198553059458
40.0,37.17343441964772
40.0,35.12923885478921
69.0,76.1987037270099
69.0,79.80531572979612
82.0,89.83441194835711
82.0,5.170239472998617
73.0,83.15684609342395
73.0,29.17351211815469
59.0,61.044195858720116
59.0,57.71049002027331
46.0,44.56743319807492
46.0,78.25829058651033
66.0,69.76942174398386
66.0,78.32113765721522
42.0,40.579971349484026
42.0,72.86036716625159
22.0,5.67870877057544
22.0,70.03093070688385
70.0,78.54286029953369
70.0,50.20102784239873
75.0,85.33975943802312
75.0,64.16595078955953
59.0,62.57530493457375
59.0,16.844636791619905
72.0,75.67147559562056
72.0,63.63638727641296
68.0,71.60267899816427
68.0,52.55105968019609
57.0,61.113199474597366
57.0,78.89978149949769
68.0,73.7147384039447
68.0,65.53439826148627
64.0,66.25623878106711
64.0,69.23415930985385
72.0,77.87659385819785
72.0,91.4543380341288
53.0,48.14558298402454
53.0,55.11835691015318
71.0,78.17085257171982
71.0,79.59737808551137
58.0,64.71810241819048
58.0,55.48580493961117
45.0,49.99668234023403
45.0,39.81180080354329
66.0,69.79143932351832
66.0,22.404516852482004
78.0,83.22068928884534
78.0,40.14994341306175
51.0,55.00874513973952
51.0,61.412007525503384
65.0,68.70477377785699
65.0,65.99316041149564
32.0,23.5241465556594
32.0,35.4459741039326
41.0,39.319476358481495
41.0,38.647449144550194
62.0,65.40759469394476
62.0,63.63638727641296
50.0,50.454073401937194
50.0,44.22060788185382
57.0,62.43259186020822
57.0,91.37024704137463
73.0,77.3797926540471
73.0,60.539499517832326
60.0,65.20948147343512
60.0,77.67589358790377
66.0,73.79629781786491
66.0,62.67302695706741
77.0,85.71108497358699
77.0,79.55177996664497
69.0,74.58354566660495
69.0,79.51860501072082
64.0,69.53172257021828
64.0,66.54240182459228
60.0,65.70238472850247
60.0,43.829987526995126
27.0,28.158107914998425
27.0,44.547432131350206
70.0,73.90658802036285
70.0,76.64227869568134
67.0,69.86193432919913
67.0,72.07466217681889
67.0,69.21899452261209
67.0,62.70289834255004
52.0,51.98689748222631
52.0,59.95635653581576
59.0,65.54831775223005
59.0,74.0607172287539
53.0,51.926441046571824
53.0,75.39178281367703
81.0,87.69193303158096
81.0,59.56872099530841
53.0,57.77543569382544
53.0,54.97689889210528
76.0,84.72671882350556
76.0,71.64598195315233
65.0,69.51561118181831
65.0,74.85231662541167
59.0,60.09822953019142
59.0,78.88456618106522
38.0,43.10547618834016
38.0,48.69668420844005
75.0,77.9853212171742
75.0,85.44129536909878
59.0,60.19342814972481
59.0,49.88654339196461
55.0,55.96305664082928
55.0,32.144430391166225
64.0,66.9025978734361
64.0,84.55628837204097
27.0,20.643175917739825
27.0,71.08020416636953
70.0,75.1061001267409
70.0,74.84989095830679
48.0,46.45444386832145
48.0,66.90424146704345
49.0,45.72671329207202
49.0,75.9220073162038
54.0,54.79609630530547
54.0,68.92116799113938
76.0,81.35057621150338
76.0,46.6277577109816
54.0,48.46660342132935
54.0,69.47189702618357
43.0,46.23483313455944
43.0,67.66060058149247
75.0,81.95322563369581
75.0,80.39452754625893
58.0,66.97435371880192
58.0,62.78208951131586
56.0,56.725897606246576
56.0,72.46215241272307
71.0,77.71961811891788
71.0,84.22069415374534
46.0,41.478642322359406
46.0,56.14333715422708
59.0,59.91287009036273
59.0,72.14914825234808
72.0,75.05620030202613
72.0,73.33376976354936
52.0,52.70635125199357
52.0,71.10796091321367
80.0,87.05954396423783
80.0,33.551202325668726
68.0,71.464751342797
68.0,64.65710779683883
74.0,78.5731847045102
74.0,64.28193921353164
3.0,13.073407689937369
3.0,63.90545797145796
53.0,56.52680661779249
53.0,66.58388806950575
54.0,57.793533689257686
54.0,36.25391022658465
28.0,26.300134140595105
28.0,92.0819283982998
43.0,39.225103410497866
43.0,38.204345993572474
63.0,61.006208674501124
63.0,65.24406797578428
27.0,19.668253002974495
27.0,67.32687739314821
50.0,51.48757065459813
50.0,50.873122569713075
58.0,58.69367239974281
58.0,58.083190650538654
54.0,56.02445353191746
54.0,21.17111382199829
61.0,63.174635163937864
61.0,34.01613843595203
75.0,79.80172712192893
75.0,81.60147810927191
36.0,35.562489560173276
36.0,41.97354420999625
70.0,75.59849271454163
70.0,44.146906905825574
77.0,85.73070551786657
77.0,67.22987715405355
59.0,58.55809115607434
59.0,59.03161607243379
53.0,58.78652206851825
53.0,42.71998475245147
49.0,42.92225313819938
49.0,76.14245925663988
78.0,84.1649300553351
78.0,71.29004066466774
68.0,75.48758070070426
68.0,67.62739978094442
28.0,23.370132881765926
28.0,64.63923257010197
63.0,66.13762012925542
63.0,63.53767514024287
53.0,59.54888679881611
53.0,33.93135580049545
73.0,81.50400829685537
73.0,81.40942275614373
73.0,77.06078005124289
73.0,38.10849396516619
53.0,57.32519207694111
53.0,64.22815525772364
85.0,91.64270206234232
85.0,31.891118819300402
64.0,67.0096287027265
64.0,48.259802062981635
64.0,66.3370397304958
64.0,55.27633825908987
42.0,44.152208191552575
42.0,52.911767651589855
56.0,59.33177108419295
56.0,72.60089206792742
52.0,53.522469561001685
52.0,42.553516096827366
56.0,54.9896224391415
56.0,62.96175059467697
35.0,24.80628936576892
35.0,73.47645073616656
28.0,35.49434945124608
28.0,75.28245107009462
67.0,70.56786734392631
67.0,51.884064271482316
57.0,65.11959131714241
57.0,51.13095830462396
48.0,49.390893464273574
48.0,55.16539100049215
63.0,66.36063698488744
63.0,78.65746515935041
33.0,23.568395158160286
33.0,77.99322826566396
80.0,88.97934375485039
80.0,65.6968861011307
53.0,57.31695553713956
53.0,77.24127054728439
66.0,72.69385316101074
66.0,70.40243213092214
64.0,69.81930405514993
64.0,75.02690721353923
76.0,85.24621513774952
76.0,77.40415671372483
47.0,44.69086602375012
47.0,83.52820629851948
51.0,49.74939228819204
51.0,72.30527905351511
80.0,89.67776444735932
80.0,72.12920755132126
76.0,85.7985316217484
76.0,88.00840984910224
71.0,76.8644744681365
71.0,44.39370749739089
65.0,67.16516110413295
65.0,85.08039231250353
65.0,72.16329792185849
65.0,80.87683417769665
68.0,72.66674361448486
68.0,52.68868333584987
61.0,64.98790630544607
61.0,48.66418519801044
47.0,47.411599472080525
47.0,75.23097022490367
69.0,76.34262712951215
69.0,34.98047035959263
63.0,69.30638251036322
63.0,27.394475303370825
72.0,77.2826274646007
72.0,87.9696974650675
20.0,19.491325876179815
20.0,71.9294903905627
70.0,75.09282352003976
70.0,85.98087520000445
45.0,43.562081640867916
45.0,48.87785066895378
47.0,40.71905876595628
47.0,64.8885215052594
70.0,78.26537080875812
70.0,57.444186255588875
75.0,82.96881492773014
75.0,31.64367840585146
74.0,80.70479252402487
74.0,78.05638514602657
63.0,66.03408802739011
63.0,85.08358167082645
63.0,61.307590712745025
63.0,64.54364975858186
65.0,69.78194261739134
65.0,59.775643294273436
66.0,70.35510596797315
66.0,71.56654069418488
55.0,55.40614323774389
55.0,62.60693745047405
48.0,48.24120834804211
48.0,68.41001119875995
22.0,20.268913339244705
22.0,63.44782261773162
52.0,51.922599672313936
52.0,79.53348516108173
46.0,35.26811406606595
46.0,75.43483899759468
79.0,84.3295859830373
79.0,63.48711965570567
59.0,61.867943167438
59.0,49.19248499913874
33.0,28.324131295791233
33.0,78.17530591337152
46.0,43.09610253112544
46.0,58.66995097186981
72.0,78.44191294076808
72.0,69.64092878901073
48.0,54.1417202798674
48.0,30.98300073193451
74.0,77.49498674759207
74.0,63.143587929768444
53.0,59.884405340082026
53.0,45.555809464549554
38.0,38.64597624309653
38.0,80.37691895650818
60.0,62.13346503275892
60.0,66.31713752772345
68.0,74.18751114170021
68.0,56.05711609337294
64.0,67.75153409826135
64.0,66.87648738152967
80.0,88.22859267485825
80.0,22.366406727005483
72.0,72.88139812341012
72.0,71.70094117330706
73.0,80.170379160334
73.0,65.74430993490898
64.0,72.02264036058847
64.0,85.59392090716932
59.0,56.79935079959148
59.0,73.66340405681734
75.0,78.27060160396024
75.0,52.229626045814314
71.0,77.01854405719098
71.0,34.9018273966696
31.0,32.522427280261354
31.0,70.04048496935269
62.0,66.41206468370228
62.0,79.35684044841634
46.0,42.44071114811845
46.0,64.4631785651028
48.0,45.33869136261973
48.0,25.610166328897094
70.0,79.95755655976723
70.0,85.73569532670012
63.0,65.84776549026572
63.0,77.85531119132918
78.0,86.76991526565524
78.0,64.50111960821744
69.0,72.6633608941961
69.0,71.54432876555427
65.0,69.89814695818933
65.0,38.81135268876642
49.0,47.146463715709444
49.0,70.39147118777873
53.0,59.38496920444874
53.0,36.9484762472955
71.0,77.53442920050179
71.0,84.1628366909631
53.0,57.73060825663208
53.0,60.30648488706095
52.0,48.12565194736601
52.0,65.90666313057523
30.0,28.53467212765065
30.0,50.720602529320104
65.0,71.36057808597303
65.0,55.879101017682956
60.0,65.46731189245696
60.0,72.27426268438512
49.0,51.02790648650807
49.0,81.51127295758317
64.0,67.12650387998042
64.0,58.46247748174085
70.0,75.14909444170684
70.0,76.41939173718129
67.0,70.34450002127807
67.0,63.93859138860876
59.0,57.35582609829282
59.0,76.2137099908407
63.0,60.710521171873495
63.0,41.772799001030194
65.0,70.47636916921175
65.0,51.47341001563103
68.0,72.12312195055404
68.0,21.25340691831559
62.0,65.58314542091074
62.0,68.25750498383593
68.0,68.62511872406486
68.0,49.7018921867745
53.0,58.74548890179227
53.0,23.377713397985247
31.0,12.520170501247492
31.0,60.29590444251562
59.0,62.764702968659435
59.0,69.30035294450715
61.0,63.738519704510736
61.0,59.83647018235723
49.0,47.86016613883595
49.0,69.94695203648877
49.0,52.36213735275783
49.0,46.570512030370764
25.0,21.48785554496726
25.0,80.76732696066199
70.0,75.64079715351744
70.0,37.097984689497025
70.0,73.60566079610197
70.0,49.498372462756834
64.0,66.63119198907862
64.0,60.94872277891233
28.0,26.581100827405862
28.0,67.24883290945536
63.0,65.08128052031157
63.0,73.92820790560711
68.0,72.17323940351679
68.0,77.21785183843042
59.0,62.29617326662799
59.0,52.229346662377225
33.0,34.726787852954885
33.0,61.62466112909328
59.0,67.07813764202388
59.0,56.795886712104505
30.0,28.91468783357527
30.0,63.01548670591666
68.0,70.34879791040163
68.0,13.773128531477994
53.0,54.09543647576106
53.0,34.726787852954885
58.0,58.143566844611314
58.0,71.40947053619078
54.0,55.382297615485356
54.0,78.5805915761631
66.0,72.6296157632691
66.0,76.37385601816379
37.0,33.48201905916267
37.0,74.21981317999803
64.0,70.68181161969255
64.0,71.65360337794408
36.0,32.665035506813126
36.0,72.69048237572395
72.0,77.24657391211241
72.0,73.26922749735849
56.0,57.231399581149276
56.0,72.18377076740336
44.0,46.15980191138016
44.0,74.36354264073242
41.0,41.51780458772322
41.0,83.54504431109564
67.0,71.83117785424662
67.0,76.48955816777885
64.0,65.25831393809995
64.0,48.39368237933661
30.0,22.53818327466206
30.0,41.20301510816978
63.0,67.78557642986772
63.0,84.51114614609503
54.0,53.77335269541908
54.0,47.56801610004493
67.0,70.76620402259994
67.0,29.60771729271886
67.0,70.9503907056349
67.0,21.21444554171893
79.0,86.04471620052311
79.0,61.09646448021755
54.0,54.62450112741948
54.0,71.87200363062499
67.0,69.52435104549312
67.0,37.06797759834171
66.0,72.43707496404159
66.0,84.77474704496177
53.0,52.260762744492865
53.0,37.54608675814433
64.0,65.66388075338159
64.0,71.1344513595879
71.0,80.58626155945257
71.0,38.18811220394883
60.0,63.1839715199215
60.0,70.32149146490366
62.0,60.494730277379176
62.0,25.068444508261678
56.0,58.154948315881256
56.0,60.75420375905395
32.0,24.083989472149653
32.0,73.652944400406
77.0,81.10912742751009
77.0,67.77688230184924
60.0,60.51860989658775
60.0,25.068444508261678
71.0,77.48903330682509
71.0,59.18496082781223
64.0,68.37148257756218
64.0,84.91036211336927
32.0,27.649510439052563
32.0,59.13316537348015
52.0,50.599612350096436
52.0,62.31156203486955
50.0,50.88737936697265
50.0,80.85862209928518
60.0,63.81054754579657
60.0,65.19208174619354
51.0,58.86682260954507
51.0,46.46306959786102
11.0,6.233466992043077
11.0,54.42993136085772
68.0,74.161170873613
68.0,75.56862671376138
51.0,51.96694837928197
51.0,78.03115821618758
67.0,68.670220583039
67.0,58.792445134646925
76.0,82.3737716177634
76.0,76.92926729623963
64.0,65.76126481348933
64.0,37.46214320152211
35.0,33.40123052397587
35.0,34.3994447005968
67.0,73.56539205862435
67.0,49.390787125970974
80.0,87.69003362572437
80.0,55.62457780514433
67.0,67.85923812597918
67.0,62.27950703817777
63.0,69.57385904565513
63.0,91.79909925957276
47.0,46.382525535173386
47.0,69.67373127049109
50.0,49.98596726784751
50.0,57.07820612981874
67.0,67.3634378388258
67.0,62.72568218567693
49.0,48.65242470446623
49.0,76.95529675610015
67.0,70.84079122336124
67.0,68.87469114222654
64.0,68.40424930198674
64.0,76.65054337227843
81.0,86.90052109789644
81.0,74.48436481056319
55.0,58.467492993941846
55.0,26.44152380156629
69.0,74.69918211827286
69.0,47.45583896379753
65.0,67.93898214252835
65.0,71.16166768914951
59.0,58.24261998192753
59.0,49.73779215101473
46.0,49.45936541140537
46.0,37.16193018926316
78.0,84.18016936934106
78.0,66.02114396126836
42.0,37.82411888176671
42.0,27.487127303616035
77.0,83.57944143115498
77.0,85.8077363467832
70.0,78.40264605651214
70.0,69.79307135513864
67.0,70.2628903920679
67.0,16.60587473583041
69.0,73.7919807186114
69.0,67.10677703097383
72.0,80.61861024960609
72.0,83.35124240292146
33.0,37.430369875386475
33.0,67.78611332853421
69.0,75.97629707886756
69.0,81.78356091258047
70.0,74.93114325173235
70.0,71.48985947358477
73.0,78.79335249030493
73.0,0.39923992833325883
61.0,67.85790501178099
61.0,41.60432846894298
49.0,49.842051984564534
49.0,82.67273888787332
60.0,63.603373478001004
60.0,66.62060528045714
32.0,25.570947728815952
32.0,67.23749497193563
34.0,30.17451587418924
34.0,60.48928890124051
60.0,59.46545298998262
60.0,75.3555633696846
88.0,94.26717396532536
88.0,45.22742980815599
48.0,47.24039259587937
48.0,79.59029339692535
77.0,83.07597435411674
77.0,66.13411847766457
67.0,68.36045611294713
67.0,86.69094638232116
53.0,49.76737014903483
53.0,83.00259670609114
71.0,75.2914837045779
71.0,56.76019447158819
64.0,71.95681209626156
64.0,74.75029830069218
77.0,82.94889004797074
77.0,72.83129183664471
38.0,43.10260602169228
38.0,59.07751540510111
54.0,53.22481502982106
54.0,60.18322618977112
71.0,77.92105146331392
71.0,67.96003855053203
57.0,59.4587370947379
57.0,75.48371794147698
71.0,78.793628795443
71.0,63.96605395146548
73.0,80.9200403354489
73.0,63.7252359776694
69.0,73.54815862037339
69.0,37.45585883458733
57.0,56.96619905674271
57.0,54.039739483711685
53.0,52.3969942994554
53.0,82.26427301458756
66.0,65.79109424280455
66.0,64.9146080226019
72.0,75.31181832549402
72.0,50.54005442409249
49.0,44.33513613120044
49.0,66.5661172516206
70.0,75.39598436798832
70.0,73.38076074736
61.0,66.19079562745662
61.0,32.39255816312516
66.0,71.42123068838333
66.0,70.44195157866079
69.0,75.02452955166962
69.0,66.81507019962106
55.0,54.89640844425384
55.0,28.29522799410978
51.0,52.658462786409245
51.0,29.419848837680092
28.0,23.60334139174836
28.0,65.5831506121765
77.0,83.91661769281018
77.0,80.86867374905864
46.0,47.19614917793672
46.0,22.082263806831747
53.0,50.51178561533186
53.0,63.1985374886425
42.0,40.157558417591645
42.0,26.393492348878397
31.0,11.48694143701573
31.0,45.267035152297865
58.0,64.07394085841275
58.0,52.75547608806727
43.0,41.73415351602961
43.0,83.3674749649752
76.0,85.5244616400775
76.0,75.5595972824899
47.0,48.23295462949102
47.0,81.56907935786978
73.0,78.11387234773588
73.0,39.61663007026874
47.0,47.81087481685677
47.0,84.03488646548698
51.0,50.967341981825314
51.0,72.09438709341475
65.0,70.32268230102375
65.0,49.23117609175375
59.0,64.68977923961751
59.0,69.69624078847306
72.0,78.1246481778445
72.0,72.54501660956169
59.0,59.88939471203906
59.0,65.84234954300803
43.0,50.83957204832302
43.0,72.09558028713207
13.0,11.029799285342506
13.0,80.16362350069465
76.0,84.52725435373344
76.0,47.013317156134576
75.0,81.26969792751356
75.0,36.13733910879216
58.0,61.672624828053415
58.0,89.1419507619417
53.0,55.86548669891181
53.0,82.10955095291666
62.0,67.52110552692778
62.0,88.23570504404233
46.0,49.81935786022865
46.0,76.67664324534297
67.0,72.16846318357494
67.0,35.03554164917978
37.0,35.12035685969829
37.0,77.17964085456163
78.0,83.9065016765474
78.0,92.93791560558816
68.0,75.44350246526022
68.0,80.78490976985233
53.0,52.94966849898208
53.0,57.613835612134494
41.0,46.06019146466201
41.0,74.93165894561417
69.0,73.59535004232322
69.0,43.10260602169228
70.0,78.25880780354561
70.0,81.21498754081358
70.0,75.94494387015266
70.0,72.20030370882859
26.0,20.88847326003662
26.0,16.844636791619905
66.0,68.47510805956199
66.0,71.95678084633067
63.0,67.04962950150036
63.0,46.27918428634666
78.0,86.47005623491071
78.0,73.85394986473375
56.0,59.88231351814585
56.0,65.69111246528627
71.0,73.6836899067876
71.0,84.86222583539836
64.0,68.01965337120515
64.0,84.8512325304323
57.0,60.415127986285256
57.0,70.37251479577293
27.0,17.91691817198881
27.0,42.57583583919876
48.0,55.891592363029304
48.0,45.67416351093175
75.0,82.25391583807954
75.0,51.11495708904101
45.0,47.11776581373613
45.0,47.734520146046805
67.0,71.4941725355568
67.0,80.14315819238413
69.0,77.03903526340059
69.0,51.1325492764409
38.0,32.93456202000908
38.0,26.198171243890613
51.0,53.32140414536332
51.0,50.959137940943094
57.0,60.69780513772349
57.0,49.264440019782455
59.0,64.07936759846888
59.0,54.54461034678792
34.0,27.828863226230737
34.0,38.15951108673636
54.0,52.90475402884334
54.0,66.96926684849882
67.0,72.56381038237413
67.0,59.76754289900765
45.0,50.90604270535664
45.0,13.894384723130031
70.0,73.43620246168376
70.0,73.01998977817863
67.0,73.75079649316206
67.0,59.61062745196182
67.0,73.36449319739575
67.0,27.467284964446435
56.0,58.682033376230606
56.0,76.23698029756656
73.0,79.55862664877333
73.0,69.73513771128427
62.0,68.95546304880821
62.0,51.95971853310891
41.0,39.27508147828382
41.0,72.01039210704516
63.0,72.33108515085087
63.0,65.97118874342686
35.0,37.461537884018185
35.0,57.532759002884234
71.0,76.24356782517907
71.0,82.12377292831025
74.0,80.67743703595175
74.0,46.69267448061953
51.0,57.215191081530975
51.0,60.44348247153533
70.0,75.37665468896137
70.0,28.622069566568314
57.0,60.921776248326864
57.0,63.356421160210346
63.0,66.97365834489074
63.0,65.97373786285158
55.0,57.52586345217537
55.0,77.5328740546525
76.0,84.56610979018302
76.0,54.09373492184983
80.0,87.84609083506132
80.0,55.805058223479534
70.0,73.12038818942716
70.0,83.75333991875618
67.0,71.09987874782564
67.0,58.07011805481801
43.0,42.4593063913714
43.0,68.11562235863875
22.0,18.487487574681893
22.0,83.43994862576608
66.0,68.53459942510011
66.0,64.81779409957869
32.0,28.278557421951177
32.0,56.756979330483944
44.0,40.82106550823892
44.0,59.07953031572765
75.0,83.34958611046216
75.0,62.75880980296165
65.0,70.51769525404637
65.0,64.17721047491932
77.0,83.51158500332639
77.0,84.58167598463325
65.0,70.91961582005939
65.0,54.314868519165316
60.0,66.41710369592221
60.0,63.00113864194384
44.0,45.99524359108125
44.0,60.378535995439165
31.0,29.670839754998553
31.0,76.24177096186611
42.0,38.20115828921672
42.0,69.2465161459213
64.0,67.38355692900365
64.0,63.497382527964874
79.0,87.74814270946877
79.0,59.30098694611934
65.0,70.34325731917744
65.0,63.062994902157754
59.0,63.793620989298574
59.0,64.54686067714499
18.0,12.293709079819848
18.0,19.068214854788152
53.0,56.79503604511399
53.0,81.85231965241616
75.0,84.75193521593809
75.0,57.545280480790154
36.0,33.81441107382318
36.0,75.42151748029801
70.0,74.33905138868249
70.0,77.98988250311305
55.0,59.30144619493768
55.0,79.33126175636846
56.0,56.256477362756584
56.0,31.834033154389203
72.0,80.11627002156285
72.0,72.28700326835417
66.0,72.06771591426747
66.0,34.65575304234068
53.0,52.82239233381085
53.0,70.94500074125813
60.0,63.00935963992424
60.0,74.93981066655027
71.0,75.45029227285477
71.0,65.2865155925598
61.0,66.77710249615484
61.0,37.448668735759895
78.0,84.5133306206726
78.0,58.44275950899254
25.0,19.45685061145639
25.0,76.65579202460941
49.0,47.829704369037586
49.0,47.071517696288936
61.0,62.589286728700586
61.0,68.91672326243832
58.0,60.267481292219486
58.0,76.54093269792725
50.0,52.20131374956412
50.0,33.08843258697732
62.0,63.431717478979465
62.0,46.904469587726
43.0,40.44066522848368
43.0,27.660121766083932
48.0,55.64159129545948
48.0,46.15696737403613
65.0,70.75210551684347
65.0,40.362237581337126
55.0,57.117413705641525
55.0,50.312305555354556
72.0,73.78110853276343
72.0,54.28795763049925
63.0,67.8180155695552
63.0,52.08028143003071
60.0,57.155693637434354
60.0,73.18192681145365
59.0,59.73506999895494
59.0,36.41091014998676
58.0,59.79442175232407
58.0,72.41442772029546
67.0,70.52720817757302
67.0,31.391239523920547
76.0,80.79607154820326
76.0,67.63125519262485
62.0,65.57904437195634
62.0,77.96294486200804
37.0,37.14863091098573
37.0,59.33383503266111
76.0,82.17671903828489
76.0,69.08431907879577
76.0,82.6820993473873
76.0,50.274445050753684
58.0,58.82246625331658
58.0,61.54153391594946
60.0,61.851887410878646
60.0,25.830020291169944
32.0,29.664687166473584
32.0,50.64402931286844
57.0,61.57485350368938
57.0,19.319595742805916
65.0,67.7089190765559
65.0,75.08589938452496
84.0,90.5756784171856
84.0,40.44237697180671
52.0,57.89416649738257
52.0,39.51197200142292
64.0,66.72716565140496
64.0,75.9390306522323
69.0,75.7978843666508
69.0,37.617759975594026
76.0,84.36528378695442
76.0,46.88973507563202
63.0,68.58779756640735
63.0,42.99416144226052
25.0,17.763773196912553
25.0,43.24992022803724
61.0,66.58148721177332
61.0,32.29487721009707
34.0,36.41346308537021
34.0,73.22166722822868
56.0,60.09266970304594
56.0,83.48417383484485
46.0,46.988576331787044
46.0,65.82516445981997
55.0,54.314053678000505
55.0,72.02026159197516
59.0,60.36368240198141
59.0,68.44011565176743
54.0,56.16427365509037
54.0,45.37711752470784
57.0,61.89782647203873
57.0,75.54895895380565
61.0,67.88154305463905
61.0,-0.435696146438886
66.0,70.51399272301802
66.0,73.07561282834985
58.0,62.16906145810083
58.0,61.07376754524495
67.0,68.64191750974254
67.0,78.57445264748753
73.0,81.22525645352437
73.0,47.25806759030223
76.0,83.14050544169567
76.0,51.765544129378725
49.0,47.33829964624772
49.0,74.3412169138299
78.0,85.34318077806591
78.0,74.33931699111992
45.0,44.026260533898494
45.0,5.29573286041051
65.0,68.28874865837429
65.0,79.95203664775215
67.0,69.4031744588658
67.0,85.94281231879785
68.0,73.69993604159669
68.0,75.37820099607814
57.0,60.89176705363121
57.0,38.58929699022951
31.0,26.23513425971612
31.0,71.58754706524121
61.0,66.5231998164931
61.0,79.52416799067936
74.0,77.30963872417857
74.0,34.096961395579854
63.0,68.01821219292401
63.0,74.3312139879273
54.0,54.90478045222051
54.0,89.30717934642485
63.0,68.78955937385456
63.0,81.59867449374809
46.0,49.08331662403583
46.0,49.14143833905399
80.0,87.64179613326093
80.0,85.14607084570747
48.0,47.47951386690528
48.0,44.1671215924772
31.0,35.662196722372016
31.0,26.877062223095606
68.0,72.95819469751274
68.0,0.2357806717932931
74.0,75.53687942123645
74.0,63.66517234837113
77.0,82.41075606539351
77.0,83.9701229889925
55.0,58.18558998781032
55.0,59.36216533816321
46.0,51.62603211497628
46.0,77.05676749923543
45.0,48.85481403752124
45.0,76.6663589011219
47.0,38.36959281063508
47.0,56.142763835242306
83.0,92.12003876783848
83.0,69.78194261739134
52.0,58.13833363770266
52.0,74.13773315097922
38.0,36.27503255480377
38.0,46.04038264331268
51.0,56.05850946970776
51.0,74.91927142311602
58.0,59.889924820141914
58.0,70.0617683751401
21.0,11.752073996505203
21.0,49.133472413308255
52.0,56.26697522302959
52.0,59.88036287784922
68.0,70.89840082514695
68.0,57.89139525241279
79.0,86.25765084207785
79.0,67.07157324332996
69.0,75.81827876790936
69.0,54.552033102354756
68.0,71.71580961496483
68.0,71.63374896096013
70.0,75.37526629138699
70.0,22.491097112996897
46.0,42.68134021830514
46.0,32.32237231767806
61.0,68.02187656237646
61.0,28.29522799410978
70.0,72.65478499877429
70.0,67.6541535007716
55.0,55.11294549317677
55.0,61.41538550689222
63.0,67.82958086539185
63.0,3.9691313627311615
54.0,59.90234046199879
54.0,65.11461228988395
51.0,57.96930542540042
51.0,68.94006439607756
73.0,78.29905431953159
73.0,71.03516465384155
66.0,71.3762527386736
66.0,53.551233740525845
34.0,38.562954827046894
34.0,43.14234856341642
66.0,68.57492139500192
66.0,50.68432880534681
55.0,61.33010780479083
55.0,55.66601899986688
71.0,77.38192261672333
71.0,25.876094393973403
48.0,49.92961683239895
48.0,70.03727217297035
49.0,55.50441639109192
49.0,18.5276646803556
62.0,61.08907018290682
62.0,88.61860869572484
54.0,59.71241919284125
54.0,66.94451318440872
73.0,80.26143946955813
73.0,79.12380151727115
66.0,68.28693455200545
66.0,69.60465125064889
71.0,78.4345305571332
71.0,57.19016214632103
64.0,72.44487026706497
64.0,65.16681692453028
60.0,62.70245475336026
60.0,22.763633698344222
78.0,85.13615514444729
78.0,78.82304559829419
78.0,83.02105043928401
78.0,64.02654848041794
77.0,82.58637117427867
77.0,33.41002754191112
71.0,76.2134091459917
71.0,68.47251016652297
63.0,66.38215205568889
63.0,52.81490232800445
70.0,70.99850598939878
70.0,51.118324340279855
58.0,61.66211595804623
58.0,62.43485502802156
73.0,78.98438914426055
73.0,42.946055777639344
65.0,68.64022136001552
65.0,75.30162241023339
80.0,88.72802866094474
80.0,48.23381973809319
25.0,22.660599883147086
25.0,64.62186075741062
73.0,75.86050392747745
73.0,29.096904603364408
55.0,51.54534403845855
55.0,42.24053850146572
56.0,59.21703615345899
56.0,63.689924694234435
72.0,78.7996557893049
72.0,35.27517350590267
53.0,59.975623969325
53.0,80.07740308416703
75.0,82.08851176773044
75.0,42.50480079257352
77.0,82.81400550782382
77.0,72.4545049428279
30.0,21.817280360958364
30.0,36.863526797582495
65.0,70.490783635355
65.0,47.139813685022546
73.0,81.44745595394204
73.0,63.55035129693181
68.0,71.71237974784304
68.0,64.81567980443901
71.0,80.71459232347735
71.0,70.3119156782252
67.0,70.16227477111573
67.0,78.6178240629929
67.0,71.92451090225921
67.0,52.97460451864805
54.0,54.547527344978846
54.0,74.81094692655466
64.0,67.63495417570533
64.0,70.99130787267194
30.0,30.13982193470065
30.0,71.43812917751757
61.0,64.13785911081106
61.0,31.737801755891326
63.0,66.81005871899697
63.0,61.927043027846196
70.0,76.65835898669133
70.0,56.44986738355931
50.0,55.46640782983752
50.0,59.696135846124605
77.0,83.2611354581955
77.0,45.25415987674279
43.0,36.489449446564095
43.0,80.01609049706923
66.0,69.40414604696304
66.0,79.34790385596784
64.0,65.5782430003531
64.0,63.53615899458407
28.0,17.49240574266014
28.0,56.763397691390594
77.0,83.56772993179385
77.0,35.32092011364318
56.0,58.83506960350752
56.0,80.64656699015558
68.0,74.31552210182775
68.0,80.8467605260143
78.0,85.7287183220198
78.0,71.71280828860318
48.0,48.797090150285555
48.0,81.85101546488812
48.0,54.881100697900365
48.0,59.514702570146255
26.0,23.711771203627563
26.0,67.28610815876414
69.0,76.34077093239017
69.0,85.0510724190301
76.0,86.91868034274688
76.0,50.972269341381946
56.0,57.435313994796275
56.0,65.7232063561624
58.0,63.61780823090788
58.0,60.38273610700179
61.0,71.20683960656135
61.0,71.18412426586235
32.0,31.208151928275242
32.0,40.04150159453155
60.0,63.653993415400976
60.0,49.67492549917665
68.0,72.71630999861452
68.0,67.39800154322637
67.0,72.54477606215215
67.0,48.91226373155013
37.0,38.49757608510521
37.0,64.20237320471341
63.0,72.8960114576085
63.0,29.518587837636687
59.0,64.57503572198823
59.0,73.73793785525208
70.0,77.3696103668363
70.0,54.97251461918506
69.0,73.91334799294816
69.0,35.62190863252869
72.0,76.61014178128784
72.0,30.184953506530576
48.0,41.06560824043379
48.0,53.9418398198855
75.0,81.33832198919816
75.0,91.35065001878701
71.0,73.69429143602656
71.0,69.369791991088
74.0,76.6576485199734
74.0,53.52699153212046
72.0,78.34217468409213
72.0,71.9638085186366
63.0,70.42811822595564
63.0,63.97323734448099
68.0,75.88009844021832
68.0,41.29189488638235
66.0,72.3849435438978
66.0,82.70249752000518
55.0,58.637624462256724
55.0,18.443443247619314
79.0,87.91542737521422
79.0,65.66199406685519
57.0,60.315356207874345
57.0,63.42715447052507
23.0,18.332179010051107
23.0,87.2863693400912
66.0,69.29564992419427
66.0,54.72528978849624
69.0,75.66871133969454
69.0,76.64092118794127
38.0,27.49699038587636
38.0,71.01655129719518
58.0,59.13710473726479
58.0,68.25781179032123
68.0,72.01820616684932
68.0,71.28758973599281
70.0,74.74801134255063
70.0,23.124359954503348
74.0,78.75830190547924
74.0,24.528555597079276
64.0,69.48258022457725
64.0,47.29923923914282
38.0,38.08663516135465
38.0,74.18685338756819
45.0,47.18769020835572
45.0,37.000245940640696
66.0,67.88478841110606
66.0,76.56635381302056
51.0,52.77436747013019
51.0,82.24235429724337
54.0,51.854951283816604
54.0,43.88852242083442
68.0,75.4329067554134
68.0,75.09248686943727
75.0,80.31315287059334
75.0,67.49740278881285
61.0,61.57804039020999
61.0,73.06202821023476
67.0,74.11057269234152
67.0,16.318480768559994
46.0,47.952598659856335
46.0,51.89354401452164
39.0,38.287091288145234
39.0,79.65213231215756
59.0,62.71629018580785
59.0,71.39653285030278
73.0,79.47516315617179
73.0,2.107438248061783
66.0,71.22620343970988
66.0,66.72566394825776
66.0,69.90385606415106
66.0,66.70073419941167
70.0,75.69405277132131
70.0,83.18525438360325
72.0,77.2698032283019
72.0,27.941998829154272
58.0,58.418907714597765
58.0,71.84834901430236
63.0,69.12716337245746
63.0,66.11391676722877
35.0,32.99995928204419
35.0,-2.9835609517677995
65.0,68.37630075123218
65.0,53.88405409635823
51.0,51.76230698178563
51.0,63.66818377303662
44.0,43.4643476536674
44.0,72.23051401179924
65.0,66.94490493793597
65.0,62.84022958686194
42.0,35.50091506439702
42.0,45.65408183740351
68.0,73.82830992448504
68.0,73.89959733475365
68.0,72.34302474721721
68.0,83.26481515831779
67.0,69.53800423894074
67.0,75.69491589291619
58.0,59.429519946788616
58.0,31.689542355247795
70.0,74.51260922484738
70.0,26.1741794401662
16.0,3.9691313627311615
16.0,82.44037495167896
62.0,64.6116364808409
62.0,81.53843357606019
72.0,79.07938189105994
72.0,45.334640973514865
69.0,76.49370330039773
69.0,81.58173489763482
77.0,82.75815222941367
77.0,74.04091927816205
65.0,69.25068480888399
65.0,83.12544201923322
54.0,54.649199442700876
54.0,73.01044575895753
72.0,77.3502429650884
72.0,32.77645548476204
61.0,60.29210068615896
61.0,63.91804804860584
45.0,42.24938246188702
45.0,77.53875450330713
68.0,74.99596455623413
68.0,42.63972451170156
64.0,68.42255081771191
64.0,85.00333295707304
43.0,43.73586684076332
43.0,76.09954515180698
13.0,6.681670583218079
13.0,66.80638736379177
75.0,82.14697043575217
75.0,77.9948795572875
62.0,65.05113496824237
62.0,72.00152409002447
61.0,66.82667737035916
61.0,47.86016613883595
51.0,52.5765295134309
51.0,63.97860174504126
64.0,71.03423906834468
64.0,57.989001241758615
23.0,11.64911680613585
23.0,8.070832027940867
77.0,82.3378983437006
77.0,66.97916556814477
41.0,39.60834534705714
41.0,80.88010829124386
60.0,61.77627410050019
60.0,54.775886181223996
70.0,75.31774816492538
70.0,79.96569411336009
65.0,69.10277449022959
65.0,64.7441442556825
51.0,55.78669742054336
51.0,58.40409152622152
53.0,54.67561591929126
53.0,73.87811228356725
63.0,65.14855446472922
63.0,81.03895019440091
50.0,48.40977301876046
50.0,45.63013181381581
60.0,65.43296623031165
60.0,78.87938466921116
17.0,13.417467123830193
17.0,30.556587632087826
32.0,31.69580715102512
32.0,70.20313699981352
53.0,53.02249692468092
53.0,72.52491759377853
56.0,58.56551126261485
56.0,59.18841731066999
47.0,51.81338878664383
47.0,46.44345011225471
71.0,75.63159547381713
71.0,48.06881085452409
31.0,25.501879880458716
31.0,74.0739999147317
55.0,53.134339344380976
55.0,46.549303640841515
68.0,74.19140533147436
68.0,57.99308630605037
52.0,54.73856920484775
52.0,67.64868161120609
55.0,55.27647771757853
55.0,77.71442457943448
67.0,73.23330023609515
67.0,43.01554825219938
44.0,42.882577580860755
44.0,70.84183457261145
79.0,86.40638976844565
79.0,50.845563422958776
46.0,45.17392484917917
46.0,73.62851595974774
52.0,49.027795870056195
52.0,41.3980149731625
43.0,48.44466182836209
43.0,34.39922871284989
71.0,76.64244089615045
71.0,70.34417518537163
67.0,74.05578653588981
67.0,67.79961477348513
52.0,53.714302346848854
52.0,67.7656612495768
61.0,64.85164054231296
61.0,78.64566658005026
51.0,54.047300313636015
51.0,83.57567910405947
42.0,36.62486494894256
42.0,40.10470690408596
54.0,58.3913333284263
54.0,67.17093161107829
72.0,77.70135184619909
72.0,44.37650826414608
62.0,66.73890491881082
62.0,34.7066204861344
46.0,39.273272298386814
46.0,83.18337979381073
35.0,39.02483288994432
35.0,35.333282435786884
65.0,73.38217106373105
65.0,85.11156543174116
67.0,73.86003911852026
67.0,63.33086210370351
61.0,68.41172445915765
61.0,28.0927328649081
68.0,74.66794165453996
68.0,55.48982597383815
50.0,52.13771969452881
50.0,53.93385571257329
53.0,55.4178391326937
53.0,48.27229149850575
58.0,57.73037537951109
58.0,63.58932002821791
57.0,64.22799366132728
57.0,15.75318106271078
52.0,56.96066621518054
52.0,68.23352930542688
38.0,38.832111260710064
38.0,85.91879068798738
60.0,65.10763296722325
60.0,89.92029741777111
34.0,30.290705814760884
34.0,71.5481536351893
65.0,66.65425319726376
65.0,86.98560276744394
76.0,84.95115113926391
76.0,57.902915831942664
56.0,57.28912948541608
56.0,70.19730751330923
23.0,20.61692557296618
23.0,65.98098163656977
70.0,77.14699693580451
70.0,70.28533655265113
75.0,79.2586046187692
75.0,80.271039851571
73.0,82.25272829470333
73.0,80.25320341921054
55.0,56.4396501229744
55.0,92.63335075434418
46.0,44.963566174304844
46.0,42.177504544070814
64.0,71.03055226426955
64.0,81.48168078795999
58.0,57.53697535729691
58.0,50.866890422104575
55.0,55.36933483370416
55.0,87.33652238708402
56.0,47.5467768988122
56.0,72.16412642823258
73.0,80.07157733300659
73.0,67.75121559571636
73.0,79.1913167168749
73.0,68.68851087299038
73.0,80.79301183525524
73.0,58.25380046073701
46.0,49.2118082622805
46.0,72.91078761601835
58.0,62.489763678876216
58.0,51.9071791747341
73.0,75.99299742830948
73.0,74.55420396419373
39.0,32.299538948904
39.0,72.40772138616416
73.0,80.57352009601755
73.0,41.438931755382725
53.0,53.46091796019704
53.0,81.43348262982119
53.0,58.1655565477418
53.0,49.90122788575104
63.0,66.44190168746331
63.0,70.58375656550055
77.0,83.50038125822408
77.0,46.43034095884218
66.0,71.4548381617011
66.0,33.457478800274714
68.0,72.75876428520041
68.0,83.78931694545736
54.0,57.62833760635584
54.0,63.84864072588505
17.0,8.8168368085814
17.0,67.9465165936075
41.0,39.881119389805974
41.0,66.26686894872222
60.0,67.138600289164
60.0,20.03882336595501
72.0,80.28265001212736
72.0,85.39014715570642
54.0,52.04278443308118
54.0,86.14271897225007
71.0,75.54771239359764
71.0,40.357842735258885
79.0,87.69204579876236
79.0,47.68655495000729
63.0,70.26267051118828
63.0,71.17435119943576
69.0,76.96391815697956
69.0,58.515809232858885
31.0,24.954193951969728
31.0,20.16046901658791
50.0,45.179480363100424
50.0,61.78295124372005
54.0,54.13191361868593
54.0,40.59835100107773
77.0,82.98364560717255
77.0,81.43355177134305
48.0,50.38425057100642
48.0,51.98689748222631
46.0,43.03306481232073
46.0,62.95310168701451
69.0,72.90903072954029
69.0,54.27286013135898
60.0,68.04329254599361
60.0,63.63417161367545
32.0,34.359935690518796
32.0,73.41917291948448
41.0,36.15853654589415
41.0,70.37935109379015
77.0,83.69358628152088
77.0,51.44222486323156
22.0,18.446804901762505
22.0,67.63267677120405
70.0,74.82893152143083
70.0,86.71028222856478
74.0,81.86764411329818
74.0,75.5044392118283
51.0,55.86543053217031
51.0,35.23726482110425
65.0,70.2765408990316
65.0,80.19223229205573
72.0,76.06520642153356
72.0,71.64523018534874
69.0,72.33733301857188
69.0,68.81717248969102
25.0,21.026073632063117
25.0,82.29396539113412
55.0,61.61878210593295
55.0,61.42849838904158
62.0,64.88802438567535
62.0,77.88023347918846
82.0,87.01608081551376
82.0,82.18172614479732
44.0,35.15232379025281
44.0,45.994960105561404
74.0,76.92407865115297
74.0,41.78431480230637
21.0,13.737230402461876
21.0,71.45655704395841
75.0,78.44908236132761
75.0,63.35794479454444
33.0,25.26519530724414
33.0,75.38720118466813
64.0,72.1706204347172
64.0,63.49142425788796
67.0,69.21901887469016
67.0,73.03475069141223
58.0,61.77616569458439
58.0,70.82205302240436
45.0,45.85014460158283
45.0,64.32855415360626
72.0,81.729988217494
72.0,57.25984915839206
39.0,41.438931755382725
39.0,63.0311283051625
60.0,65.10763296722325
60.0,65.74193873486195
66.0,70.33079290960518
66.0,62.256591708886674
62.0,66.81623973632924
62.0,37.036372405537065
68.0,74.0825293818271
68.0,76.28375721585633
67.0,66.6016539432701
67.0,35.5301890253736
74.0,78.35886631882033
74.0,79.91463282546789
51.0,48.20938962105049
51.0,79.83610195562989
72.0,76.00791312389839
72.0,83.97742155980029
58.0,62.07258129313061
58.0,65.91100033121495
68.0,72.73960576906751
68.0,73.3175395884075
64.0,65.91229768328031
64.0,87.31093781217396
63.0,63.57856478023206
63.0,54.87471172511954
66.0,67.14627728593888
66.0,66.6383528781347
65.0,66.86630651122022
65.0,83.94553559975219
62.0,66.20964476255602
62.0,65.22711425111726
51.0,53.70547322468974
51.0,76.23931765076651
50.0,49.28344505486507
50.0,17.933214629841018
74.0,78.99269590644951
74.0,24.13908090946643
34.0,31.035097788124176
34.0,73.46129836811139
77.0,86.6109500086485
77.0,67.1582695926187
65.0,70.26037852730309
65.0,85.36361171694716
25.0,21.032630927655532
25.0,46.88973507563202
58.0,61.529229052676044
58.0,33.23325251432732
67.0,73.71414316941087
67.0,9.63490132831862
47.0,52.96600643313786
47.0,63.28865990525168
60.0,65.64289161911995
60.0,12.111025659569918
56.0,60.53209684481732
56.0,37.72917462284852
21.0,20.311691216794202
21.0,66.89202324048358
45.0,43.00454188936186
45.0,53.20248809361243
51.0,52.07060966667217
51.0,38.00156228488913
64.0,65.97258645926695
64.0,43.349402050751564
73.0,78.45449164486553
73.0,67.80107414798437
53.0,56.311087805413024
53.0,78.93753428593965
73.0,79.38692156234089
73.0,69.45913996785748
64.0,69.7137653810288
64.0,14.208766775822028
47.0,44.7550001137418
47.0,71.64051112760791
72.0,75.43464099523152
72.0,55.82865353746371
71.0,77.07103228996766
71.0,62.715797996091794
32.0,35.676499001743764
32.0,42.227717151233094
67.0,72.01379349847474
67.0,66.34852669044159
69.0,74.73042857877516
69.0,37.58526067622154
36.0,37.163580551211226
36.0,19.700460934343425
23.0,12.067980908673917
23.0,65.15358830106072
61.0,64.09975188159387
61.0,83.39369030544202
56.0,60.534012137108675
56.0,69.7391071044911
62.0,68.56694655067662
62.0,57.17523393728999
54.0,60.63101435486095
54.0,42.61641673110415
62.0,65.36313361243015
62.0,57.470958033556826
68.0,73.77839318315927
68.0,68.76055910584341
29.0,25.22319960616437
29.0,69.85777550256961
27.0,21.575070974967275
27.0,91.4817253017435
72.0,76.90693007638333
72.0,48.1868961143108
78.0,84.6812183703567
78.0,62.80951593340728
65.0,72.45845722103718
65.0,74.17870546777664
58.0,61.90087334010428
58.0,83.7524137228329
48.0,48.42870015540416
48.0,36.403157631811325
75.0,80.2493959983006
75.0,66.98262928015447
47.0,44.23379497031573
47.0,77.60197599106795
45.0,45.84351194113134
45.0,66.757414647946
62.0,63.03063749611124
62.0,44.53087716643108
